5.63571 1
6.75142 1
7.7991 1
-0.828156 1
3.90294 1
9.58456 1
4.9935 1
4.7442 1
0.983059 1
6.71463 1
5.96867 1
5.25287 1
5.36394 1
7.6823 1
3.65269 1
6.94706 1
9.42254 1
4.56111 1
5.33596 1
9.09858 1
4.53034 1
5.65276 1
6.00468 1
2.70989 1
8.85899 1
1.30797 1
3.90476 1
4.29195 1
6.70744 1
5.13711 1
3.32377 1
2.52568 1
8.32408 1
6.7222 1
6.44015 1
5.79127 1
5.31935 1
12.1129 1
3.12455 1
-0.924591 1
5.19147 1
9.98212 1
6.86559 1
6.6992 1
5.04565 1
5.13373 1
10.0546 1
5.80889 1
5.22094 1
6.05517 1
3.23075 1
6.3251 1
6.73546 1
9.98064 1
5.38751 1
8.88006 1
2.79672 1
6.2773 1
8.20586 1
1.44545 1
2.31258 1
5.10693 1
4.99955 1
6.53428 1
5.56031 1
7.06857 1
-0.1543 1
5.94137 1
5.44579 1
5.95057 1
8.38921 1
8.42906 1
0.503491 1
4.71505 1
12.3737 1
6.11403 1
5.52995 1
6.94731 1
8.25128 1
-1.12554 1
5.53879 1
6.91753 1
7.85888 1
1.65933 1
4.12258 1
5.04466 1
4.70293 1
5.31016 1
9.10451 1
1.43096 1
3.36132 1
5.38445 1
7.42352 1
8.30529 1
2.87283 1
3.31225 1
5.75782 1
2.28123 1
5.08095 1
6.77609 1
-4.45766 1
0.0601313 1
8.54947 1
4.09728 1
7.14431 1
8.58162 1
8.21165 1
3.40721 1
5.11251 1
3.39772 1
12.9678 1
5.66107 1
6.55505 1
5.15348 1
2.48405 1
8.76243 1
11.3127 1
10.8009 1
7.25078 1
4.73182 1
-2.82311 1
3.91022 1
1.88634 1
2.53855 1
1.186 1
7.10905 1
5.05188 1
4.94395 1
8.03941 1
1.41861 1
8.87231 1
5.17397 1
3.63446 1
7.45433 1
8.4852 1
0.424512 1
8.27132 1
9.13728 1
2.95836 1
4.25659 1
14.2072 1
3.95365 1
2.51077 1
5.96687 1
2.6852 1
10.5245 1
6.87227 1
7.69964 1
3.19119 1
6.13756 1
10.68 1
9.18836 1
1.65173 1
7.21141 1
8.24571 1
5.15652 1
1.90907 1
5.61926 1
2.5582 1
6.03414 1
2.79372 1
6.42258 1
7.74456 1
5.92959 1
1.75362 1
7.61714 1
7.38407 1
-4.68681 1
4.40718 1
2.61981 1
6.47985 1
11.6594 1
4.38156 1
2.69198 1
6.53591 1
6.32817 1
5.37159 1
5.05364 1
3.34162 1
1.87934 1
9.38825 1
5.03753 1
4.1345 1
5.16554 1
0.649562 1
9.7721 1
4.32953 1
-1.2294 1
4.15249 1
12.6762 1
0.949078 1
-2.00206 1
-2.42976 1
3.9911 1
5.40415 1
6.23671 1
4.5241 1
2.66969 1
12.2679 1
5.0542 1
7.76252 1
2.64788 1
10.9155 1
8.74906 1
6.0243 1
5.28782 1
5.6313 1
7.83688 1
4.37882 1
9.99718 1
13.0971 1
4.66393 1
-0.323604 1
6.16598 1
8.50219 1
-0.297496 1
2.87938 1
3.79486 1
3.32661 1
-1.07268 1
4.80771 1
4.67131 1
8.00537 1
8.46234 1
2.92503 1
4.63901 1
-1.26659 1
3.67924 1
4.69957 1
3.80272 1
13.1522 1
7.67453 1
6.24536 1
3.15336 1
1.07239 1
6.82935 1
4.72205 1
1.51723 1
12.6386 1
10.1922 1
2.83212 1
-1.64862 1
4.84829 1
8.33739 1
6.49568 1
7.88949 1
9.50716 1
5.61196 1
-0.881011 1
8.12411 1
10.352 1
7.24116 1
4.97665 1
6.63584 1
4.76992 1
4.51257 1
0.518574 1
5.51668 1
4.46872 1
6.64505 1
-1.44908 1
10.2332 1
0.267992 1
7.00795 1
6.55864 1
2.87755 1
7.54042 1
8.31114 1
0.517036 1
-3.70957 1
5.36109 1
5.16926 1
2.37188 1
14.0971 1
4.58373 1
8.40161 1
7.35979 1
-3.01446 1
4.05402 1
6.76989 1
1.59964 1
6.47361 1
5.01025 1
-2.01194 1
7.15709 1
4.64359 1
2.74163 1
6.18528 1
0.92672 1
4.79669 1
13.418 1
5.44091 1
7.12455 1
5.34629 1
-0.797837 1
-3.33135 1
3.98227 1
0.179365 1
3.18318 1
8.29935 1
7.40081 1
6.81756 1
6.47658 1
4.80146 1
3.11206 1
6.75828 1
8.07138 1
11.3902 1
11.7448 1
5.55683 1
6.5308 1
2.43705 1
1.17589 1
5.39153 1
3.45178 1
5.39655 1
4.98733 1
2.13821 1
-3.82001 1
3.47247 1
-4.77645 1
7.65355 1
6.49457 1
5.84289 1
6.38927 1
5.01153 1
7.28244 1
5.15324 1
14.4571 1
5.43539 1
6.4781 1
11.9209 1
4.32726 1
2.72407 1
3.85448 1
6.44763 1
4.98124 1
3.34016 1
3.53704 1
12.6651 1
5.84977 1
8.27112 1
4.15628 1
8.55113 1
7.98065 1
2.86033 1
-3.87299 1
9.07092 1
3.77458 1
13.9184 1
4.41475 1
4.06106 1
5.06945 1
3.28968 1
3.4875 1
4.98264 1
5.35979 1
6.6388 1
6.84669 1
6.92499 1
3.37936 1
10.9321 1
10.3445 1
0.492318 1
6.34844 1
8.04419 1
3.88889 1
-0.646748 1
7.20232 1
-0.435644 1
9.60211 1
-1.31564 1
6.00587 1
6.5093 1
-1.54706 1
6.56744 1
4.83141 1
5.81132 1
1.93442 1
5.9582 1
3.05816 1
6.28832 1
7.19067 1
4.19363 1
5.67704 1
6.43565 1
5.55414 1
5.60838 1
1.27159 1
1.58884 1
7.00146 1
3.32362 1
3.38311 1
3.42841 1
4.92772 1
7.26838 1
3.78395 1
5.78084 1
3.72007 1
7.88416 1
3.32139 1
-1.95789 1
2.8142 1
5.25179 1
5.1113 1
4.12411 1
14.4329 1
4.735 1
2.14396 1
8.17892 1
-2.10473 1
4.85084 1
11.8447 1
12.5466 1
6.3412 1
1.79779 1
8.86174 1
1.72965 1
-1.72767 1
4.11802 1
1.78625 1
5.30118 1
2.97622 1
10.6933 1
10.6168 1
5.36848 1
11.5352 1
2.58968 1
6.21283 1
7.44579 1
4.88279 1
7.88057 1
-0.125625 1
4.05323 1
7.39533 1
4.42102 1
9.4957 1
1.77743 1
6.52166 1
2.88248 1
4.58723 1
-1.01384 1
1.08308 1
4.89326 1
4.88485 1
5.24162 1
6.82042 1
-0.980284 1
13.5182 1
9.89959 1
-0.982001 1
3.01462 1
5.57486 1
9.07661 1
5.98555 1
6.38277 1
1.29817 1
8.05868 1
9.61062 1
8.10702 1
6.38953 1
7.62337 1
7.79542 1
4.86236 1
3.46074 1
6.86653 1
2.81517 1
9.62966 1
10.807 1
4.65109 1
6.18533 1
4.41088 1
-4.62553 1
6.15712 1
6.72514 1
-0.10074 1
5.10827 1
-2.76527 1
3.35861 1
3.92714 1
5.96861 1
8.00076 1
3.78881 1
4.93978 1
5.98541 1
6.55891 1
8.00195 1
9.24853 1
5.46311 1
5.31255 1
8.59895 1
-2.36753 1
12.7769 1
6.44675 1
1.61635 1
5.48665 1
8.22555 1
5.52057 1
3.10762 1
6.98169 1
2.02379 1
8.0433 1
0.772023 1
4.9081 1
6.14436 1
7.36863 1
3.76387 1
9.85811 1
4.4441 1
4.8058 1
2.64932 1
2.01971 1
5.04114 1
7.65112 1
4.8757 1
4.15184 1
6.65052 1
11.6832 1
5.96589 1
8.27718 1
9.91342 1
4.12151 1
13.5014 1
6.15854 1
8.03407 1
4.38864 1
5.09649 1
3.32467 1
9.16355 1
0.0721718 1
2.24739 1
1.73265 1
6.30608 1
6.98648 1
7.66903 1
3.69833 1
7.62214 1
2.48462 1
3.45275 1
-1.22435 1
0.500776 1
8.63011 1
4.82699 1
4.47246 1
3.36912 1
6.25613 1
8.56054 1
5.68105 1
1.37622 1
13.5642 1
-1.70543 1
5.00382 1
3.4838 1
7.10992 1
-4.82247 1
4.31983 1
9.34978 1
3.10759 1
3.65941 1
10.0624 1
5.89447 1
14.1147 1
8.75784 1
5.82232 1
3.41555 1
9.47053 1
7.10126 1
4.47604 1
8.01007 1
5.52961 1
2.13246 1
4.46463 1
6.54566 1
-0.743514 1
7.48985 1
3.9548 1
8.81599 1
11.3142 1
-4.56772 1
2.39538 1
10.1577 1
-0.565164 1
8.23221 1
1.96268 1
0.491473 1
1.44292 1
8.58319 1
4.3814 1
5.11833 1
4.25196 1
4.81185 1
8.88667 1
-1.65338 1
5.27393 1
6.31483 1
5.43343 1
5.38325 1
5.50921 1
7.40752 1
6.47712 1
1.80508 1
6.72345 1
-0.0721193 1
8.41351 1
7.77606 1
9.23104 1
1.38911 1
6.76328 1
7.98456 1
3.2774 1
4.03519 1
2.96138 1
6.1171 1
5.98735 1
3.50439 1
4.40451 1
13.7511 1
3.3733 1
-3.4802 1
9.89875 1
2.15096 1
1.96644 1
1.61199 1
5.67494 1
-3.15016 1
7.03272 1
6.38315 1
1.40076 1
7.59357 1
-3.26151 1
5.41972 1
0.213097 1
3.39338 1
3.91049 1
4.39999 1
8.10418 1
9.61069 1
6.11648 1
5.90368 1
9.7019 1
-3.23271 1
4.51278 1
5.13919 1
8.02983 1
-4.4566 1
1.06398 1
8.49368 1
6.12905 1
4.47519 1
5.43712 1
4.34971 1
2.68215 1
14.2595 1
6.01857 1
5.07982 1
4.36143 1
8.03881 1
2.72462 1
1.46576 1
5.35569 1
6.82481 1
6.56869 1
4.14212 1
6.79999 1
-3.7995 1
11.5265 1
6.67973 1
3.39861 1
4.78454 1
-4.56812 1
1.5515 1
3.42633 1
5.35799 1
4.07788 1
4.58728 1
4.5291 1
1.5285 1
6.13002 1
6.11349 1
3.54999 1
4.27776 1
1.39053 1
6.72273 1
5.95463 1
8.89481 1
6.53519 1
5.61332 1
-4.87796 1
7.94034 1
5.88745 1
-0.626131 1
6.85027 1
6.19513 1
9.3129 1
14.3447 1
8.17019 1
1.38769 1
6.30258 1
-1.89524 1
5.98559 1
3.06752 1
10.3358 1
-3.93743 1
6.18735 1
-2.67915 1
6.11942 1
5.736 1
9.24649 1
2.36527 1
2.60511 1
11.8051 1
5.92127 1
3.62491 1
11.5284 1
9.82104 1
10.8134 1
5.42626 1
6.89022 1
2.36486 1
1.26175 1
1.44219 1
3.37788 1
7.05992 1
11.77 1
4.76741 1
5.05307 1
6.22459 1
0.662308 1
7.53311 1
2.99519 1
5.07758 1
6.44608 1
6.49331 1
0.763761 1
9.45062 1
6.74916 1
2.79066 1
7.25537 1
4.98724 1
6.31965 1
5.57023 1
2.78808 1
8.35399 1
3.8828 1
7.42172 1
5.71547 1
2.81197 1
9.32639 1
9.60776 1
11.6892 1
3.95133 1
3.45217 1
3.13168 1
3.99336 1
6.3722 1
7.3732 1
8.98762 1
6.69794 1
9.01966 1
5.39007 1
4.90701 1
7.02057 1
2.50644 1
6.28856 1
6.31444 1
4.79423 1
5.53126 1
6.38738 1
2.55951 1
6.04222 1
4.83356 1
4.92342 1
3.96051 1
6.0986 1
5.55708 1
-0.217388 1
1.13493 1
5.99194 1
8.02506 1
9.53003 1
6.43094 1
4.02106 1
2.93647 1
2.77095 1
4.5033 1
7.02254 1
1.99969 1
-3.21945 1
7.27121 1
7.33325 1
4.6586 1
-0.267561 1
8.23753 1
8.26465 1
3.49811 1
5.49434 1
0.0639541 1
6.08884 1
6.04781 1
9.29397 1
0.342301 1
6.04412 1
14.5986 1
9.23601 1
7.25234 1
6.35946 1
5.82757 1
4.21504 1
12.6425 1
5.6463 1
5.30162 1
5.08259 1
3.99395 1
7.56132 1
9.75994 1
1.3104 1
3.99323 1
3.99078 1
5.71948 1
6.80496 1
6.05126 1
0.83154 1
5.15332 1
6.82506 1
3.65486 1
8.44752 1
8.1779 1
12.1492 1
6.55014 1
-4.02477 1
1.49665 1
1.69481 1
5.0901 1
5.67373 1
3.45637 1
-2.38521 1
6.83718 1
6.34531 1
4.74793 1
11.148 1
5.44836 1
3.7002 1
-4.04943 1
-0.331268 1
-1.68209 1
8.57941 1
5.90848 1
3.76617 1
12.7551 1
-0.496143 1
2.97599 1
3.68025 1
3.0694 1
5.57045 1
-2.85685 1
6.24098 1
7.78483 1
5.34929 1
4.1734 1
1.37514 1
5.27239 1
7.78626 1
2.4584 1
2.22201 1
7.41705 1
12.4451 1
8.95552 1
3.16056 1
-0.869051 1
10.3487 1
6.72106 1
8.4313 1
8.09053 1
11.2544 1
6.90163 1
2.68607 1
0.47899 1
8.02218 1
3.89537 1
9.644 1
6.01664 1
2.17406 1
2.35659 1
5.42096 1
4.3657 1
5.47667 1
2.67016 1
3.11603 1
3.92142 1
8.1813 1
12.2005 1
2.16947 1
1.47768 1
2.40422 1
4.09157 1
13.494 1
1.20266 1
10.1376 1
4.70098 1
10.1005 1
6.44015 1
-1.67815 1
0.785746 1
4.98183 1
7.74392 1
3.62949 1
3.45066 1
-2.3045 1
4.35372 1
10.0178 1
3.06655 1
1.80081 1
6.59858 1
6.15322 1
3.52332 1
8.12461 1
1.24709 1
7.64656 1
5.58042 1
4.13417 1
5.20605 1
11.1244 1
5.99324 1
-3.57532 1
6.37441 1
7.85877 1
2.33125 1
5.1961 1
12.7938 1
5.45181 1
6.70505 1
7.31804 1
8.17104 1
2.28485 1
4.03853 1
2.70374 1
5.98847 1
5.9925 1
0.779897 1
5.34105 1
2.91661 1
4.2086 1
4.82341 1
7.92855 1
6.53441 1
3.25665 1
10.2511 1
3.48842 1
12.8868 1
4.06758 1
1.96067 1
7.58443 1
4.81608 1
10.03 1
11.6277 1
3.88646 1
3.88913 1
4.92418 1
4.62981 1
7.72776 1
9.95573 1
5.21866 1
8.48054 1
4.45351 1
7.48148 1
6.5493 1
11.6244 1
8.99979 1
5.93714 1
3.93808 1
4.16005 1
3.5081 1
8.60856 1
-4.87538 1
3.98891 1
4.30239 1
6.37835 1
3.61574 1
-0.0831862 1
4.52819 1
11.2497 1
12.7113 1
5.59669 1
-2.28683 1
5.85839 1
4.20184 1
10.0957 1
8.7721 1
3.18637 1
1.98678 1
-4.22541 1
4.91285 1
3.63766 1
6.95747 1
3.75851 1
4.72912 1
7.09206 1
8.88547 1
8.33462 1
4.68842 1
13.1135 1
-0.149828 1
5.93324 1
8.33322 1
4.88917 1
6.61328 1
2.88493 1
10.333 1
-2.61599 1
2.83271 1
8.09621 1
4.98388 1
11.4424 1
5.01746 1
4.81845 1
5.27652 1
6.14731 1
-0.651168 1
3.44994 1
12.9409 1
3.67142 1
5.38795 1
2.89246 1
12.5013 1
4.35365 1
12.7267 1
1.6042 1
4.41958 1
8.60303 1
4.36631 1
8.88878 1
-0.670407 1
6.88982 1
0.20639 1
6.57817 1
5.84231 1
3.5287 1
9.22503 1
0.471974 1
3.94072 1
4.18482 1
-1.51996 1
1.56703 1
8.88245 1
8.89961 1
7.26938 1
5.91459 1
3.83942 1
2.02077 1
7.26117 1
5.4683 1
4.54066 1
7.50577 1
3.10786 1
2.27363 1
5.61473 1
1.14181 1
4.60698 1
6.80591 1
5.1295 1
3.27439 1
8.59746 1
4.08257 1
5.28576 1
5.83309 1
7.04211 1
3.58531 1
3.1553 1
5.03914 1
3.91168 1
-3.79696 1
12.4571 1
2.51721 1
3.96108 1
8.52557 1
8.09613 1
10.7126 1
4.2944 1
5.63312 1
-1.35503 1
-0.0229428 1
6.19789 1
3.83175 1
8.8168 1
4.60404 1
1.77896 1
8.34243 1
9.05029 1
5.93997 1
4.36034 1
6.26545 1
5.07076 1
4.94722 1
11.6257 1
2.34312 1
6.43694 1
-0.0224386 1
7.23512 1
9.06424 1
6.45006 1
6.39545 1
5.8647 1
11.5656 1
6.06101 1
2.73408 1
9.03756 1
4.57475 1
3.63267 1
3.41811 1
8.21795 1
5.9104 1
7.9141 1
6.07544 1
1.59587 1
-0.643978 1
11.4002 1
5.42641 1
0.973648 1
11.3177 1
1.52742 1
0.525577 1
9.52444 1
5.42358 1
12.6464 1
6.09582 1
-1.68558 1
4.38555 1
6.74919 1
7.73218 1
4.45957 1
6.15733 1
6.35818 1
3.57976 1
3.88968 1
8.90864 1
-1.80099 1
2.0573 1
6.81446 1
5.86726 1
-0.359822 1
6.7542 1
4.67732 1
12.2241 1
7.07419 1
0.790528 1
5.66957 1
7.72366 1
9.73287 1
6.11107 1
3.06148 1
8.94116 1
5.97974 1
5.72575 1
3.16976 1
3.51596 1
5.06988 1
7.88493 1
5.21573 1
6.04194 1
7.22195 1
3.57383 1
5.07334 1
5.6034 1
5.487 1
4.72185 1
-4.86604 1
6.65986 1
-1.14122 1
5.97994 1
6.19073 1
9.86901 1
10.069 1
4.83025 1
6.77901 1
-1.05503 1
0.230797 1
6.88919 1
3.69904 1
10.5757 1
3.76554 1
0.331948 1
14.2681 1
3.08482 1
4.4236 1
-2.13789 1
4.6203 1
8.58719 1
6.25828 1
10.3579 1
2.71837 1
9.63269 1
6.51256 1
2.73859 1
6.35051 1
12.8123 1
4.16228 1
3.4758 1
3.29426 1
1.20469 1
5.44735 1
2.87996 1
0.906118 1
3.28581 1
12.9655 1
-2.23753 1
4.21082 1
6.41115 1
6.80197 1
2.07124 1
3.19854 1
4.56307 1
11.3022 1
4.615 1
6.18842 1
6.79923 1
9.72962 1
5.30619 1
6.85855 1
3.04076 1
-1.64103 1
6.06774 1
3.77502 1
3.46543 1
5.44307 1
6.89638 1
13.4564 1
3.62556 1
6.89071 1
2.97739 1
5.98047 1
7.54812 1
7.78914 1
8.56494 1
7.31663 1
10.8047 1
1.6537 1
-1.4191 1
3.99198 1
5.24245 1
7.04735 1
0.595278 1
0.0708656 1
5.98905 1
7.51965 1
6.52793 1
5.35699 1
2.91171 1
6.72652 1
8.06782 1
4.25453 1
10.2271 1
9.20457 1
4.84103 1
7.32978 1
5.68235 1
1.02653 1
9.73424 1
7.49869 1
2.22286 1
5.53481 1
-0.745343 1
8.2005 1
4.36062 1
9.46194 1
4.31926 1
1.67849 1
8.04574 1
6.5397 1
5.59522 1
6.78139 1
10.0496 1
-1.39606 1
7.57638 1
4.8418 1
5.20599 1
6.20529 1
6.53299 1
6.38438 1
5.20768 1
4.99501 1
4.70377 1
2.21287 1
6.06406 1
7.41924 1
8.25561 1
5.36412 1
14.0204 1
4.61756 1
3.14351 1
7.07482 1
9.17493 1
7.34697 1
4.81696 1
6.63938 1
3.39819 1
0.685754 1
6.2614 1
4.2774 1
6.23427 1
0.996618 1
3.50427 1
7.05141 1
3.22529 1
8.65008 1
-4.59892 1
9.10738 1
10.5337 1
12.5952 1
4.05731 1
9.1142 1
-1.30812 1
5.66055 1
6.22389 1
5.18103 1
-1.96504 1
12.5719 1
5.48568 1
0.195196 1
5.70191 1
5.32549 1
6.52761 1
4.10037 1
-0.879931 1
4.64027 1
5.66597 1
5.58 1
8.35723 1
4.7521 1
0.367657 1
-1.02072 1
13.4587 1
7.04282 1
6.75745 1
-2.27798 1
1.70158 1
-0.821299 1
4.65249 1
11.0669 1
-1.62822 1
7.63637 1
5.56344 1
6.4073 1
6.14543 1
10.9423 1
5.42669 1
3.52617 1
4.73436 1
8.05918 1
3.32381 1
-1.65349 1
12.4174 1
4.95194 1
1.29468 1
7.78647 1
7.98886 1
1.77832 1
7.41363 1
4.9056 1
8.9231 1
3.57167 1
8.31387 1
10.0954 1
4.73296 1
5.78899 1
7.97336 1
6.83009 1
4.30885 1
3.3563 1
2.56366 1
4.24944 1
0.747934 1
0.505075 1
6.27584 1
6.41919 1
3.07151 1
3.83975 1
4.81862 1
1.52114 1
6.59847 1
2.53523 1
7.68619 1
2.27776 1
9.7575 1
6.77672 1
4.01643 1
3.80872 1
3.87831 1
9.08451 1
7.11432 1
13.1999 1
5.93541 1
2.864 1
2.15163 1
10.4176 1
8.27264 1
1.29489 1
3.35609 1
3.10301 1
5.81126 1
4.86749 1
5.15486 1
0.611839 1
9.81096 1
4.38024 1
4.75086 1
-0.257986 1
1.26252 1
3.46417 1
7.708 1
1.77904 1
7.62958 1
1.19599 1
6.00987 1
13.0336 1
7.39067 1
4.49708 1
-4.28295 1
7.91845 1
6.61615 1
3.13841 1
2.61584 1
4.14515 1
5.06009 1
-2.16948 1
4.74042 1
7.30366 1
5.77422 1
7.21898 1
5.60802 1
5.15487 1
-4.4828 1
10.8826 1
3.65828 1
2.78603 1
3.86133 1
4.67691 1
9.82179 1
5.28373 1
5.76683 1
1.37001 1
2.72074 1
-0.398371 1
9.3614 1
3.94668 1
3.82735 1
-1.72431 1
-2.2868 1
7.43912 1
4.8297 1
8.77013 1
9.65834 1
4.098 1
5.39085 1
2.78406 1
7.3207 1
5.43086 1
8.7013 1
10.0898 1
5.70103 1
6.10703 1
8.56791 1
8.70288 1
1.06083 1
3.95879 1
0.341974 1
5.61119 1
5.82031 1
12.7041 1
12.1349 1
10.7649 1
1.6653 1
7.56273 1
7.59045 1
6.31101 1
6.08379 1
9.98165 1
6.99668 1
7.90523 1
7.86544 1
6.87991 1
8.0398 1
7.36207 1
4.08877 1
6.55463 1
1.49126 1
7.88643 1
1.87922 1
5.21436 1
10.5987 1
4.49474 1
7.79982 1
-3.42156 1
1.30524 1
9.23958 1
6.14946 1
5.51463 1
1.02594 1
9.27914 1
9.18486 1
11.7548 1
6.3563 1
13.2441 1
6.86612 1
-1.89674 1
9.12943 1
13.0535 1
5.58971 1
4.08683 1
3.8606 1
2.20549 1
7.45472 1
-0.876167 1
4.89179 1
5.72 1
7.68058 1
8.09952 1
13.0528 1
1.92821 1
3.78655 1
6.15246 1
12.172 1
6.3064 1
6.11457 1
6.74067 1
8.43132 1
5.92942 1
7.67063 1
-1.00944 1
3.53835 1
4.13181 1
4.63745 1
5.69422 1
12.6431 1
3.68045 1
4.08265 1
14.5322 1
14.0319 1
3.53394 1
9.4085 1
3.93041 1
0.223924 1
3.0139 1
3.26224 1
5.12758 1
5.99489 1
3.33576 1
4.00911 1
7.79128 1
1.91377 1
11.5798 1
6.82331 1
6.44026 1
7.39383 1
5.27673 1
2.82855 1
5.50603 1
-2.89917 1
1.02235 1
9.47499 1
-3.55944 1
4.24403 1
5.86337 1
8.06715 1
8.40507 1
10.1663 1
7.20222 1
2.5389 1
7.31432 1
6.27106 1
6.05262 1
6.28624 1
5.54679 1
4.79755 1
-4.20819 1
8.28072 1
3.49493 1
5.14285 1
3.813 1
3.80457 1
1.77402 1
9.88924 1
7.76666 1
5.00706 1
4.90655 1
6.3857 1
3.39853 1
6.19094 1
5.65047 1
7.3758 1
-0.33142 1
3.34956 1
-0.987555 1
5.236 1
9.02087 1
5.72711 1
-4.28888 1
7.69142 1
9.0402 1
4.4227 1
-2.94669 1
4.84473 1
3.90382 1
7.62585 1
5.72368 1
-3.89506 1
4.03 1
-3.25939 1
6.92381 1
5.61866 1
2.06505 1
11.0303 1
1.75725 1
4.78131 1
-1.87876 1
6.68038 1
6.07531 1
6.26829 1
3.33553 1
8.40041 1
0.468435 1
5.45938 1
7.32153 1
4.06795 1
3.57326 1
5.8041 1
2.49773 1
3.22067 1
4.58934 1
3.54545 1
4.44783 1
5.88841 1
5.21664 1
7.53666 1
6.36638 1
0.941381 1
5.88608 1
6.51194 1
-0.859535 1
3.85879 1
1.88401 1
5.59318 1
-0.548519 1
0.711479 1
-0.643497 1
7.80008 1
4.39876 1
5.10915 1
3.79614 1
6.71478 1
7.23139 1
3.89801 1
3.59285 1
7.14012 1
1.86613 1
8.51109 1
5.56604 1
3.47403 1
2.47589 1
4.22612 1
4.73507 1
10.7556 1
5.48966 1
3.83731 1
7.74858 1
5.61446 1
4.61881 1
9.89668 1
6.09761 1
2.62139 1
7.82321 1
13.9608 1
5.15221 1
5.23919 1
6.63925 1
14.8403 1
6.17242 1
9.62938 1
4.02499 1
3.26714 1
2.53978 1
4.96529 1
2.24815 1
3.72289 1
5.44316 1
4.40281 1
-2.79911 1
9.30972 1
2.34026 1
1.45977 1
6.04795 1
-1.24583 1
5.80717 1
7.21373 1
5.20105 1
9.69127 1
7.3873 1
8.42469 1
4.42566 1
2.40038 1
1.37226 1
4.88924 1
4.10617 1
0.97298 1
8.22959 1
7.5197 1
6.2644 1
3.12043 1
10.0323 1
10.8286 1
1.03192 1
0.284841 1
4.79486 1
4.77956 1
8.52533 1
2.75005 1
5.38177 1
7.84667 1
5.54868 1
5.90861 1
7.76117 1
4.52593 1
2.8205 1
5.75479 1
2.92213 1
3.2428 1
2.62946 1
4.84114 1
6.66773 1
5.36149 1
6.89376 1
5.37848 1
5.10749 1
8.66663 1
12.009 1
4.80668 1
-1.58492 1
5.97755 1
8.19685 1
5.68953 1
3.26943 1
2.76845 1
5.7505 1
9.36288 1
9.67511 1
11.8967 1
8.07895 1
7.22234 1
6.39262 1
5.67176 1
5.64702 1
3.03969 1
-0.338337 1
4.10942 1
6.41297 1
3.27525 1
8.98097 1
3.99488 1
-3.60433 1
3.85485 1
-0.110322 1
4.72322 1
8.59046 1
5.25139 1
1.19752 1
4.32828 1
4.99055 1
7.96402 1
3.46158 1
3.59052 1
4.78864 1
11.7409 1
6.60824 1
1.34491 1
10.0013 1
0.353592 1
2.23324 1
5.38471 1
5.78626 1
4.08315 1
11.8119 1
13.7148 1
4.48502 1
4.9821 1
7.98954 1
4.60673 1
9.90132 1
13.203 1
3.44569 1
4.14891 1
7.74361 1
-2.10723 1
4.52675 1
9.30704 1
4.15899 1
5.57507 1
5.89521 1
13.1445 1
4.71767 1
6.44483 1
4.47769 1
1.80272 1
6.36367 1
3.44189 1
5.7387 1
3.14413 1
12.8625 1
4.28537 1
5.1381 1
5.98531 1
-0.570908 1
5.92218 1
6.14646 1
3.65299 1
6.63943 1
2.22263 1
7.28168 1
-0.391645 1
4.05922 1
5.25697 1
3.89771 1
3.26028 1
-4.50962 1
5.83033 1
11.3161 1
6.13685 1
6.18973 1
4.75769 1
10.0825 1
3.92744 1
12.3201 1
9.2371 1
11.301 1
2.2333 1
2.46595 1
5.67125 1
4.67859 1
4.15763 1
4.54093 1
2.36154 1
5.22193 1
1.94941 1
3.68137 1
7.09348 1
12.8678 1
4.8132 1
5.70224 1
11.8434 1
5.24228 1
7.23128 1
4.59245 1
4.29112 1
1.80744 1
4.62426 1
7.86624 1
3.85617 1
-1.60777 1
1.08677 1
7.71583 1
4.36099 1
-4.33502 1
0.968269 1
8.70547 1
3.31298 1
5.61967 1
6.2991 1
4.13043 1
4.30591 1
4.8776 1
3.43544 1
5.61257 1
-2.61033 1
7.78524 1
6.84348 1
5.68626 1
-3.09336 1
0.413325 1
2.74221 1
0.874317 1
4.68407 1
2.64409 1
4.83806 1
-2.47728 1
8.44468 1
4.823 1
3.70765 1
4.47024 1
2.01287 1
4.97899 1
9.67568 1
4.04577 1
13.3626 1
7.00829 1
6.8629 1
8.92123 1
5.49686 1
2.18924 1
3.9578 1
4.1595 1
3.06392 1
-1.25779 1
0.0261258 1
9.30492 1
5.22727 1
4.34668 1
-1.07553 1
9.94594 1
6.77477 1
6.08335 1
9.41996 1
4.92189 1
1.93062 1
6.40246 1
12.1039 1
1.63923 1
1.9972 1
9.58998 1
3.34885 1
3.02335 1
8.23081 1
2.7679 1
4.40674 1
5.04498 1
9.15911 1
7.03305 1
5.29856 1
6.88988 1
11.0787 1
-0.760356 1
7.33586 1
7.45715 1
13.348 1
5.3682 1
7.93522 1
6.1936 1
-2.07376 1
6.13573 1
5.88426 1
3.29213 1
5.4903 1
7.7137 1
14.7654 1
2.7847 1
7.40466 1
1.71042 1
5.62889 1
1.38045 1
1.97608 1
7.17215 1
6.61093 1
5.63504 1
6.43515 1
8.13908 1
6.34546 1
7.25892 1
11.2906 1
7.0203 1
6.06822 1
5.86676 1
4.17695 1
9.43638 1
13.5731 1
0.542501 1
5.09419 1
6.93738 1
4.3964 1
4.49636 1
4.60842 1
7.33009 1
2.19298 1
4.39847 1
8.87786 1
-1.20607 1
13.9631 1
5.90012 1
4.57758 1
8.19922 1
5.65564 1
1.3514 1
5.90267 1
5.10452 1
3.86849 1
4.25262 1
4.79862 1
-2.18412 1
8.81219 1
13.8643 1
9.20198 1
11.3941 1
8.70472 1
3.02399 1
12.2527 1
6.12319 1
8.64092 1
8.43788 1
8.61298 1
1.29903 1
-2.33297 1
7.61653 1
1.18729 1
0.0049538 1
6.20672 1
5.90377 1
5.24667 1
3.86795 1
5.42779 1
8.97669 1
11.2405 1
2.29432 1
9.13355 1
3.04071 1
3.43664 1
5.02754 1
6.70628 1
4.79382 1
5.17847 1
4.99425 1
3.60235 1
5.88674 1
7.18998 1
10.7073 1
13.8082 1
4.42655 1
2.23051 1
1.198 1
6.60566 1
5.90967 1
9.24141 1
8.61574 1
6.60188 1
4.20715 1
8.65652 1
2.34017 1
3.89262 1
1.22942 1
4.74277 1
4.0865 1
3.01889 1
6.3344 1
5.35272 1
6.68792 1
4.33146 1
3.16337 1
7.35276 1
9.49661 1
6.44145 1
1.83299 1
5.92234 1
8.37971 1
1.445 1
6.32234 1
5.52341 1
4.14534 1
9.82767 1
2.10362 1
2.96052 1
6.83863 1
4.61961 1
3.0993 1
8.75969 1
5.74713 1
2.61018 1
3.68348 1
4.01453 1
0.263436 1
6.47667 1
7.98514 1
3.30965 1
4.35413 1
6.52861 1
7.36422 1
-0.359753 1
4.65518 1
2.1472 1
5.25653 1
3.78156 1
2.13491 1
6.23582 1
3.97283 1
2.82196 1
0.00579876 1
6.80377 1
9.37806 1
5.53759 1
4.93606 1
5.13326 1
6.36016 1
2.68935 1
7.05394 1
6.05275 1
5.60135 1
5.15445 1
7.70995 1
6.89361 1
-1.0815 1
4.3904 1
-0.145408 1
3.28386 1
4.04941 1
8.91378 1
0.329889 1
5.86328 1
5.86213 1
4.80994 1
3.45619 1
7.8877 1
14.3095 1
7.93978 1
1.26869 1
-3.02914 1
13.0158 1
6.68052 1
6.55083 1
11.0517 1
3.87587 1
5.27115 1
1.99705 1
5.51625 1
6.82617 1
7.26844 1
7.27486 1
10.2763 1
8.93823 1
6.74852 1
9.90799 1
3.96604 1
12.1857 1
6.0559 1
9.08628 1
6.32647 1
4.34048 1
6.19644 1
6.43041 1
3.58961 1
8.33625 1
10.2795 1
7.5636 1
4.6529 1
6.19276 1
5.33313 1
1.35404 1
4.62667 1
4.26008 1
11.5228 1
5.76503 1
6.26745 1
6.76066 1
5.60212 1
5.87935 1
11.3078 1
3.79226 1
3.11972 1
6.26551 1
4.37095 1
0.785987 1
4.36146 1
7.49377 1
4.19964 1
9.69237 1
3.62006 1
3.9225 1
14.2008 1
3.75763 1
5.96931 1
12.074 1
6.26991 1
9.10726 1
9.18166 1
4.53552 1
6.41192 1
0.513978 1
8.21675 1
3.98717 1
3.06517 1
3.03329 1
4.23382 1
8.64364 1
1.5037 1
6.21183 1
2.92809 1
7.41504 1
4.35859 1
7.82837 1
3.96028 1
2.10764 1
3.95817 1
3.18343 1
4.39553 1
5.46958 1
5.24389 1
14.5911 1
6.15382 1
7.75723 1
3.25468 1
4.70319 1
3.70809 1
4.13593 1
8.27524 1
-2.45625 1
4.72827 1
5.94531 1
-2.75312 1
8.29403 1
6.52677 1
8.0819 1
3.62649 1
11.8043 1
-1.8184 1
5.93048 1
1.86094 1
5.9798 1
6.45161 1
3.23896 1
3.00429 1
14.7257 1
6.04109 1
5.63731 1
1.0381 1
5.76654 1
0.67689 1
14.7881 1
6.80031 1
4.62809 1
6.4214 1
5.11196 1
9.20044 1
6.26394 1
3.39768 1
5.28867 1
6.25501 1
2.76655 1
7.2627 1
7.93314 1
8.37888 1
4.89219 1
7.05782 1
12.8899 1
-1.07044 1
1.81299 1
3.25233 1
6.18502 1
-2.13305 1
2.68886 1
3.58476 1
2.78075 1
6.46017 1
5.15025 1
2.95457 1
7.75819 1
5.32862 1
6.09291 1
2.59348 1
5.83307 1
4.12494 1
13.4885 1
1.55699 1
2.62442 1
-2.2246 1
5.40034 1
7.06231 1
2.62735 1
4.74015 1
4.32669 1
6.4852 1
-2.30355 1
11.6837 1
6.32473 1
4.91172 1
4.68972 1
8.71197 1
6.66919 1
-4.56152 1
4.19728 1
11.8579 1
10.9979 1
8.1161 1
6.73705 1
5.33891 1
-1.0632 1
14.0584 1
7.92821 1
6.41282 1
7.85615 1
4.97268 1
-2.02444 1
5.39074 1
9.80701 1
10.7089 1
4.34457 1
3.74653 1
4.46965 1
0.344262 1
7.38364 1
-0.00101662 1
3.27303 1
4.27172 1
4.12171 1
13.2332 1
2.06841 1
2.43495 1
9.40688 1
4.16812 1
4.08759 1
7.18311 1
3.8222 1
8.35198 1
3.77041 1
5.5123 1
8.69115 1
12.7995 1
7.76372 1
3.67661 1
4.52798 1
6.61288 1
6.90521 1
5.55757 1
9.90846 1
6.18343 1
6.39664 1
2.99088 1
0.918034 1
5.6641 1
8.33933 1
-0.271166 1
3.42522 1
6.23987 1
2.17335 1
3.32188 1
8.2817 1
6.53527 1
5.56287 1
1.54196 1
8.15889 1
7.62193 1
3.29441 1
6.05331 1
8.34778 1
4.34835 1
2.77715 1
1.76232 1
7.45763 1
6.16149 1
5.30606 1
1.57841 1
0.0330885 1
4.93185 1
2.23764 1
3.80051 1
14.8148 1
12.0705 1
4.46094 1
3.59099 1
7.09573 1
2.8124 1
0.564671 1
8.79128 1
8.55541 1
3.77842 1
4.59455 1
7.59432 1
3.84847 1
4.12654 1
4.24832 1
3.66101 1
2.72917 1
2.31369 1
6.76585 1
6.29294 1
5.81551 1
8.16374 1
5.5404 1
3.04327 1
3.73224 1
4.6223 1
6.52794 1
4.92152 1
3.52053 1
6.15004 1
-0.770255 1
5.85871 1
4.3962 1
4.23833 1
5.50807 1
2.84285 1
10.5428 1
5.97015 1
-3.41914 1
5.92475 1
7.34704 1
4.69912 1
2.17748 1
6.5296 1
6.56782 1
4.6669 1
-4.49263 1
0.364708 1
1.69637 1
3.64547 1
5.2631 1
3.39555 1
8.94803 1
9.81919 1
3.69323 1
5.97367 1
12.5382 1
7.45473 1
3.63667 1
6.61382 1
5.00663 1
4.87999 1
7.83633 1
4.76554 1
6.35253 1
10.8508 1
14.5499 1
4.6188 1
2.94582 1
3.50789 1
5.85839 1
7.1427 1
-2.7237 1
-0.688172 1
-2.5342 1
7.47918 1
5.25849 1
5.46354 1
10.8636 1
4.82084 1
-0.0922962 1
2.26825 1
12.337 1
3.84439 1
7.7746 1
2.00185 1
8.36771 1
11.336 1
3.11573 1
3.67168 1
4.11777 1
4.91822 1
5.98692 1
4.06276 1
4.13789 1
9.64376 1
6.16019 1
5.82257 1
3.31761 1
5.44112 1
7.83085 1
3.17547 1
5.86897 1
5.73693 1
8.24456 1
3.58384 1
3.29577 1
5.41955 1
14.7728 1
7.76545 1
5.44334 1
5.48637 1
4.76669 1
2.93589 1
3.4516 1
7.59989 1
7.15471 1
6.21306 1
2.75513 1
5.29416 1
12.7348 1
6.57113 1
1.73742 1
4.50828 1
3.27587 1
6.88472 1
2.39445 1
5.89298 1
-0.43878 1
7.36359 1
8.39771 1
3.147 1
8.38573 1
10.1619 1
10.3391 1
12.9217 1
9.41292 1
3.34962 1
5.50883 1
7.00053 1
10.0569 1
-4.44236 1
7.83435 1
9.68701 1
3.66017 1
10.7666 1
3.46472 1
12.2228 1
5.85087 1
7.09593 1
5.13045 1
3.35311 1
4.77268 1
8.85413 1
5.60457 1
6.69451 1
7.65733 1
11.8365 1
6.92373 1
7.64154 1
6.68992 1
8.79347 1
4.22642 1
3.06472 1
3.47758 1
6.46118 1
11.0941 1
5.94822 1
3.62146 1
5.22268 1
4.2374 1
3.15124 1
9.47724 1
7.45416 1
6.07793 1
12.2511 1
5.72667 1
-0.331239 1
11.2801 1
9.89783 1
4.09495 1
8.60306 1
6.57481 1
0.120479 1
5.75138 1
9.64381 1
5.70011 1
-0.157624 1
6.37973 1
10.4798 1
3.77944 1
6.21679 1
11.2318 1
8.02551 1
-1.934 1
-1.19011 1
13.013 1
6.07248 1
9.58305 1
3.61808 1
-4.6308 1
7.87906 1
6.23198 1
6.25518 1
5.85908 1
4.71093 1
5.41824 1
-3.84407 1
5.10526 1
0.385694 1
2.39345 1
-1.06069 1
7.86408 1
2.90271 1
3.89449 1
6.37361 1
5.34308 1
8.27456 1
6.66342 1
12.5724 1
-2.48094 1
6.19504 1
9.00054 1
5.61635 1
-2.71812 1
7.52336 1
5.98233 1
5.70859 1
4.18454 1
6.38208 1
6.12116 1
5.49386 1
-3.96267 1
6.59288 1
5.34879 1
-1.74696 1
-2.61354 1
7.26523 1
8.84448 1
7.06464 1
6.86495 1
5.13581 1
10.3482 1
6.70734 1
-0.573608 1
5.39214 1
-2.63837 1
6.38968 1
2.4955 1
2.90626 1
4.49503 1
5.68295 1
8.68991 1
5.55618 1
9.31626 1
6.13424 1
3.5109 1
4.20242 1
5.30947 1
4.06506 1
9.50583 1
3.50026 1
5.95743 1
6.45472 1
13.6686 1
10.192 1
6.25264 1
6.57738 1
11.78 1
5.187 1
2.31281 1
4.24954 1
6.2414 1
3.91634 1
3.84376 1
4.57056 1
4.23826 1
6.14683 1
7.4998 1
4.34742 1
10.0107 1
8.46766 1
5.752 1
8.76772 1
8.33302 1
10.7116 1
2.65469 1
11.0047 1
6.40655 1
6.99808 1
0.316248 1
4.36651 1
6.42172 1
-0.403102 1
6.43842 1
3.39701 1
3.51391 1
2.63508 1
3.70147 1
0.137847 1
6.36184 1
10.8431 1
9.06614 1
2.65579 1
4.82153 1
8.03579 1
5.32439 1
-2.77595 1
7.93722 1
5.67717 1
4.92825 1
4.73828 1
7.65365 1
6.0541 1
3.64543 1
2.95396 1
2.28984 1
6.50204 1
4.49501 1
9.36199 1
3.18803 1
5.46133 1
3.51439 1
6.75066 1
8.27871 1
5.10844 1
4.12737 1
-2.75049 1
5.91099 1
13.8346 1
3.18397 1
3.8646 1
5.18779 1
6.62035 1
6.81544 1
6.95574 1
-0.620949 1
10.0199 1
4.76333 1
13.9539 1
9.98735 1
6.38426 1
3.94349 1
12.1083 1
4.56751 1
-4.46556 1
1.68751 1
5.83079 1
5.17931 1
4.61202 1
5.35261 1
5.88428 1
8.86631 1
6.40457 1
5.46803 1
6.75525 1
9.26995 1
5.95014 1
12.5702 1
5.88602 1
-1.78701 1
2.86606 1
5.15878 1
5.20145 1
7.52454 1
13.6714 1
8.02689 1
9.97196 1
5.09551 1
9.27265 1
3.26675 1
7.09569 1
5.60364 1
0.846636 1
-0.841446 1
3.72929 1
7.59578 1
14.8563 1
1.31407 1
5.95795 1
4.71553 1
10.9097 1
4.20706 1
-2.03667 1
4.71066 1
5.17864 1
4.97566 1
2.93082 1
4.81069 1
1.2015 1
5.06244 1
8.15225 1
3.00687 1
4.44473 1
5.94829 1
6.2982 1
3.39416 1
8.08178 1
0.483334 1
10.6697 1
7.00106 1
1.02031 1
9.56624 1
0.710161 1
7.19817 1
8.06169 1
7.64585 1
3.06968 1
4.7873 1
-0.959092 1
4.19139 1
5.25311 1
8.48509 1
10.659 1
0.0681678 1
7.08354 1
5.36373 1
2.58552 1
2.67977 1
3.02934 1
9.97127 1
3.25614 1
1.27849 1
9.90529 1
6.98423 1
-0.10743 1
6.64974 1
9.1014 1
5.54811 1
5.18766 1
-0.39471 1
3.50641 1
6.57072 1
7.31732 1
10.3625 1
-1.16779 1
13.0812 1
0.470645 1
2.73421 1
3.81492 1
-0.663991 1
10.8804 1
7.42061 1
5.72474 1
9.64492 1
6.09566 1
1.35419 1
7.89518 1
3.8462 1
1.32176 1
-0.0911564 1
3.23092 1
3.16174 1
6.17233 1
7.75601 1
3.01807 1
-2.66591 1
10.584 1
0.0709779 1
3.96176 1
6.25375 1
3.7122 1
5.58212 1
-3.40655 1
5.66646 1
3.20364 1
5.16154 1
4.61305 1
6.883 1
3.20381 1
0.830113 1
5.23768 1
5.84186 1
8.13978 1
5.65614 1
3.06443 1
2.64543 1
2.84039 1
-0.559477 1
4.50062 1
5.22013 1
7.16179 1
7.81565 1
3.4473 1
6.04988 1
-1.32555 1
5.44567 1
6.27374 1
4.69552 1
5.38685 1
2.05833 1
6.14482 1
5.52898 1
-0.385587 1
1.97251 1
6.07315 1
5.97075 1
-3.89226 1
0.0535614 1
-3.4271 1
6.84084 1
9.40824 1
-1.52973 1
4.12005 1
7.45966 1
8.56869 1
6.1435 1
3.7444 1
1.24476 1
5.68223 1
-1.24029 1
2.80201 1
0.394439 1
1.02176 1
7.25133 1
5.44759 1
0.965615 1
3.53634 1
4.27761 1
5.20253 1
4.65395 1
4.78293 1
2.93682 1
8.7857 1
12.1813 1
2.02799 1
1.30505 1
6.80236 1
7.36864 1
5.51768 1
10.4691 1
8.16617 1
7.00563 1
-0.988156 1
-0.336444 1
-1.27503 1
4.98615 1
1.6661 1
7.86989 1
9.0357 1
1.26276 1
-1.53201 1
6.72215 1
2.57301 1
4.31397 1
4.64366 1
0.627525 1
10.2674 1
6.14414 1
5.60698 1
5.23801 1
7.38673 1
6.53339 1
3.64711 1
2.70978 1
6.65686 1
6.79109 1
3.22092 1
5.57366 1
8.33268 1
5.56329 1
11.8782 1
5.0822 1
4.81821 1
4.44727 1
2.51733 1
2.56326 1
4.94454 1
6.77284 1
5.96642 1
12.7413 1
5.10335 1
5.42906 1
3.37864 1
8.27928 1
8.83675 1
-4.06959 1
5.58459 1
7.56951 1
4.70065 1
3.60785 1
4.2657 1
7.0186 1
6.25901 1
1.29961 1
6.63085 1
1.04782 1
7.17322 1
3.70675 1
7.14486 1
10.2176 1
5.56276 1
4.47713 1
3.03026 1
2.86676 1
-1.17197 1
5.4426 1
10.3932 1
4.58371 1
12.4317 1
5.66879 1
6.58427 1
2.06261 1
0.158475 1
7.47606 1
5.83161 1
4.92164 1
1.84521 1
2.65023 1
4.759 1
4.13628 1
5.19108 1
9.11916 1
3.39716 1
4.36458 1
5.52673 1
5.02142 1
3.79807 1
3.95955 1
7.55685 1
5.04015 1
5.40348 1
4.44586 1
2.39184 1
5.10944 1
2.63491 1
5.09241 1
0.844649 1
5.55136 1
12.0694 1
5.98465 1
1.88139 1
3.96264 1
10.8762 1
1.32873 1
4.63423 1
8.16284 1
2.18631 1
0.673181 1
-2.73238 1
5.39424 1
6.76546 1
2.9262 1
2.67848 1
9.64222 1
3.22117 1
6.32311 1
4.28027 1
4.04574 1
7.8762 1
0.971398 1
4.92404 1
4.71369 1
4.96011 1
7.44033 1
7.16638 1
12.1737 1
4.45516 1
12.7151 1
11.327 1
1.54205 1
3.58918 1
4.24733 1
4.31719 1
2.12581 1
5.19094 1
6.03607 1
2.23857 1
5.13529 1
-4.16175 1
3.60989 1
12.171 1
7.05417 1
4.84496 1
5.84899 1
4.3871 1
-0.614087 1
7.43687 1
6.68553 1
7.09711 1
3.5821 1
10.6422 1
7.8616 1
5.17864 1
14.7124 1
8.59278 1
14.0977 1
5.37157 1
0.0813559 1
7.28664 1
12.5968 1
2.85306 1
-1.04924 1
2.83101 1
6.59279 1
5.60295 1
7.6332 1
1.46446 1
-3.16316 1
-2.99236 1
5.90643 1
4.10238 1
7.84148 1
3.5131 1
6.37418 1
5.3926 1
5.80752 1
7.28278 1
2.38202 1
11.6241 1
6.61184 1
5.27058 1
0.845999 1
2.37398 1
9.2336 1
6.12077 1
6.53401 1
5.76506 1
3.44425 1
6.60281 1
3.62158 1
4.51878 1
3.78141 1
4.6845 1
7.52184 1
7.91463 1
4.3088 1
7.20032 1
9.58089 1
7.3413 1
0.940545 1
2.3517 1
5.20011 1
5.23722 1
4.99852 1
6.77495 1
-2.38147 1
4.44438 1
0.581427 1
5.52404 1
2.99006 1
2.7975 1
3.11809 1
6.74125 1
4.9072 1
14.7182 1
7.99034 1
-4.22931 1
5.16908 1
14.1986 1
-1.58124 1
7.09294 1
12.134 1
9.75132 1
1.48636 1
2.60374 1
4.98636 1
8.54904 1
4.94731 1
4.97815 1
5.35917 1
3.8483 1
3.56088 1
0.26031 1
7.54131 1
7.38844 1
4.05808 1
7.90279 1
14.2184 1
2.81757 1
10.779 1
5.75114 1
4.33714 1
-0.787824 1
7.78131 1
-4.03722 1
4.36983 1
12.6523 1
14.7989 1
11.0991 1
11.9146 1
4.47759 1
7.40734 1
2.10285 1
3.68219 1
7.17473 1
6.76927 1
4.5066 1
2.90839 1
5.36155 1
5.37999 1
4.99826 1
-0.846959 1
8.26848 1
6.66318 1
4.86195 1
2.44468 1
7.80175 1
5.68626 1
6.22501 1
4.11487 1
11.1187 1
8.09073 1
3.55008 1
-1.87584 1
6.82729 1
1.25754 1
5.4744 1
4.40154 1
3.05261 1
12.0966 1
5.77136 1
7.44104 1
-0.535277 1
5.79427 1
8.137 1
0.00728286 1
0.741053 1
0.691606 1
2.73868 1
4.49944 1
3.50762 1
8.00952 1
6.62962 1
1.77452 1
5.86523 1
5.88868 1
4.75974 1
6.66037 1
6.40467 1
3.49176 1
3.01413 1
5.77662 1
13.3734 1
5.5389 1
9.09644 1
5.87849 1
7.7456 1
4.30321 1
4.96828 1
5.21103 1
-4.70495 1
3.84579 1
6.75253 1
2.90041 1
5.43068 1
1.46761 1
11.5176 1
11.0117 1
3.97096 1
3.29972 1
1.47179 1
6.90444 1
4.33574 1
1.82586 1
2.82132 1
3.75237 1
5.30803 1
7.15155 1
-4.26158 1
5.35863 1
3.50784 1
5.30366 1
8.21261 1
12.6613 1
5.96871 1
1.25577 1
9.87226 1
4.81887 1
8.97631 1
3.97718 1
12.3915 1
-0.100995 1
3.75498 1
11.7985 1
6.76719 1
-2.00511 1
6.28357 1
0.299842 1
1.32078 1
4.64705 1
5.33805 1
8.22099 1
3.27933 1
1.30207 1
4.70697 1
2.07289 1
7.31392 1
10.3683 1
4.2739 1
5.06465 1
4.3109 1
-2.97616 1
4.84205 1
3.38988 1
13.0358 1
5.05176 1
-1.46493 1
4.85247 1
6.22841 1
4.82401 1
9.86291 1
4.91212 1
5.13782 1
2.20209 1
9.32648 1
0.804363 1
-1.06708 1
7.57119 1
5.3458 1
4.87646 1
2.67903 1
3.70812 1
4.39004 1
4.15919 1
4.31395 1
5.04694 1
4.78951 1
14.0744 1
4.30725 1
5.3567 1
3.16042 1
5.3597 1
-0.638802 1
3.43252 1
3.40665 1
3.26427 1
-3.33311 1
1.97936 1
6.3502 1
-0.351741 1
-2.28909 1
4.33456 1
2.75514 1
2.71666 1
4.73973 1
12.738 1
5.61325 1
6.9572 1
-0.379332 1
-0.325718 1
7.82999 1
3.8398 1
-0.339959 1
6.93232 1
3.05772 1
5.10271 1
3.29867 1
2.17673 1
0.829067 1
6.20583 1
4.6999 1
4.74504 1
6.18928 1
6.04795 1
3.52453 1
-1.66969 1
6.84091 1
4.83717 1
6.17918 1
0.413899 1
6.71518 1
-1.12712 1
5.80716 1
8.90685 1
9.80527 1
4.0812 1
4.73631 1
2.82049 1
0.0488961 1
3.27434 1
6.90351 1
2.44155 1
9.26769 1
3.92617 1
7.45358 1
6.69285 1
9.65249 1
4.43688 1
6.29852 1
-1.23345 1
8.70222 1
4.25616 1
2.14888 1
9.21769 1
5.16806 1
4.46754 1
5.85861 1
9.35979 1
3.73518 1
11.0694 1
5.14966 1
4.18039 1
6.32856 1
2.75683 1
4.9944 1
3.58295 1
8.43199 1
7.68531 1
5.01482 1
11.0515 1
4.81231 1
2.76259 1
3.80074 1
-3.46835 1
7.79231 1
6.19675 1
11.1306 1
6.64271 1
8.13467 1
6.17069 1
-0.38139 1
4.90559 1
-2.99301 1
12.4196 1
2.67667 1
5.76208 1
1.58857 1
5.0883 1
3.9971 1
4.76649 1
12.3697 1
6.10266 1
7.03297 1
9.08323 1
5.75874 1
6.71462 1
5.72091 1
7.16047 1
-0.994599 1
5.25144 1
13.5377 1
6.2188 1
7.07079 1
7.19721 1
4.38439 1
6.72968 1
5.89122 1
1.64012 1
1.48404 1
10.0905 1
3.07341 1
4.33564 1
12.0169 1
4.4909 1
7.21632 1
4.25583 1
5.75004 1
5.836 1
5.90836 1
3.3692 1
5.96771 1
12.4201 1
12.2648 1
1.67378 1
6.12722 1
5.28379 1
8.76463 1
12.4366 1
4.84509 1
4.29147 1
10.417 1
4.96463 1
0.555344 1
6.57823 1
5.98446 1
4.3147 1
6.4576 1
6.40516 1
6.97761 1
5.73498 1
4.58045 1
4.40161 1
6.2103 1
1.16421 1
2.90339 1
1.54675 1
1.88055 1
4.78209 1
4.60611 1
5.59009 1
3.87737 1
1.31485 1
3.26263 1
2.00636 1
-3.81724 1
7.12564 1
8.67113 1
7.18781 1
3.27438 1
11.8979 1
4.11053 1
8.40264 1
1.71196 1
3.58767 1
14.7061 1
4.64609 1
4.04803 1
6.02449 1
11.5744 1
2.74471 1
10.8527 1
-0.814505 1
2.09136 1
4.80975 1
6.56047 1
9.71466 1
-4.45495 1
5.43904 1
2.42963 1
8.03289 1
5.27085 1
-1.1378 1
6.36827 1
4.33447 1
12.3443 1
5.47293 1
1.16812 1
1.47013 1
6.42715 1
5.60227 1
10.489 1
7.35163 1
6.22137 1
3.31396 1
5.18502 1
-0.0971998 1
1.92432 1
-3.57825 1
5.25619 1
-0.850844 1
3.5005 1
8.83946 1
1.35006 1
0.749985 1
8.67002 1
9.28988 1
1.78578 1
9.17137 1
3.8915 1
9.68391 1
7.45745 1
5.14457 1
14.3605 1
7.72372 1
7.6997 1
-3.65782 1
0.774122 1
3.71322 1
7.95553 1
5.81372 1
9.13585 1
6.73467 1
1.21863 1
9.51186 1
4.62935 1
9.41745 1
6.48069 1
8.30989 1
10.3173 1
6.33175 1
6.87223 1
3.68701 1
-3.99306 1
10.0057 1
10.689 1
11.9176 1
5.69963 1
-0.408024 1
3.01602 1
2.53403 1
0.869996 1
5.84283 1
7.93447 1
2.18197 1
5.09428 1
5.53687 1
7.95296 1
-2.03656 1
6.00732 1
8.99906 1
-0.547606 1
5.88343 1
2.8735 1
5.80177 1
7.4563 1
6.44594 1
4.94161 1
4.5944 1
10.7959 1
3.3236 1
5.53594 1
8.64377 1
6.75298 1
4.82496 1
4.4108 1
-1.4379 1
6.10536 1
8.47189 1
10.1487 1
3.78194 1
7.82424 1
2.94074 1
4.55401 1
11.5864 1
6.56812 1
5.67316 1
5.69549 1
9.32482 1
8.79273 1
0.505978 1
5.21084 1
2.31443 1
0.0782296 1
6.96802 1
10.6619 1
3.8856 1
3.36749 1
5.60823 1
4.28582 1
4.51184 1
9.44526 1
5.49731 1
7.37313 1
5.33165 1
7.49543 1
5.32021 1
9.29206 1
4.13971 1
4.74711 1
4.67369 1
9.53694 1
10.5367 1
8.70668 1
7.16648 1
-0.133749 1
5.28935 1
6.22002 1
0.734372 1
3.24877 1
7.59683 1
4.54694 1
-0.787822 1
6.09822 1
8.69294 1
6.20968 1
-1.27137 1
1.29421 1
7.67889 1
5.86214 1
3.81651 1
4.67485 1
5.8909 1
5.55989 1
5.51387 1
4.03156 1
4.34121 1
1.90563 1
5.68215 1
2.16512 1
8.20923 1
13.8593 1
-0.23526 1
9.73968 1
10.3133 1
4.91704 1
1.78615 1
6.42629 1
-2.29726 1
9.71453 1
-2.23213 1
3.67942 1
-0.874463 1
5.82136 1
4.33025 1
3.60369 1
6.16806 1
2.36162 1
4.57587 1
5.00599 1
4.84816 1
5.27899 1
8.25413 1
6.24374 1
6.54804 1
5.42174 1
7.71971 1
5.14791 1
0.219389 1
5.78449 1
4.46138 1
0.521874 1
4.99569 1
0.987079 1
-1.59346 1
5.15653 1
9.71211 1
6.89152 1
1.58044 1
3.45176 1
6.08323 1
5.94602 1
5.03887 1
11.1825 1
4.53841 1
10.0937 1
2.74268 1
7.12696 1
12.0101 1
8.8768 1
2.42183 1
3.70525 1
10.8746 1
2.46835 1
6.07321 1
4.1537 1
8.96819 1
5.01464 1
9.21616 1
-4.18045 1
4.53362 1
6.96345 1
0.18814 1
3.62063 1
6.21414 1
6.7468 1
2.4535 1
-1.02588 1
10.9254 1
2.98191 1
5.7376 1
8.39921 1
7.68822 1
10.195 1
14.1116 1
5.17472 1
-2.06061 1
8.83317 1
6.97051 1
9.85708 1
2.08924 1
10.1536 1
7.91186 1
4.74572 1
7.47918 1
2.09494 1
6.88836 1
9.25342 1
3.87465 1
8.98216 1
5.06314 1
5.58553 1
7.95765 1
6.39368 1
4.27314 1
7.8741 1
9.5375 1
5.60248 1
6.87989 1
3.82041 1
4.33377 1
13.1661 1
5.47259 1
5.14818 1
7.44363 1
5.62505 1
7.86045 1
4.96175 1
8.35867 1
-0.379099 1
9.56381 1
5.61489 1
5.32705 1
-1.31607 1
8.69006 1
3.39331 1
3.01075 1
4.56353 1
5.17952 1
4.643 1
11.6111 1
5.87208 1
5.81226 1
2.26912 1
7.91743 1
4.41374 1
7.52648 1
9.78673 1
7.59783 1
8.71668 1
2.95113 1
5.08895 1
9.2353 1
13.1206 1
5.91618 1
1.38421 1
5.38175 1
11.2265 1
6.03372 1
4.39032 1
2.96075 1
2.67938 1
6.68645 1
7.15587 1
5.26043 1
6.43582 1
6.29473 1
4.44279 1
5.98579 1
5.22346 1
7.10736 1
-3.73732 1
5.22068 1
1.29596 1
8.63201 1
5.039 1
1.31222 1
3.35846 1
-0.853355 1
3.32083 1
4.91157 1
6.30651 1
8.39655 1
5.95443 1
6.22907 1
3.90448 1
7.12672 1
4.60509 1
6.10271 1
9.37732 1
6.59563 1
5.34733 1
-1.35681 1
5.01523 1
2.48376 1
6.04729 1
9.47428 1
4.96523 1
5.2847 1
9.60365 1
10.9882 1
9.03299 1
5.77851 1
6.56577 1
4.06172 1
6.02628 1
-2.83621 1
7.1185 1
6.84133 1
10.2367 1
5.03388 1
4.60962 1
5.05754 1
5.68596 1
8.42352 1
2.99807 1
5.68748 1
4.89173 1
8.06012 1
-2.49409 1
12.2226 1
4.76369 1
3.51364 1
10.0034 1
8.49817 1
5.65036 1
3.98029 1
7.94271 1
2.01378 1
8.27823 1
5.67213 1
8.54703 1
10.6198 1
4.32513 1
4.35546 1
0.742685 1
6.47479 1
5.78843 1
4.68808 1
5.44339 1
1.64078 1
3.91446 1
-0.762957 1
3.03812 1
6.36401 1
6.45505 1
2.56136 1
-1.40973 1
8.66859 1
-0.227251 1
9.38149 1
1.02566 1
4.18483 1
4.06203 1
8.7338 1
6.78879 1
5.66891 1
5.66101 1
9.24934 1
9.89441 1
4.2452 1
2.39016 1
7.1722 1
4.44964 1
1.16746 1
4.26067 1
5.54459 1
5.90532 1
5.84681 1
5.87197 1
0.992137 1
3.7816 1
4.15119 1
2.07446 1
8.90125 1
13.2025 1
9.72615 1
7.48456 1
1.08029 1
5.03419 1
8.74584 1
5.26051 1
5.32869 1
5.61557 1
12.312 1
2.65773 1
10.4971 1
5.30036 1
6.36548 1
1.25949 1
6.24577 1
7.69719 1
3.77542 1
-1.0011 1
6.21125 1
2.97992 1
6.78366 1
5.13644 1
7.50673 1
4.21762 1
2.66383 1
-2.71956 1
8.3601 1
1.31672 1
9.87418 1
7.11379 1
6.4192 1
3.70961 1
1.33005 1
12.612 1
3.91052 1
6.71299 1
7.33879 1
-1.28935 1
4.58681 1
-3.56791 1
10.3498 1
2.85665 1
9.98698 1
0.702194 1
1.76083 1
2.31853 1
14.1917 1
5.78086 1
6.80015 1
6.04149 1
4.98632 1
9.96399 1
6.77527 1
2.27588 1
4.16264 1
7.41461 1
5.1429 1
11.8811 1
-4.45053 1
4.97255 1
4.46086 1
3.05191 1
-1.13909 1
8.17551 1
6.85456 1
3.90538 1
6.6024 1
10.3508 1
5.23803 1
6.80631 1
2.37173 1
6.1049 1
-2.78162 1
5.39022 1
8.91897 1
5.44177 1
5.26508 1
6.47904 1
4.00222 1
5.03996 1
6.07235 1
6.55099 1
-0.175458 1
6.8085 1
3.08478 1
2.73956 1
1.23526 1
4.3017 1
5.55449 1
4.55035 1
2.13744 1
11.9245 1
7.20561 1
2.93926 1
7.33674 1
7.3111 1
2.988 1
4.33434 1
5.79567 1
13.4501 1
7.09144 1
6.2628 1
13.8438 1
4.32315 1
-1.53433 1
5.22066 1
5.37667 1
6.07654 1
-4.00604 1
3.51313 1
4.80984 1
7.97424 1
2.17187 1
6.74223 1
4.69159 1
0.759845 1
1.39813 1
4.06325 1
-4.66307 1
2.84525 1
5.74179 1
5.57512 1
6.02142 1
5.43933 1
-3.38736 1
7.46512 1
12.6548 1
5.85572 1
2.17294 1
5.99436 1
4.20846 1
11.1785 1
9.3089 1
7.37423 1
8.10423 1
4.53539 1
7.02921 1
6.21982 1
9.98661 1
8.4376 1
6.21153 1
-2.53522 1
5.17356 1
0.866556 1
5.21063 1
6.65235 1
3.31919 1
3.05735 1
4.07477 1
2.08639 1
5.90762 1
12.9081 1
0.976505 1
5.02983 1
3.37949 1
3.58341 1
5.63338 1
5.45466 1
5.07442 1
3.57286 1
7.77039 1
1.75271 1
3.51579 1
-1.8601 1
9.53237 1
9.09214 1
7.89655 1
7.54279 1
3.13665 1
4.09883 1
5.21156 1
7.06388 1
6.58658 1
5.05491 1
3.57161 1
6.33192 1
5.80819 1
9.39661 1
5.19979 1
1.1631 1
7.48782 1
4.92985 1
8.61906 1
5.78934 1
6.74256 1
7.39906 1
11.2059 1
3.6143 1
-0.120135 1
-0.137479 1
8.52186 1
6.65738 1
3.7585 1
2.46408 1
3.10579 1
4.55893 1
11.5972 1
7.79508 1
7.64539 1
7.39803 1
-0.825267 1
4.78006 1
3.38624 1
6.37605 1
10.6615 1
3.45681 1
11.1946 1
4.10392 1
9.26641 1
0.87722 1
0.384989 1
1.97153 1
1.46592 1
9.84275 1
5.19691 1
3.6907 1
4.19265 1
1.80805 1
-0.829883 1
5.48091 1
10.7947 1
11.2603 1
1.41854 1
10.1791 1
3.35016 1
6.7709 1
9.04126 1
3.60877 1
4.60899 1
-2.95816 1
7.22302 1
14.8431 1
1.33851 1
4.31521 1
3.05251 1
4.37472 1
5.75882 1
3.27188 1
12.0736 1
-2.01234 1
4.96523 1
1.98079 1
5.67133 1
7.75348 1
3.83241 1
6.52369 1
7.50901 1
8.94975 1
3.41198 1
-4.0411 1
8.98248 1
3.5932 1
-0.216553 1
8.61235 1
13.7404 1
7.8368 1
6.08575 1
8.49382 1
-1.69136 1
4.85022 1
8.53693 1
-3.14763 1
5.25304 1
-1.26758 1
3.44331 1
4.58315 1
1.87005 1
2.4345 1
7.46197 1
3.64628 1
6.17194 1
4.76157 1
-2.56983 1
6.21331 1
4.32824 1
4.75396 1
1.41307 1
6.912 1
4.95629 1
5.2969 1
4.02222 1
3.67471 1
5.49639 1
6.07898 1
5.75 1
4.60905 1
10.5313 1
6.2438 1
5.55733 1
8.22512 1
2.66984 1
4.4971 1
9.96288 1
10.3301 1
4.49268 1
13.2371 1
8.63842 1
8.15076 1
1.42762 1
7.37012 1
11.2674 1
-0.533058 1
2.68378 1
6.68096 1
6.76507 1
6.75091 1
4.11112 1
10.0029 1
2.99685 1
-1.29157 1
5.30387 1
5.72493 1
1.08299 1
8.54321 1
11.915 1
8.87454 1
6.28058 1
6.28068 1
3.66817 1
2.82622 1
8.22392 1
13.8499 1
3.40464 1
3.99074 1
3.61132 1
12.0083 1
-1.18182 1
8.06461 1
4.73303 1
5.0332 1
7.42624 1
7.01874 1
5.90137 1
-4.47909 1
0.669161 1
5.21288 1
6.31711 1
7.70983 1
5.72814 1
12.9891 1
6.42856 1
10.7381 1
-4.2122 1
5.79964 1
5.26811 1
0.445381 1
5.4406 1
7.04999 1
4.11826 1
3.81322 1
4.28929 1
8.61407 1
5.7836 1
10.9786 1
-1.81731 1
9.14109 1
5.52885 1
5.45769 1
14.0207 1
1.68763 1
14.3254 1
1.14262 1
4.80509 1
4.43137 1
6.76777 1
4.55737 1
3.24035 1
-0.204443 1
6.19459 1
4.65295 1
5.38728 1
11.9176 1
8.04359 1
4.29725 1
5.84901 1
7.69997 1
-0.963305 1
14.5761 1
5.71929 1
3.88785 1
9.83984 1
7.26716 1
7.25612 1
12.0966 1
-0.402542 1
12.5472 1
5.19325 1
2.32925 1
2.66308 1
4.67939 1
8.65078 1
4.5532 1
5.96238 1
4.99523 1
8.56633 1
4.41082 1
2.40786 1
2.96968 1
1.54153 1
12.1799 1
5.03222 1
1.97856 1
1.47554 1
3.42308 1
7.00032 1
1.81986 1
1.46887 1
6.19821 1
1.64981 1
1.24645 1
6.05433 1
5.66044 1
5.39378 1
2.55352 1
9.61783 1
3.78383 1
5.63257 1
3.813 1
6.11897 1
8.56423 1
6.55901 1
0.289792 1
2.86978 1
5.54448 1
5.87732 1
2.6621 1
1.69152 1
3.07508 1
4.16124 1
8.5524 1
7.18176 1
4.50473 1
6.22008 1
5.22466 1
4.95777 1
1.17963 1
6.35826 1
3.78957 1
0.466763 1
13.185 1
5.57121 1
5.36627 1
-3.9485 1
2.59034 1
6.73683 1
8.93756 1
10.846 1
3.36417 1
6.80979 1
10.4686 1
0.0565124 1
4.6906 1
5.24158 1
13.4751 1
5.48127 1
6.39179 1
3.46507 1
4.55343 1
0.243089 1
10.9377 1
-4.79142 1
5.7458 1
9.65652 1
11.2942 1
7.36962 1
-0.761874 1
14.6227 1
5.24619 1
2.14157 1
6.24855 1
4.4055 1
5.81062 1
4.45037 1
2.14743 1
6.36701 1
4.50567 1
6.02236 1
10.4347 1
5.5973 1
10.26 1
6.53154 1
-0.641655 1
-1.94864 1
5.31421 1
5.74734 1
6.45655 1
3.17846 1
0.989118 1
5.8969 1
12.2508 1
2.21735 1
6.32687 1
-0.141309 1
7.25269 1
6.83361 1
3.64502 1
8.67077 1
4.45065 1
3.17355 1
4.219 1
9.35213 1
10.1631 1
14.1449 1
4.86968 1
3.94877 1
7.26321 1
6.04276 1
8.95028 1
5.79034 1
11.8213 1
4.73547 1
6.57085 1
0.861513 1
2.43835 1
4.85412 1
4.09133 1
-2.59089 1
4.88967 1
6.11231 1
-3.80113 1
4.88241 1
4.41116 1
0.302742 1
2.16803 1
10.4936 1
3.5188 1
7.51247 1
5.54837 1
2.81285 1
5.98291 1
3.49705 1
4.47662 1
8.66931 1
5.13526 1
12.4056 1
1.41361 1
4.0833 1
1.64063 1
8.91891 1
5.52691 1
6.30616 1
9.22965 1
7.19332 1
7.23474 1
-2.52241 1
4.45086 1
9.52073 1
2.65971 1
6.33271 1
3.00907 1
8.25745 1
6.09833 1
-3.56782 1
5.8294 1
7.79224 1
11.9029 1
5.82393 1
4.97972 1
2.35538 1
1.54151 1
-0.794508 1
3.89813 1
6.78545 1
5.06329 1
4.18995 1
10.8938 1
5.19701 1
9.92981 1
6.78397 1
0.980556 1
5.51979 1
-4.19475 1
4.60296 1
4.93628 1
7.85794 1
5.68546 1
3.95778 1
-3.47444 1
0.846984 1
5.45259 1
-1.83189 1
4.87548 1
3.40233 1
10.7796 1
-0.067674 1
12.262 1
7.79239 1
5.46238 1
4.69503 1
-1.70647 1
-4.69017 1
2.28457 1
5.82768 1
11.4469 1
4.77571 1
3.85561 1
1.65888 1
2.76212 1
11.4537 1
5.58955 1
10.2024 1
7.2384 1
4.50124 1
0.392104 1
3.30299 1
6.53384 1
4.9848 1
4.97104 1
7.42602 1
2.23255 1
11.2511 1
2.18 1
4.82282 1
4.82938 1
0.293011 1
7.90197 1
2.50148 1
2.81997 1
-3.28113 1
7.25262 1
5.53646 1
-1.68442 1
5.36636 1
0.596572 1
5.81132 1
4.64956 1
7.12982 1
6.5725 1
5.20939 1
4.33424 1
6.46241 1
4.39684 1
7.09045 1
9.23043 1
4.40617 1
6.72923 1
4.88129 1
0.967903 1
1.12877 1
4.47009 1
7.33365 1
6.05765 1
8.09981 1
8.46187 1
6.42061 1
4.10994 1
2.84979 1
6.77764 1
4.38543 1
4.3969 1
3.91769 1
12.2823 1
4.55267 1
5.37833 1
14.339 1
7.71444 1
5.09033 1
4.39627 1
8.92766 1
3.92943 1
4.85568 1
5.76651 1
5.70618 1
4.49785 1
7.86579 1
5.35043 1
1.63583 1
9.94889 1
6.83429 1
2.96242 1
5.501 1
7.1532 1
3.99288 1
10.4635 1
1.60747 1
4.21482 1
3.42157 1
9.09403 1
6.67259 1
12.0422 1
4.82218 1
-0.965546 1
-2.16705 1
3.0064 1
11.2103 1
6.45364 1
-1.35381 1
6.37412 1
3.86806 1
8.54893 1
0.966937 1
4.70108 1
7.30307 1
9.04244 1
7.71948 1
4.7836 1
6.47733 1
7.06037 1
5.52791 1
1.23136 1
7.19646 1
4.87272 1
6.4481 1
12.439 1
11.035 1
3.2311 1
4.58907 1
4.10172 1
1.89845 1
6.89233 1
6.66827 1
10.6795 1
9.14912 1
6.8892 1
4.09294 1
7.922 1
4.22132 1
8.77182 1
1.45154 1
1.71089 1
9.72616 1
4.52792 1
3.11625 1
6.22743 1
-0.0321659 1
5.45954 1
9.00224 1
5.23781 1
-1.28557 1
4.57997 1
5.88409 1
4.208 1
13.9418 1
5.62726 1
4.70156 1
7.11183 1
5.98534 1
6.8681 1
6.90629 1
5.17417 1
5.48373 1
3.31017 1
3.73809 1
2.86007 1
7.25217 1
11.1293 1
2.39421 1
-3.81891 1
7.10135 1
4.1645 1
5.37257 1
6.66779 1
5.35886 1
3.16114 1
14.274 1
5.82001 1
10.3486 1
8.09399 1
3.27909 1
6.55024 1
3.09927 1
5.98944 1
5.64696 1
5.76306 1
11.0706 1
2.09759 1
8.00576 1
4.28327 1
9.30272 1
4.74781 1
5.61869 1
4.90694 1
5.0738 1
7.40888 1
-1.97316 1
5.35919 1
5.5938 1
7.35906 1
7.04378 1
5.79426 1
2.36343 1
4.89876 1
0.445933 1
8.44669 1
7.86192 1
4.29976 1
2.71202 1
14.4478 1
-0.142038 1
6.16774 1
6.1311 1
2.12453 1
6.0085 1
6.87025 1
-4.55829 1
6.84662 1
11.9827 1
12.6015 1
9.80856 1
4.08095 1
4.17174 1
5.21694 1
5.48306 1
3.06635 1
2.56746 1
5.40906 1
-0.723782 1
8.51193 1
5.21035 1
1.57006 1
12.3943 1
2.8472 1
5.26429 1
9.16071 1
5.66767 1
5.90483 1
4.75341 1
4.33513 1
5.33985 1
3.71215 1
5.79364 1
5.06983 1
4.94947 1
2.4662 1
5.00025 1
10.1743 1
2.29333 1
5.85209 1
7.46792 1
9.41053 1
3.47129 1
7.39564 1
5.93446 1
3.89254 1
5.88596 1
-3.78636 1
5.34381 1
8.74531 1
7.15871 1
10.05 1
1.2657 1
5.47027 1
2.56578 1
5.67502 1
1.92638 1
6.09296 1
14.4218 1
3.79839 1
-2.68898 1
4.49329 1
5.28185 1
2.4746 1
11.9805 1
3.06824 1
11.3911 1
0.177002 1
4.67954 1
7.26073 1
8.34789 1
5.00229 1
1.47174 1
0.356427 1
4.51107 1
6.94591 1
4.06667 1
3.75057 1
5.90774 1
7.55272 1
5.28858 1
1.92923 1
2.56897 1
4.09734 1
-3.60545 1
2.80206 1
6.43773 1
5.95252 1
6.2413 1
-0.929531 1
3.51869 1
5.60089 1
4.87102 1
11.1493 1
5.85763 1
1.38534 1
8.62811 1
5.97051 1
5.39519 1
4.30563 1
11.8028 1
7.81432 1
6.53176 1
6.03457 1
5.55793 1
4.05776 1
5.17694 1
6.44957 1
1.97683 1
3.94515 1
11.9636 1
10.284 1
8.63799 1
9.34093 1
1.59026 1
3.78857 1
13.1324 1
1.36515 1
5.53527 1
10.8415 1
7.456 1
4.34395 1
2.90563 1
3.73791 1
-0.37879 1
7.3556 1
5.14801 1
3.08627 1
-3.18946 1
5.38482 1
6.77342 1
8.74297 1
-0.271006 1
4.28293 1
2.06611 1
4.11934 1
4.25021 1
5.91432 1
0.888585 1
4.10527 1
6.11989 1
10.8052 1
4.99961 1
4.40352 1
3.8545 1
2.798 1
3.8041 1
-1.9597 1
5.08607 1
5.28697 1
7.12732 1
4.41948 1
5.48423 1
9.67397 1
6.30653 1
4.54734 1
9.49327 1
-1.38824 1
7.43299 1
6.66792 1
6.264 1
3.82046 1
6.16669 1
6.64446 1
1.47316 1
3.44351 1
-0.728297 1
5.46583 1
4.77386 1
-2.72995 1
6.61177 1
5.35364 1
2.42349 1
6.15955 1
9.56907 1
1.42221 1
5.21073 1
6.93875 1
3.21309 1
2.95179 1
2.47452 1
8.44115 1
3.19336 1
6.65536 1
6.12055 1
7.69213 1
12.9642 1
10.0363 1
6.91095 1
0.497744 1
3.73381 1
-0.919512 1
3.40139 1
2.9074 1
1.67335 1
5.57891 1
6.47647 1
4.86969 1
1.61001 1
5.51226 1
6.05532 1
5.6888 1
4.44206 1
3.16179 1
4.1875 1
3.99511 1
2.58983 1
5.22447 1
1.68397 1
6.30565 1
9.83465 1
4.65446 1
2.01321 1
2.27662 1
5.02036 1
6.35538 1
5.75917 1
-0.222518 1
6.18097 1
5.93797 1
-1.65953 1
6.39528 1
5.17876 1
8.01315 1
7.74466 1
6.95127 1
4.63266 1
12.1501 1
6.44769 1
-0.620113 1
3.39864 1
8.12119 1
2.17843 1
-0.890049 1
2.91605 1
1.30216 1
10.2053 1
-0.815156 1
8.19804 1
4.70432 1
7.48646 1
7.72492 1
4.34658 1
2.51537 1
4.65642 1
2.39587 1
0.791112 1
3.66574 1
7.72377 1
13.7556 1
8.07155 1
1.3836 1
6.89245 1
1.14789 1
0.853429 1
1.62462 1
0.672454 1
0.78955 1
2.12847 1
9.69837 1
6.90428 1
5.90884 1
4.7675 1
8.0485 1
8.17231 1
6.56755 1
4.28796 1
6.07161 1
3.44664 1
2.70512 1
6.30663 1
5.8692 1
4.9092 1
2.9712 1
5.06271 1
3.77686 1
7.38474 1
4.4836 1
11.6561 1
5.92791 1
11.8826 1
2.25864 1
3.91487 1
5.37484 1
5.91136 1
2.71044 1
4.19114 1
8.05136 1
9.47057 1
5.1795 1
7.26263 1
3.97276 1
6.41327 1
14.26 1
6.63275 1
6.48291 1
6.24179 1
4.961 1
7.03847 1
3.17918 1
6.99866 1
13.6398 1
9.43139 1
9.49038 1
5.93424 1
3.3859 1
9.97125 1
4.40029 1
4.3673 1
6.05322 1
1.51694 1
6.80667 1
11.325 1
4.49042 1
11.3952 1
-1.29016 1
5.47752 1
11.0681 1
3.28985 1
6.64921 1
6.94193 1
4.87683 1
6.21879 1
-3.3183 1
4.7827 1
4.40919 1
5.09768 1
-3.31448 1
5.63786 1
5.41631 1
7.70905 1
2.50595 1
5.90817 1
1.43168 1
9.25648 1
5.03555 1
7.76136 1
6.91924 1
3.3233 1
14.3039 1
5.72662 1
5.03117 1
5.4918 1
4.17515 1
-2.53939 1
7.14161 1
6.63243 1
3.08419 1
4.13859 1
6.23544 1
11.0258 1
6.6136 1
7.29369 1
-1.9209 1
1.50186 1
3.74031 1
4.19768 1
6.1742 1
5.58317 1
4.54719 1
6.94958 1
6.08303 1
13.0502 1
5.35271 1
6.89051 1
10.7561 1
4.43377 1
0.567773 1
6.79873 1
8.61649 1
12.8047 1
6.36091 1
3.88184 1
4.70277 1
3.72759 1
5.71028 1
-4.07594 1
1.87216 1
7.37991 1
5.49498 1
6.4291 1
-3.44191 1
8.19835 1
4.81013 1
-0.059241 1
3.95078 1
6.3983 1
3.69821 1
3.19407 1
7.39286 1
5.42905 1
7.54428 1
4.68496 1
5.17241 1
4.52282 1
7.75155 1
4.90484 1
8.03982 1
1.60441 1
10.5447 1
6.94531 1
3.49319 1
5.20734 1
4.62343 1
7.87765 1
4.86123 1
1.66082 1
4.4287 1
12.5498 1
10.2448 1
13.9992 1
0.0838227 1
10.7324 1
13.0492 1
4.91687 1
7.13458 1
2.29998 1
13.7333 1
7.03498 1
5.1909 1
4.96956 1
9.76408 1
4.68774 1
4.44636 1
14.7309 1
6.26337 1
10.0825 1
1.6871 1
9.56692 1
9.68988 1
6.13446 1
6.89166 1
2.35289 1
9.62442 1
4.71011 1
4.15465 1
5.52626 1
5.23931 1
6.32177 1
5.75679 1
9.6562 1
0.714641 1
4.24021 1
7.55278 1
6.13204 1
5.90278 1
4.70624 1
12.7895 1
5.89106 1
5.42206 1
5.02661 1
4.20096 1
4.03706 1
0.31278 1
-4.44782 1
4.47507 1
3.85128 1
3.12199 1
4.58336 1
5.67669 1
10.1435 1
2.38036 1
2.71973 1
5.10708 1
5.33587 1
5.18675 1
0.0138525 1
4.30652 1
10.5215 1
3.15828 1
0.175475 1
1.43146 1
4.20825 1
1.01682 1
1.15839 1
0.943458 1
3.55003 1
8.88751 1
8.42097 1
3.577 1
1.51476 1
7.08736 1
0.407492 1
13.49 1
4.87684 1
2.54927 1
3.13162 1
3.54582 1
4.56864 1
9.39223 1
3.64064 1
6.14457 1
6.23403 1
9.14114 1
-1.46872 1
10.4323 1
5.55821 1
3.32733 1
-2.97229 1
5.59394 1
6.66193 1
6.39049 1
5.40436 1
8.97836 1
3.03105 1
1.67242 1
3.63581 1
-2.83593 1
8.15459 1
3.33601 1
5.47834 1
7.65776 1
10.2263 1
2.25942 1
10.367 1
6.92812 1
1.37336 1
3.57712 1
5.07055 1
5.90276 1
9.98597 1
7.95275 1
0.809441 1
10.3929 1
7.78177 1
6.89009 1
3.27193 1
3.43725 1
11.2709 1
1.83032 1
3.90465 1
4.54258 1
4.10687 1
4.64337 1
7.90491 1
2.39635 1
6.0439 1
10.0806 1
3.73344 1
2.58478 1
10.6475 1
1.70885 1
8.66654 1
3.1619 1
-0.126273 1
9.49997 1
4.14941 1
-1.75603 1
-2.53255 1
3.21302 1
6.9256 1
11.5512 1
4.10083 1
2.84751 1
5.86248 1
10.9391 1
4.61539 1
7.24913 1
11.9718 1
7.72437 1
12.6437 1
10.237 1
7.32995 1
3.14121 1
-4.02812 1
8.26447 1
1.80839 1
6.19091 1
13.4554 1
4.79484 1
10.2994 1
5.35518 1
11.0023 1
4.94037 1
-2.61091 1
-3.32129 1
3.48765 1
-3.24658 1
10.4582 1
11.7735 1
0.170057 1
6.17382 1
2.66444 1
-1.47697 1
8.74192 1
12.7055 1
3.50328 1
9.54229 1
7.53488 1
6.55623 1
7.22958 1
6.80237 1
3.55247 1
4.34794 1
-1.0913 1
2.22721 1
5.15148 1
6.22662 1
3.22534 1
0.65389 1
3.47852 1
3.90933 1
4.98941 1
5.11234 1
6.64056 1
6.66872 1
8.88058 1
5.13705 1
5.89675 1
14.2036 1
8.21949 1
5.59111 1
6.22934 1
9.20716 1
7.58417 1
0.238149 1
2.43099 1
7.67927 1
4.88092 1
6.37606 1
5.42598 1
2.41267 1
3.51324 1
7.16829 1
4.65279 1
10.5035 1
3.83473 1
6.52327 1
7.85885 1
5.01608 1
10.1087 1
-2.48799 1
7.93717 1
3.11683 1
5.40407 1
7.79109 1
2.25779 1
1.58816 1
6.98273 1
6.33639 1
-1.16727 1
5.65627 1
5.41236 1
6.29365 1
7.4653 1
2.82059 1
7.1061 1
5.64994 1
4.64495 1
4.27409 1
1.60478 1
2.22598 1
6.06026 1
4.20263 1
6.65729 1
5.01834 1
3.00042 1
14.5262 1
13.3432 1
1.06171 1
3.71186 1
12.7436 1
1.44017 1
7.36925 1
1.93155 1
7.70205 1
7.6968 1
0.370809 1
4.70561 1
1.92642 1
4.50089 1
6.01413 1
6.56208 1
1.9175 1
0.609009 1
3.10812 1
4.59818 1
12.6547 1
2.97039 1
4.38181 1
4.04183 1
-0.019443 1
11.132 1
7.15354 1
8.31724 1
3.05642 1
5.72231 1
3.63568 1
4.22081 1
4.06614 1
8.00155 1
6.35875 1
4.74284 1
6.88847 1
6.84427 1
4.93831 1
13.4627 1
12.6033 1
11.607 1
10.1334 1
6.00859 1
1.4587 1
3.83351 1
7.44862 1
6.74379 1
5.93211 1
-1.91917 1
6.11312 1
9.64313 1
5.64805 1
6.4768 1
7.0424 1
14.0814 1
4.43382 1
7.74181 1
5.33051 1
3.08207 1
8.3601 1
3.00937 1
9.90369 1
-1.87576 1
9.26499 1
3.23592 1
6.11018 1
2.69778 1
5.06995 1
1.08765 1
7.01727 1
-1.26392 1
-4.52824 1
6.14593 1
1.25901 1
9.65155 1
12.5067 1
7.96751 1
2.76142 1
1.02155 1
5.68946 1
3.29573 1
2.45461 1
0.424783 1
1.25384 1
3.84344 1
-0.129099 1
3.9355 1
4.12512 1
5.58238 1
4.96979 1
3.81214 1
4.85781 1
6.91531 1
3.84615 1
7.36596 1
5.09711 1
6.33442 1
6.88705 1
6.7046 1
7.00822 1
0.513479 1
2.69984 1
6.24863 1
11.9688 1
6.43192 1
13.4812 1
1.28354 1
4.60852 1
-4.6014 1
-1.15153 1
6.39435 1
2.22188 1
4.48286 1
3.83483 1
5.87555 1
5.75888 1
5.69604 1
6.66495 1
3.65483 1
8.75891 1
6.11253 1
3.5974 1
7.10891 1
0.86531 1
7.27822 1
5.43638 1
8.06127 1
6.03269 1
4.61544 1
5.42301 1
4.89902 1
9.67014 1
5.49323 1
0.480357 1
6.27131 1
7.70308 1
3.59836 1
5.56109 1
5.11477 1
5.50633 1
4.83019 1
4.27353 1
3.63541 1
7.71048 1
-1.11749 1
10.0866 1
3.84574 1
4.1259 1
5.25903 1
5.55122 1
2.89153 1
7.01004 1
7.89569 1
10.1525 1
12.9083 1
2.78945 1
2.30486 1
7.54275 1
0.781779 1
6.75463 1
0.655914 1
-2.23785 1
3.26988 1
5.11678 1
8.01967 1
7.59603 1
4.26627 1
2.1328 1
6.93972 1
1.64788 1
11.809 1
8.14802 1
5.5508 1
-1.88354 1
5.80508 1
7.17511 1
-1.05902 1
1.04813 1
13.7747 1
4.07586 1
10.6056 1
4.45306 1
7.86939 1
7.53902 1
4.75705 1
2.81153 1
6.31199 1
6.8957 1
7.20453 1
8.11968 1
10.0287 1
11.1577 1
4.4509 1
4.87788 1
7.58922 1
11.4681 1
10.7098 1
10.7649 1
5.3178 1
3.00284 1
3.2736 1
3.86662 1
0.309453 1
7.74677 1
5.21726 1
2.51252 1
5.68605 1
5.29114 1
14.1458 1
4.81107 1
6.14328 1
3.44628 1
0.71512 1
8.14853 1
4.56476 1
8.70173 1
2.04197 1
3.66732 1
7.4889 1
4.44792 1
5.00347 1
4.03498 1
3.77866 1
5.92149 1
-1.12685 1
3.05281 1
9.57719 1
7.24893 1
0.413906 1
0.689448 1
1.65483 1
3.96169 1
5.87356 1
3.81071 1
4.34594 1
7.92258 1
5.05997 1
4.14189 1
13.1812 1
4.78386 1
6.44942 1
1.94521 1
-3.53712 1
6.95366 1
-3.27133 1
5.75976 1
-3.20495 1
11.7624 1
2.01582 1
6.65981 1
2.42577 1
-2.72521 1
14.3189 1
5.88558 1
6.11 1
2.7875 1
1.33321 1
4.3139 1
0.546363 1
4.29356 1
7.05658 1
6.38218 1
9.44203 1
6.54635 1
3.71723 1
7.47343 1
5.09389 1
3.68452 1
4.12205 1
12.2818 1
-0.527366 1
7.90008 1
-0.603045 1
0.546211 1
-4.74522 1
2.24322 1
6.77389 1
5.51387 1
-1.04255 1
3.25184 1
13.4712 1
10.6561 1
5.20114 1
4.23627 1
8.05946 1
6.69278 1
1.74035 1
3.2131 1
4.08252 1
9.32978 1
7.6904 1
10.3992 1
5.58673 1
5.90282 1
1.79381 1
2.56905 1
6.2983 1
14.3011 1
8.24084 1
6.30771 1
1.4625 1
14.2929 1
6.60691 1
6.53437 1
4.53899 1
8.43323 1
5.31735 1
9.51239 1
-3.25994 1
1.46566 1
2.66871 1
7.1847 1
6.33014 1
3.06893 1
0.0964537 1
4.83121 1
5.61411 1
7.71918 1
7.19209 1
10.9095 1
5.38442 1
2.65396 1
7.59326 1
7.46622 1
7.78275 1
5.6775 1
3.62377 1
3.53377 1
9.4741 1
8.01958 1
2.66446 1
6.72664 1
5.79999 1
6.6582 1
4.27275 1
4.55628 1
-2.19324 1
4.95258 1
-1.36988 1
4.52292 1
2.66665 1
7.63847 1
4.27784 1
7.72908 1
4.2949 1
5.06069 1
7.60502 1
4.09212 1
6.04774 1
6.97988 1
10.3309 1
5.17755 1
5.90501 1
-3.28918 1
4.49765 1
5.79348 1
-2.98868 1
9.27492 1
4.94368 1
9.54752 1
5.56278 1
7.18481 1
4.75191 1
7.48461 1
11.3592 1
2.45676 1
6.77376 1
3.11785 1
3.90144 1
-0.392534 1
7.98031 1
5.23727 1
3.46203 1
2.77666 1
7.67857 1
5.14668 1
4.78231 1
11.5177 1
5.21411 1
5.29219 1
4.79067 1
2.8418 1
4.9145 1
6.02579 1
8.72423 1
3.57643 1
6.85088 1
7.06264 1
6.67722 1
5.94703 1
5.72037 1
-1.11738 1
5.80483 1
5.0163 1
5.59608 1
2.65185 1
3.66187 1
1.78246 1
-1.82996 1
12.8471 1
3.07169 1
5.49507 1
11.3016 1
3.85422 1
4.58624 1
5.98503 1
3.14286 1
3.01218 1
0.929355 1
4.63032 1
6.02456 1
6.86758 1
14.6707 1
5.402 1
5.441 1
3.9845 1
7.11184 1
6.24199 1
8.12283 1
4.754 1
4.8564 1
11.4153 1
10.2267 1
5.22865 1
8.43478 1
2.26704 1
8.20882 1
8.70697 1
6.63745 1
7.83366 1
3.88255 1
-2.50199 1
8.81817 1
-2.37463 1
8.96856 1
6.3417 1
8.20336 1
-2.8599 1
8.17249 1
7.28389 1
2.03841 1
-2.22619 1
5.54434 1
5.54814 1
2.73001 1
8.02795 1
5.26437 1
5.86011 1
6.01714 1
1.74745 1
3.81102 1
13.9458 1
5.87133 1
0.144613 1
2.92573 1
4.18109 1
14.1142 1
7.7325 1
6.51318 1
1.66904 1
-0.22927 1
3.5214 1
3.74778 1
5.3696 1
6.86532 1
4.25243 1
6.9352 1
4.54984 1
0.1832 1
1.85034 1
13.8494 1
-3.09813 1
6.35823 1
5.45276 1
8.25646 1
7.04423 1
3.551 1
10.7383 1
5.5336 1
3.76911 1
5.02247 1
6.56313 1
5.38049 1
-0.776569 1
-3.25108 1
5.05753 1
3.22567 1
7.28686 1
7.21491 1
3.71779 1
13.7055 1
-3.26185 1
4.6363 1
7.64059 1
5.74163 1
8.89398 1
7.37871 1
2.74936 1
2.77244 1
14.6493 1
4.61014 1
-2.54158 1
5.79512 1
5.2943 1
3.87219 1
4.55283 1
5.7011 1
10.5907 1
0.919313 1
-4.62494 1
4.67316 1
4.31315 1
10.1463 1
-0.63586 1
4.07417 1
4.72682 1
7.14314 1
7.40856 1
4.09613 1
2.75663 1
8.66642 1
0.890398 1
3.32727 1
4.91199 1
4.62376 1
3.91355 1
7.38101 1
12.8942 1
5.41978 1
5.76178 1
4.26105 1
5.72473 1
3.60389 1
6.93309 1
-2.73752 1
-0.416021 1
5.9049 1
5.85278 1
5.77544 1
4.52823 1
2.34072 1
7.57425 1
7.37189 1
5.52649 1
4.98425 1
5.87708 1
5.00985 1
3.69855 1
1.88942 1
10.8476 1
4.98791 1
0.21255 1
7.93209 1
5.39566 1
0.210406 1
3.05342 1
3.34721 1
2.26138 1
4.53807 1
6.6367 1
12.9815 1
0.286527 1
8.03385 1
2.56185 1
5.26942 1
2.92776 1
0.0663409 1
6.25417 1
6.60079 1
6.09395 1
-0.367232 1
3.00329 1
5.59654 1
7.9446 1
5.02784 1
5.31709 1
1.57976 1
7.4913 1
10.9637 1
6.19986 1
3.12456 1
-1.84893 1
8.64867 1
6.68866 1
5.05844 1
3.82311 1
9.01504 1
3.87383 1
5.77432 1
6.63312 1
3.87525 1
7.32807 1
0.348638 1
5.45786 1
2.79291 1
7.01328 1
14.2887 1
3.80523 1
5.92218 1
12.3596 1
11.5855 1
5.98203 1
3.45873 1
5.42829 1
-0.732405 1
6.64744 1
-3.95849 1
-1.17668 1
12.0105 1
5.186 1
5.27249 1
-2.79898 1
7.26124 1
5.47196 1
3.6554 1
1.80418 1
-2.17954 1
10.0906 1
3.69834 1
8.82161 1
5.19268 1
5.22686 1
2.97589 1
5.72453 1
7.74817 1
3.41729 1
5.99203 1
4.06471 1
-4.22265 1
-1.02413 1
3.3072 1
13.7195 1
-4.40145 1
12.4097 1
9.88057 1
1.64178 1
5.41171 1
-0.786965 1
3.37133 1
6.54271 1
6.17485 1
-2.74973 1
3.79495 1
7.43027 1
12.7375 1
7.80879 1
8.08494 1
6.16664 1
5.25984 1
5.62028 1
6.27062 1
7.83523 1
3.03232 1
1.8063 1
5.38235 1
11.5541 1
5.12173 1
2.05455 1
10.1662 1
6.43168 1
10.8161 1
-0.455523 1
9.87769 1
0.987114 1
7.11869 1
8.33978 1
8.54577 1
7.12958 1
8.35094 1
2.55839 1
5.87152 1
3.36251 1
5.35477 1
4.89384 1
4.81473 1
8.85224 1
4.0873 1
4.02345 1
6.22514 1
5.12825 1
9.24093 1
4.41514 1
9.07073 1
2.2055 1
-1.47718 1
-0.987083 1
4.01498 1
3.99096 1
4.61829 1
5.0292 1
6.94989 1
7.07268 1
3.61202 1
14.4085 1
6.28427 1
7.74514 1
3.44405 1
2.89301 1
7.45924 1
4.72476 1
3.19864 1
6.59648 1
7.58108 1
7.42639 1
5.43242 1
2.77946 1
11.3104 1
-3.91271 1
7.24742 1
-0.902228 1
4.70251 1
-3.10743 1
8.36573 1
9.21123 1
6.33593 1
-3.4818 1
2.95891 1
-1.27549 1
4.79965 1
5.42887 1
9.54482 1
-1.9391 1
6.03556 1
1.30248 1
-1.31176 1
3.36496 1
8.17224 1
4.40585 1
4.54754 1
6.56913 1
7.33247 1
12.2337 1
11.8471 1
2.71818 1
5.75939 1
0.929217 1
2.01853 1
-3.39472 1
5.0212 1
3.0624 1
5.25904 1
-0.104073 1
6.735 1
3.40674 1
6.33758 1
3.23529 1
6.46777 1
-1.23384 1
9.81882 1
4.27312 1
3.52776 1
8.01667 1
-0.52838 1
5.13206 1
5.85084 1
-0.810524 1
7.56789 1
5.0364 1
1.46691 1
0.446072 1
5.33074 1
4.85242 1
10.9978 1
-2.09224 1
1.8261 1
6.82403 1
4.34391 1
1.40807 1
4.13493 1
5.57918 1
2.25058 1
7.46792 1
5.26335 1
5.80873 1
3.84274 1
-4.01221 1
4.76167 1
5.1871 1
5.83725 1
4.9965 1
6.18178 1
6.39939 1
5.51916 1
9.32456 1
2.99722 1
3.17524 1
-2.17135 1
4.56882 1
4.20377 1
5.22224 1
3.00702 1
1.79129 1
-2.14763 1
8.05588 1
3.04121 1
6.09244 1
12.9309 1
5.7023 1
3.29937 1
8.60106 1
9.65441 1
6.30696 1
6.47446 1
6.5343 1
4.8391 1
-2.71935 1
2.92492 1
5.13909 1
4.59149 1
11.9401 1
7.24328 1
0.894337 1
7.27466 1
5.45689 1
2.22375 1
5.08942 1
9.67205 1
8.60532 1
3.8747 1
6.76984 1
4.62943 1
0.527935 1
4.57403 1
1.95454 1
6.27147 1
3.95831 1
10.1977 1
1.44016 1
10.8257 1
6.68888 1
11.2252 1
3.16434 1
-3.84094 1
7.23205 1
3.18995 1
8.99935 1
7.57848 1
7.59645 1
8.54017 1
2.00832 1
7.63657 1
4.3903 1
10.6861 1
4.66017 1
14.2454 1
8.53624 1
3.89548 1
10.7711 1
4.12541 1
5.38258 1
6.51378 1
4.84929 1
9.54821 1
8.69814 1
10.8361 1
2.74429 1
7.26797 1
2.16968 1
5.51772 1
7.68438 1
4.65808 1
8.49798 1
13.138 1
6.83834 1
10.1512 1
13.9134 1
3.90843 1
9.0665 1
3.44712 1
4.80705 1
-2.06007 1
6.03615 1
5.37217 1
9.92912 1
5.37739 1
5.99154 1
11.9433 1
5.04085 1
7.8202 1
7.62027 1
5.70595 1
5.33158 1
-0.194591 1
6.55911 1
7.44307 1
2.68142 1
6.23746 1
3.73841 1
4.71596 1
7.03565 1
7.55229 1
3.5678 1
6.5019 1
3.71936 1
-1.97328 1
-0.418218 1
6.19342 1
2.97955 1
8.59303 1
1.90158 1
5.60589 1
0.972047 1
6.02838 1
5.47262 1
3.45168 1
3.83936 1
10.648 1
2.04107 1
4.6816 1
4.97044 1
8.14137 1
5.99525 1
10.6051 1
0.791897 1
3.20021 1
7.25084 1
6.71683 1
5.52957 1
4.97118 1
10.9544 1
-2.75596 1
10.126 1
8.76371 1
1.60281 1
3.70151 1
4.95902 1
6.512 1
8.40377 1
-1.30299 1
6.39294 1
7.65155 1
1.77446 1
2.54992 1
8.24481 1
7.51141 1
10.8475 1
3.76011 1
4.16224 1
4.16705 1
4.28537 1
4.0377 1
7.32678 1
-1.85424 1
12.281 1
6.21505 1
0.684134 1
4.46676 1
10.2568 1
6.38852 1
1.93267 1
13.3891 1
8.30759 1
5.10131 1
-1.22874 1
0.530939 1
1.22532 1
10.5846 1
6.89832 1
-2.56934 1
2.25324 1
5.04845 1
3.77678 1
5.89172 1
6.92568 1
1.75642 1
2.96174 1
3.024 1
4.2768 1
2.38283 1
7.87865 1
3.76956 1
0.0128861 1
7.86397 1
2.58507 1
6.26501 1
7.53932 1
8.93791 1
3.97832 1
3.97414 1
6.85043 1
13.9558 1
8.78401 1
9.31757 1
7.32416 1
7.71064 1
4.95768 1
9.49059 1
5.73578 1
5.05334 1
3.18256 1
5.74111 1
5.08689 1
5.20436 1
2.19068 1
4.33305 1
0.677087 1
5.48293 1
7.45132 1
6.59974 1
5.31931 1
2.4082 1
4.16527 1
6.73989 1
5.5547 1
7.9176 1
-3.19153 1
5.07341 1
5.91619 1
3.77922 1
2.38955 1
3.76273 1
5.05112 1
2.73616 1
2.64852 1
3.92005 1
2.66427 1
-2.6307 1
5.0014 1
7.07185 1
10.2869 1
0.921564 1
5.18429 1
4.81632 1
5.7029 1
7.31208 1
12.8792 1
-1.20136 1
10.4776 1
7.1072 1
8.14011 1
4.07923 1
10.2573 1
4.71394 1
5.35928 1
4.59289 1
9.84007 1
9.20997 1
4.13668 1
5.41192 1
6.16968 1
5.79266 1
7.22587 1
0.707121 1
11.5223 1
8.60459 1
7.45736 1
5.40048 1
8.01389 1
6.6219 1
5.91149 1
8.04005 1
-1.28888 1
2.00068 1
4.75034 1
4.11725 1
5.19713 1
13.0318 1
2.21216 1
7.6004 1
4.44293 1
1.43779 1
0.330776 1
2.72866 1
5.31252 1
0.274966 1
3.73084 1
5.055 1
11.9428 1
3.66433 1
8.02853 1
8.21205 1
6.55232 1
4.58458 1
3.8418 1
5.41422 1
1.84141 1
12.1342 1
6.41078 1
5.40423 1
7.54473 1
5.32324 1
5.22745 1
5.10601 1
6.56142 1
2.75504 1
6.31583 1
5.78389 1
7.60825 1
3.15841 1
2.86927 1
-1.04931 1
3.28924 1
11.2199 1
6.13759 1
7.65677 1
4.0866 1
4.05533 1
3.00853 1
5.68479 1
1.8624 1
1.24275 1
5.12289 1
6.82376 1
9.35689 1
-0.999279 1
6.0467 1
6.19823 1
2.621 1
7.30647 1
5.15543 1
5.68896 1
5.59595 1
8.04325 1
1.78359 1
3.43921 1
3.35172 1
10.9085 1
-0.548067 1
-0.845017 1
1.33842 1
5.68188 1
6.12253 1
5.3485 1
6.57293 1
1.56142 1
7.87061 1
2.34817 1
3.81394 1
7.08784 1
2.36974 1
14.3874 1
4.31225 1
4.40848 1
3.49548 1
3.73867 1
3.41972 1
2.92297 1
6.25195 1
7.36989 1
9.19761 1
-2.54963 1
-3.09653 1
4.69137 1
1.09578 1
5.59948 1
3.71711 1
5.38577 1
0.741961 1
2.0927 1
13.6111 1
12.3023 1
5.11126 1
2.7702 1
6.12139 1
11.7397 1
13.2022 1
4.51103 1
6.67387 1
7.53639 1
7.98247 1
3.42068 1
5.55753 1
5.92995 1
8.63108 1
9.53072 1
6.68074 1
2.95506 1
6.1858 1
5.62814 1
13.5 1
5.29097 1
6.36042 1
6.38893 1
5.26586 1
6.93934 1
2.79866 1
3.01985 1
11.2603 1
7.51078 1
6.00877 1
4.64496 1
5.4527 1
6.20491 1
2.60536 1
3.33489 1
0.338232 1
9.76285 1
6.77538 1
4.75721 1
8.67621 1
9.51977 1
2.34775 1
6.38553 1
1.96926 1
0.57532 1
12.4578 1
5.75882 1
3.33464 1
4.58385 1
5.55987 1
2.74282 1
3.57591 1
6.88077 1
7.98719 1
3.62091 1
1.5087 1
10.7582 1
1.39242 1
-2.41244 1
-0.28618 1
7.6608 1
4.81432 1
2.61519 1
7.78684 1
2.19959 1
1.90834 1
2.58014 1
13.7279 1
6.21895 1
7.61103 1
-1.42956 1
4.21974 1
-0.435125 1
1.2092 1
7.47741 1
0.652413 1
9.93432 1
4.50518 1
2.34506 1
12.8354 1
7.61567 1
0.763587 1
4.58243 1
6.64935 1
4.03657 1
7.02921 1
7.16832 1
6.65888 1
6.48138 1
-3.75932 1
5.54412 1
0.607892 1
8.80602 1
3.67274 1
5.04951 1
5.86435 1
5.48789 1
-3.51555 1
6.61176 1
14.6961 1
14.6395 1
3.63309 1
7.08956 1
4.65667 1
12.5753 1
-0.845379 1
-1.015 1
5.48985 1
7.21094 1
9.86262 1
12.8744 1
-1.17185 1
-3.39063 1
0.303983 1
6.1916 1
-0.100036 1
5.65599 1
6.14311 1
7.55361 1
4.3674 1
1.348 1
2.24664 1
5.57056 1
-1.05768 1
1.71893 1
5.60281 1
9.11312 1
5.29906 1
8.29757 1
4.10659 1
3.57645 1
5.6545 1
5.53068 1
2.44716 1
8.7364 1
11.875 1
3.2094 1
-0.593248 1
7.64602 1
-4.16929 1
10.7577 1
9.29808 1
11.1755 1
0.943805 1
5.09234 1
3.1746 1
1.74813 1
4.22082 1
4.1849 1
6.04819 1
4.6491 1
5.37532 1
13.7008 1
4.9924 1
5.4958 1
6.66982 1
6.76724 1
8.88282 1
2.00047 1
5.75919 1
8.81963 1
6.59502 1
2.76908 1
5.05281 1
7.22525 1
5.75058 1
4.42551 1
-0.46244 1
4.33953 1
-1.46471 1
4.63597 1
9.55882 1
0.562256 1
5.95157 1
2.44949 1
8.65292 1
3.79225 1
1.36252 1
1.33673 1
5.95897 1
2.84192 1
5.20104 1
3.75392 1
1.42706 1
6.88359 1
5.52578 1
2.07295 1
6.14143 1
8.0668 1
4.93342 1
7.16837 1
6.72418 1
5.47615 1
2.11686 1
12.8875 1
1.31758 1
-2.0069 1
11.1377 1
4.56224 1
4.92172 1
8.96658 1
1.44663 1
-0.804735 1
3.99575 1
2.95372 1
3.71793 1
4.79497 1
-0.950395 1
4.61992 1
5.88635 1
0.556104 1
8.94065 1
1.69332 1
-2.97118 1
8.26783 1
14.1085 1
8.09351 1
4.43347 1
2.24359 1
-3.34632 1
3.97297 1
7.37737 1
4.24017 1
-0.651611 1
9.19282 1
5.98385 1
4.20431 1
7.21329 1
4.47497 1
3.90448 1
2.35683 1
5.69075 1
5.37093 1
5.27546 1
8.1176 1
8.05785 1
6.99487 1
6.86873 1
8.47165 1
8.69822 1
2.83685 1
5.74748 1
10.4219 1
2.81153 1
1.89962 1
-3.43586 1
3.26081 1
7.63996 1
2.64156 1
6.82141 1
10.8625 1
7.71756 1
3.34514 1
4.07687 1
3.70329 1
6.55712 1
3.99458 1
2.98479 1
5.30905 1
5.5609 1
6.29033 1
0.0850536 1
2.29733 1
3.91752 1
4.73395 1
1.22535 1
2.96005 1
2.79044 1
2.46514 1
4.76161 1
2.00615 1
4.87498 1
3.10319 1
4.9333 1
2.41624 1
6.14334 1
4.89847 1
5.29883 1
13.8919 1
8.25778 1
5.20863 1
5.17036 1
4.38598 1
7.861 1
4.38283 1
12.5146 1
3.02006 1
6.56772 1
8.63088 1
11.7112 1
1.23413 1
11.0978 1
5.26049 1
-4.06023 1
7.33695 1
5.98154 1
-1.2418 1
4.73396 1
7.53936 1
9.06979 1
6.71805 1
4.93793 1
6.68077 1
4.80834 1
3.32586 1
7.64074 1
1.87877 1
8.67825 1
6.4658 1
8.20595 1
7.22568 1
5.05119 1
0.0885195 1
5.34837 1
5.1024 1
4.57653 1
3.57399 1
3.611 1
5.81952 1
6.71986 1
9.17455 1
4.14018 1
4.9795 1
2.7963 1
5.62593 1
5.80676 1
2.61182 1
5.18536 1
4.72627 1
5.78698 1
6.98635 1
5.26921 1
8.15883 1
1.1726 1
6.7723 1
-1.91151 1
2.98656 1
-0.557346 1
5.25842 1
5.76582 1
4.93507 1
1.94843 1
0.296157 1
5.18457 1
4.8706 1
6.55195 1
-3.07458 1
12.9275 1
2.12183 1
9.01162 1
6.16215 1
6.78414 1
2.59956 1
10.107 1
6.18611 1
5.61162 1
3.93891 1
12.9867 1
5.22444 1
7.67071 1
9.0834 1
5.22936 1
2.44021 1
4.1058 1
5.77941 1
6.77556 1
4.42421 1
2.62746 1
9.20687 1
9.01485 1
7.97708 1
6.6402 1
1.14202 1
-1.49787 1
6.67121 1
3.72126 1
3.29788 1
8.72108 1
4.83594 1
7.28732 1
4.47181 1
-2.88319 1
4.26356 1
4.48251 1
10.0435 1
5.5843 1
2.43808 1
4.46413 1
4.50671 1
5.08359 1
2.45741 1
9.12516 1
5.3889 1
7.7769 1
7.79641 1
5.1519 1
5.89654 1
4.2652 1
9.40582 1
5.57692 1
1.58267 1
-0.204138 1
2.77016 1
14.3846 1
4.02057 1
0.131209 1
6.34684 1
1.72197 1
6.80315 1
5.79552 1
-0.274845 1
4.50724 1
4.00912 1
6.77224 1
10.4335 1
5.55373 1
5.07813 1
0.870878 1
4.89842 1
-0.203683 1
11.4296 1
13.2117 1
-0.59743 1
6.51804 1
8.69858 1
9.85431 1
6.27028 1
6.10911 1
7.74451 1
5.65765 1
-0.876395 1
4.02693 1
5.76099 1
3.50048 1
10.0067 1
7.47327 1
3.98723 1
6.11069 1
4.37907 1
7.51597 1
0.6753 1
11.7466 1
2.94844 1
1.36283 1
6.7758 1
5.32329 1
6.50459 1
-0.519187 1
-0.0300076 1
4.69841 1
13.4502 1
-0.832303 1
4.70638 1
2.70521 1
8.53414 1
-1.41854 1
-1.89954 1
1.23366 1
3.27673 1
2.13055 1
0.187016 1
9.96393 1
4.51563 1
12.1641 1
5.40071 1
0.73328 1
7.07548 1
8.68035 1
6.18291 1
8.16373 1
8.26198 1
3.84695 1
3.94227 1
10.6439 1
5.26262 1
6.92607 1
6.64529 1
7.92467 1
8.19035 1
2.76869 1
10.5672 1
5.67683 1
7.96218 1
4.84457 1
3.0695 1
6.71587 1
3.82856 1
8.84926 1
6.1159 1
5.18366 1
7.31207 1
4.95303 1
4.50683 1
5.82049 1
4.67302 1
10.5697 1
7.93831 1
4.63468 1
3.17786 1
6.2637 1
1.15793 1
-0.756104 1
4.88935 1
-1.26928 1
2.95128 1
4.27886 1
6.48506 1
5.5065 1
8.31434 1
14.0213 1
0.207967 1
4.00612 1
4.5575 1
-1.88603 1
8.27321 1
4.91363 1
12.6394 1
5.67535 1
8.26234 1
8.28354 1
5.65721 1
5.64899 1
5.44581 1
5.1613 1
2.14778 1
-4.71921 1
-1.65457 1
8.46184 1
3.70618 1
0.839842 1
7.23766 1
7.34626 1
8.44235 1
6.94317 1
6.49391 1
5.01212 1
5.46233 1
2.21881 1
1.016 1
3.24106 1
6.92398 1
7.89478 1
3.81498 1
2.08733 1
6.13705 1
6.00406 1
3.48428 1
14.1766 1
2.50448 1
4.73066 1
4.89535 1
8.59394 1
-3.01907 1
4.6155 1
1.73228 1
8.567 1
5.35855 1
6.24612 1
4.29309 1
4.0586 1
10.6901 1
8.06284 1
9.58736 1
2.63662 1
7.19691 1
6.96464 1
7.28077 1
3.96354 1
-1.03612 1
4.15114 1
0.26714 1
5.69087 1
4.32647 1
5.31158 1
8.02068 1
4.83759 1
7.55696 1
10.7187 1
6.67217 1
4.04392 1
5.25886 1
4.43064 1
2.84714 1
7.44728 1
7.5158 1
6.01516 1
10.8261 1
4.99299 1
6.17621 1
3.28935 1
7.11482 1
7.54144 1
6.98995 1
13.0726 1
8.68179 1
8.70208 1
5.41264 1
4.81101 1
6.86222 1
5.54945 1
4.5671 1
6.43784 1
1.27891 1
8.75556 1
7.47004 1
2.63711 1
5.89465 1
4.46554 1
6.65604 1
5.6719 1
2.21508 1
1.72854 1
6.81082 1
5.2177 1
13.3761 1
9.45577 1
3.64878 1
8.6197 1
10.3409 1
8.98173 1
6.49474 1
7.52857 1
13.5659 1
4.3904 1
3.63198 1
0.483972 1
-3.65844 1
4.01757 1
4.62059 1
-1.47663 1
2.25198 1
1.12278 1
4.79434 1
3.63017 1
4.79926 1
9.53105 1
9.06222 1
4.11517 1
3.33661 1
11.7321 1
5.94269 1
2.45384 1
6.60708 1
3.46536 1
5.68863 1
3.53612 1
3.40075 1
4.71639 1
3.69531 1
6.65815 1
9.7568 1
4.43435 1
6.33764 1
3.35416 1
6.62752 1
4.79297 1
3.21349 1
4.9256 1
14.0777 1
3.08152 1
5.45856 1
4.17535 1
11.1993 1
8.49087 1
11.2237 1
4.63803 1
5.07458 1
6.25083 1
8.15313 1
4.32714 1
4.91525 1
6.64173 1
4.11232 1
0.503779 1
5.0911 1
-4.80013 1
1.64135 1
4.70104 1
6.86351 1
7.88688 1
7.81723 1
4.36279 1
2.92056 1
5.33802 1
4.53275 1
8.84478 1
14.0093 1
5.36876 1
6.04484 1
5.04107 1
5.26144 1
0.407785 1
6.42801 1
7.28508 1
7.46083 1
2.96016 1
3.41565 1
7.14473 1
3.84503 1
7.96712 1
5.28258 1
5.45641 1
11.6223 1
7.77528 1
8.4909 1
5.9673 1
4.87838 1
3.10406 1
5.70623 1
2.4665 1
9.46843 1
10.777 1
3.87851 1
0.0617265 1
3.68448 1
6.84342 1
1.23755 1
9.02376 1
5.77454 1
4.56959 1
6.41103 1
-2.33554 1
-3.41742 1
6.7869 1
1.31231 1
8.46621 1
3.4936 1
13.6305 1
4.02592 1
1.76758 1
2.75852 1
4.40579 1
5.94362 1
6.83643 1
0.325028 1
3.89889 1
4.75221 1
5.282 1
7.72477 1
11.364 1
4.53719 1
6.66566 1
4.7044 1
2.68614 1
5.70259 1
4.83463 1
6.04862 1
6.13862 1
3.93463 1
6.02094 1
-4.56999 1
5.33274 1
6.62028 1
7.14374 1
6.91904 1
7.35106 1
9.26901 1
7.37767 1
3.18361 1
5.91655 1
-1.33674 1
1.45836 1
7.88586 1
5.9535 1
5.13634 1
9.54306 1
4.98772 1
8.2474 1
-2.04695 1
3.38191 1
7.87309 1
5.01778 1
-0.160188 1
-0.85391 1
6.89731 1
13.2984 1
11.8059 1
11.5669 1
5.96312 1
-0.46506 1
3.39673 1
7.2234 1
5.97574 1
9.1946 1
3.73845 1
0.167824 1
2.29457 1
7.38933 1
10.7494 1
6.13666 1
3.88591 1
5.21133 1
5.78713 1
4.17943 1
14.489 1
8.53345 1
3.77905 1
4.883 1
-3.52171 1
3.58777 1
6.42799 1
3.22786 1
5.06753 1
3.67331 1
7.22774 1
4.07493 1
4.96734 1
6.88315 1
2.68233 1
7.93067 1
9.71852 1
4.48101 1
6.85243 1
2.92152 1
1.56531 1
13.9097 1
1.535 1
7.3662 1
6.43923 1
-1.36973 1
2.216 1
7.08953 1
5.71367 1
8.60612 1
1.9506 1
4.4858 1
3.93708 1
9.28443 1
8.20207 1
6.88403 1
7.44578 1
-0.314269 1
4.13246 1
3.45529 1
1.63108 1
-2.08419 1
7.9552 1
13.92 1
10.3988 1
2.72649 1
-1.06576 1
-1.09495 1
4.25281 1
-3.65371 1
6.05478 1
-4.07715 1
3.54923 1
5.16526 1
-3.05658 1
2.86632 1
6.47381 1
3.37958 1
6.53612 1
6.73635 1
-1.08699 1
6.4938 1
-3.11873 1
5.63738 1
3.34712 1
6.2546 1
4.15 1
4.48679 1
-1.74006 1
2.59052 1
4.18169 1
8.97642 1
7.23688 1
4.31909 1
1.94121 1
6.65242 1
7.47092 1
4.6137 1
10.8591 1
3.24918 1
5.16413 1
-3.79199 1
3.31141 1
8.78626 1
4.66433 1
1.26721 1
-3.75525 1
14.1509 1
13.9509 1
-3.92058 1
-1.12738 1
10.4231 1
0.260781 1
2.1057 1
-0.206371 1
6.55322 1
-0.3317 1
6.84916 1
10.8037 1
3.48588 1
12.8602 1
7.29471 1
5.58052 1
1.76166 1
9.59558 1
6.92578 1
6.75639 1
5.083 1
3.81557 1
7.01986 1
8.96073 1
4.65374 1
3.2584 1
9.58914 1
6.98699 1
5.49176 1
5.48034 1
14.8376 1
5.23388 1
11.0763 1
0.521313 1
6.66088 1
5.04734 1
4.37454 1
3.15043 1
2.20907 1
4.65406 1
6.13963 1
9.56506 1
4.34291 1
8.77329 1
5.8738 1
11.2129 1
12.2418 1
2.58525 1
7.76851 1
10.2186 1
8.62134 1
8.70262 1
6.29164 1
3.51516 1
2.77444 1
10.48 1
1.55902 1
7.5011 1
9.79264 1
11.7315 1
6.46667 1
5.98547 1
4.64626 1
13.1174 1
9.98367 1
1.3229 1
5.68746 1
11.4148 1
4.62822 1
4.4082 1
7.68462 1
-2.60328 1
0.206764 1
3.07155 1
0.966312 1
4.47551 1
5.07973 1
3.11845 1
8.38353 1
-1.09461 1
2.68059 1
4.66108 1
4.97704 1
4.05348 1
6.24491 1
10.3038 1
10.7108 1
6.11317 1
5.46829 1
6.24308 1
-2.048 1
3.78096 1
4.95393 1
7.10448 1
11.3315 1
5.87755 1
10.8129 1
11.7996 1
4.5241 1
3.26787 1
3.79072 1
1.96718 1
1.54321 1
9.41338 1
5.70873 1
10.6214 1
5.2084 1
2.91474 1
-3.59699 1
10.7409 1
0.777333 1
5.51783 1
3.73187 1
11.8638 1
11.2014 1
6.45496 1
5.7632 1
7.06822 1
3.61798 1
5.2657 1
10.1656 1
7.45317 1
5.22746 1
-1.06586 1
9.42573 1
4.87506 1
2.76094 1
5.55576 1
0.172034 1
9.39862 1
-1.02116 1
5.90655 1
3.43997 1
6.87775 1
7.23654 1
4.98855 1
5.40013 1
4.41992 1
-2.4806 1
5.675 1
4.50505 1
9.77267 1
7.41482 1
5.04108 1
4.74694 1
4.75889 1
1.7796 1
11.0288 1
0.852593 1
0.310749 1
7.12673 1
3.2259 1
7.89324 1
5.98032 1
14.6426 1
13.4246 1
-2.77591 1
5.2461 1
6.10525 1
-1.07818 1
3.70467 1
7.78971 1
8.87185 1
8.7429 1
4.91679 1
2.12057 1
5.25304 1
12.704 1
4.06062 1
12.9817 1
4.52593 1
3.97916 1
12.0946 1
6.37592 1
6.00563 1
6.29701 1
3.60152 1
7.94034 1
-3.28552 1
0.377383 1
0.823761 1
12.0183 1
12.7545 1
3.64281 1
7.07872 1
9.31923 1
7.74219 1
4.64686 1
1.69843 1
-3.43135 1
6.23456 1
3.20932 1
12.8053 1
5.86654 1
7.2553 1
4.0577 1
2.80747 1
14.2943 1
-3.60036 1
3.87447 1
2.2416 1
6.49272 1
3.60012 1
0.9669 1
1.35495 1
3.68221 1
6.40125 1
8.3851 1
4.8677 1
2.84913 1
5.77604 1
13.1773 1
4.64765 1
10.183 1
-0.778932 1
6.20901 1
4.72567 1
3.4083 1
7.8885 1
3.19543 1
3.06009 1
3.9224 1
11.3618 1
5.1709 1
8.89637 1
4.0197 1
6.92937 1
3.7794 1
1.7903 1
3.47475 1
4.38864 1
3.10942 1
6.82534 1
0.0143011 1
8.70577 1
13.0501 1
6.13936 1
-0.378164 1
-0.489273 1
6.27291 1
6.24005 1
4.84789 1
2.38382 1
5.32595 1
7.30756 1
4.88059 1
3.38676 1
2.22131 1
6.46103 1
13.5051 1
6.85755 1
5.94036 1
1.69366 1
2.52701 1
9.88925 1
6.27676 1
2.80441 1
6.26517 1
1.016 1
3.4775 1
0.714476 1
4.4933 1
3.6331 1
5.07904 1
5.37658 1
4.28839 1
3.94841 1
3.52185 1
5.33483 1
3.22964 1
4.72462 1
-0.305129 1
3.76733 1
4.73073 1
4.91542 1
8.71529 1
5.45564 1
4.74191 1
8.56083 1
5.62493 1
7.08092 1
3.73179 1
12.0605 1
5.14124 1
6.01669 1
4.28536 1
5.08807 1
2.65516 1
8.5531 1
-0.000520907 1
4.70102 1
5.0335 1
5.12516 1
9.30121 1
4.6505 1
2.56477 1
2.27259 1
2.90292 1
7.5741 1
4.02169 1
-0.227155 1
8.08153 1
-2.55191 1
0.700565 1
7.81252 1
5.15609 1
0.122271 1
11.2215 1
2.13314 1
6.1997 1
9.69793 1
9.16135 1
6.22056 1
7.54572 1
5.57895 1
7.58125 1
6.9932 1
4.01263 1
3.59556 1
8.82357 1
2.56072 1
11.5505 1
5.01568 1
3.74246 1
4.29547 1
2.72036 1
3.19145 1
-1.24321 1
8.37215 1
1.30505 1
6.0448 1
4.57059 1
7.12576 1
7.71673 1
-0.181063 1
3.56682 1
5.5802 1
1.62535 1
1.37224 1
5.78774 1
10.1031 1
4.43302 1
5.54193 1
3.6164 1
1.75404 1
2.18485 1
5.47796 1
3.76657 1
14.2722 1
5.34341 1
9.09297 1
8.30648 1
7.74717 1
4.62543 1
3.54887 1
9.37223 1
2.22774 1
-3.32953 1
4.65493 1
10.6643 1
8.86258 1
5.09416 1
13.757 1
6.02795 1
3.67066 1
-2.41022 1
6.52382 1
6.36333 1
8.7513 1
9.26284 1
8.17954 1
0.0819307 1
8.22675 1
11.0547 1
4.02683 1
9.15066 1
-2.78444 1
6.06968 1
4.55208 1
8.33004 1
3.763 1
3.36334 1
3.46882 1
7.79414 1
5.95164 1
9.55547 1
4.74074 1
10.7387 1
1.9857 1
3.86807 1
6.28299 1
6.38026 1
7.0601 1
2.61557 1
1.5718 1
10.9711 1
10.2778 1
11.4102 1
11.3756 1
2.26849 1
5.64048 1
5.43258 1
4.26759 1
8.22588 1
7.63088 1
1.67863 1
12.931 1
7.09378 1
5.12228 1
5.6577 1
0.339403 1
7.19579 1
6.9111 1
4.63004 1
3.45183 1
6.52829 1
3.97298 1
5.88248 1
3.59838 1
0.0591792 1
3.56417 1
6.45714 1
6.36556 1
0.312107 1
1.87431 1
4.9888 1
-0.499018 1
2.99205 1
7.89486 1
5.96686 1
3.16269 1
6.6021 1
-3.73506 1
4.22604 1
0.6357 1
7.27946 1
1.06237 1
9.21913 1
4.91818 1
1.59539 1
4.88116 1
6.42732 1
6.48726 1
12.13 1
2.94447 1
2.05126 1
3.84095 1
0.499783 1
6.57667 1
1.50227 1
12.8978 1
2.96344 1
7.12095 1
10.4521 1
4.39959 1
3.31658 1
6.9977 1
9.10387 1
4.74294 1
6.68928 1
11.7704 1
3.5073 1
6.99833 1
10.5317 1
7.6641 1
4.76533 1
2.38091 1
5.14744 1
5.80433 1
8.03768 1
2.35775 1
11.4324 1
5.70746 1
4.85448 1
2.3595 1
1.28782 1
5.08347 1
6.24367 1
6.51253 1
2.39422 1
3.12807 1
4.01437 1
4.64714 1
7.58841 1
4.2427 1
0.677692 1
4.06364 1
4.57115 1
3.1763 1
7.19675 1
8.21312 1
5.86704 1
3.44073 1
-2.48299 1
5.7298 1
7.86809 1
12.4753 1
14.3156 1
5.36355 1
6.91583 1
10.5833 1
6.63392 1
6.02182 1
4.58641 1
2.95416 1
6.02826 1
4.88601 1
-0.594546 1
-0.558188 1
9.3038 1
6.63407 1
6.96305 1
4.78322 1
1.90023 1
4.9118 1
6.56484 1
3.76625 1
8.72455 1
7.52416 1
7.31281 1
9.65245 1
3.16066 1
3.42983 1
6.57207 1
12.7546 1
4.28807 1
4.80745 1
-0.853527 1
2.49651 1
11.1848 1
5.74914 1
-3.47389 1
2.5166 1
9.03029 1
4.60653 1
1.01922 1
11.1183 1
7.78101 1
1.79049 1
9.37347 1
4.14862 1
4.26466 1
10.1954 1
7.44169 1
4.93861 1
8.89146 1
4.48592 1
6.85901 1
6.68731 1
6.63927 1
4.64474 1
2.88837 1
2.1018 1
7.70347 1
5.25207 1
13.0793 1
1.95789 1
2.1 1
2.67578 1
2.85153 1
-0.994091 1
0.758483 1
11.8048 1
-0.628279 1
11.2243 1
2.64659 1
6.1331 1
4.07481 1
8.76202 1
5.36003 1
7.93794 1
11.795 1
7.58822 1
7.69515 1
2.34137 1
8.28332 1
5.20034 1
6.79376 1
5.7682 1
9.03001 1
4.56748 1
-1.54239 1
7.49619 1
6.34913 1
-2.31248 1
2.17377 1
4.47041 1
3.53805 1
3.93258 1
-0.362195 1
2.70018 1
1.98717 1
10.277 1
6.27612 1
2.45738 1
5.94934 1
4.88127 1
4.88576 1
7.01404 1
5.55479 1
4.29186 1
3.11846 1
8.42212 1
-0.771998 1
6.45706 1
5.31221 1
9.71801 1
9.99764 1
6.03572 1
2.49755 1
9.59924 1
8.04036 1
7.71432 1
2.10168 1
3.29143 1
9.17055 1
4.2916 1
6.64166 1
-2.1934 1
6.15391 1
6.73587 1
5.02804 1
4.6351 1
8.58371 1
3.1978 1
3.13124 1
5.85638 1
5.79176 1
8.2163 1
2.55663 1
4.76639 1
-1.44257 1
-3.93342 1
-3.75995 1
4.86397 1
1.50385 1
5.01181 1
8.18338 1
3.3865 1
3.74179 1
8.9443 1
5.83913 1
-3.92072 1
12.3945 1
2.99225 1
4.9219 1
3.8447 1
3.01195 1
12.3808 1
5.16018 1
9.04404 1
9.88018 1
7.08753 1
7.12904 1
5.066 1
4.39656 1
-4.60689 1
5.28836 1
5.09066 1
5.31392 1
6.13602 1
5.59457 1
3.15214 1
6.46729 1
4.84644 1
1.61132 1
-4.68288 1
10.8523 1
-0.260552 1
5.57442 1
5.0755 1
4.76882 1
0.731998 1
12.5777 1
7.54834 1
6.55592 1
12.1446 1
12.9264 1
4.68544 1
2.55749 1
4.80098 1
6.21152 1
4.57591 1
2.21752 1
6.1999 1
5.5061 1
14.3996 1
13.2947 1
2.45053 1
-3.91242 1
3.22283 1
3.93538 1
13.3089 1
4.02037 1
12.6333 1
4.03056 1
2.75546 1
3.90429 1
9.84431 1
-2.98169 1
-0.420727 1
6.30681 1
6.93446 1
7.2487 1
6.39486 1
14.7987 1
7.3916 1
3.95762 1
5.68758 1
6.41639 1
6.2824 1
10.877 1
5.8482 1
4.2058 1
6.27223 1
7.18354 1
5.58682 1
10.2019 1
1.29175 1
4.42812 1
5.00427 1
10.8314 1
7.07797 1
5.2591 1
2.83189 1
4.03133 1
5.7682 1
10.7683 1
7.44852 1
5.22453 1
4.34153 1
6.77484 1
7.37991 1
5.7092 1
9.2327 1
5.06729 1
4.66234 1
4.41585 1
4.14372 1
2.86952 1
5.98281 1
5.23058 1
5.12101 1
-0.800825 1
5.57644 1
8.60424 1
3.34109 1
7.75103 1
5.77303 1
1.73302 1
-0.741152 1
6.11156 1
7.79492 1
4.09499 1
4.42492 1
4.97432 1
8.20419 1
4.15527 1
4.80038 1
4.49181 1
3.62596 1
12.7512 1
6.07785 1
6.98301 1
6.51981 1
3.51676 1
5.84847 1
4.56297 1
11.6306 1
10.7556 1
8.93158 1
4.04747 1
8.59833 1
9.65136 1
4.44157 1
6.22226 1
-3.30635 1
3.20025 1
6.75416 1
6.91377 1
4.67582 1
9.35267 1
6.75215 1
5.10856 1
8.2188 1
5.5346 1
7.45416 1
2.24503 1
8.80057 1
6.73027 1
5.54871 1
3.31917 1
4.43118 1
5.79377 1
5.77664 1
4.01363 1
9.46825 1
-1.29001 1
4.51083 1
4.34381 1
6.05132 1
11.6984 1
-2.95806 1
2.76017 1
2.57981 1
-0.602944 1
2.33648 1
7.07769 1
6.37781 1
5.07921 1
14.6206 1
4.18676 1
5.13537 1
-3.18824 1
3.52983 1
10.3138 1
2.38993 1
10.7008 1
3.14856 1
11.8802 1
6.67502 1
7.56551 1
0.170231 1
6.99967 1
2.83393 1
5.55197 1
6.49422 1
1.4165 1
4.88511 1
5.35235 1
8.27591 1
5.15856 1
1.59888 1
4.61314 1
3.06948 1
4.11153 1
4.29321 1
7.524 1
6.11764 1
12.7769 1
5.92961 1
7.7652 1
11.3377 1
6.34099 1
4.01982 1
13.6605 1
7.53428 1
6.50042 1
9.4576 1
5.71624 1
-3.56937 1
-2.63338 1
-0.710764 1
6.865 1
4.50366 1
5.75892 1
4.50222 1
6.80854 1
1.45163 1
3.37256 1
2.93386 1
4.58675 1
4.97626 1
8.56159 1
7.21854 1
3.56043 1
2.28779 1
7.87639 1
-3.88083 1
5.95987 1
0.499811 1
6.6742 1
14.2274 1
0.932844 1
6.71348 1
1.44934 1
9.81697 1
4.60704 1
5.57566 1
5.08721 1
8.41985 1
3.01602 1
3.82558 1
6.83825 1
7.73852 1
6.76643 1
7.48919 1
4.36006 1
5.84271 1
10.559 1
8.2627 1
1.13153 1
4.00355 1
5.55381 1
3.69388 1
5.12508 1
3.32694 1
7.23481 1
6.11135 1
8.56027 1
4.75618 1
9.44917 1
12.3571 1
8.11689 1
8.28377 1
7.69424 1
7.57684 1
4.58278 1
7.84331 1
8.05949 1
7.90583 1
14.0226 1
8.88148 1
11.9971 1
5.34595 1
2.34671 1
5.48065 1
-1.77348 1
12.7083 1
-2.05099 1
6.45651 1
-0.90171 1
1.04636 1
3.97819 1
9.70794 1
5.64045 1
4.50822 1
8.01829 1
3.07308 1
5.28602 1
7.60078 1
4.92598 1
4.8781 1
5.06959 1
6.80537 1
5.31485 1
7.31005 1
3.99287 1
6.55485 1
7.98113 1
6.9596 1
11.816 1
12.2874 1
6.97994 1
0.351602 1
7.69025 1
6.51589 1
6.09706 1
4.37763 1
5.31132 1
6.35773 1
4.51843 1
1.43462 1
12.9851 1
8.0222 1
7.19034 1
6.97079 1
4.93393 1
3.77999 1
3.36153 1
0.260152 1
2.066 1
4.12089 1
11.4559 1
6.74127 1
5.82729 1
9.86272 1
1.29727 1
4.00491 1
5.76059 1
7.41535 1
6.91876 1
2.10365 1
4.59343 1
7.38327 1
8.14255 1
6.88521 1
5.07505 1
8.44808 1
-2.71332 1
2.91945 1
2.28852 1
9.84987 1
9.96454 1
-0.724177 1
7.70565 1
-3.21625 1
7.34585 1
6.2559 1
2.63845 1
3.16675 1
5.61216 1
5.75245 1
5.15296 1
9.95469 1
6.91944 1
3.63598 1
7.2501 1
0.765239 1
3.82855 1
0.522092 1
8.696 1
9.02932 1
-0.0249718 1
4.05464 1
6.3869 1
7.08263 1
7.16687 1
7.93589 1
4.30635 1
1.52048 1
-3.00271 1
5.60201 1
6.54493 1
3.44543 1
2.74978 1
6.25056 1
7.41679 1
2.66188 1
0.725009 1
6.68721 1
7.13182 1
3.90344 1
6.59382 1
6.86423 1
1.62465 1
3.34725 1
8.37135 1
5.2811 1
4.48099 1
6.03898 1
4.6081 1
8.59404 1
1.1641 1
-0.351102 1
4.97959 1
5.49855 1
4.09881 1
0.790533 1
5.12777 1
7.85201 1
1.40568 1
7.36516 1
0.169596 1
3.33633 1
-1.43824 1
3.376 1
0.121678 1
5.77877 1
4.0688 1
4.8482 1
4.09663 1
9.89519 1
4.89471 1
7.40632 1
5.06581 1
4.81929 1
-4.77245 1
0.912055 1
5.75221 1
4.95292 1
4.48117 1
6.08755 1
-1.31057 1
7.84014 1
2.6153 1
6.86516 1
3.70511 1
5.28837 1
5.12193 1
8.76934 1
2.95254 1
7.78646 1
3.45102 1
-3.91921 1
2.41163 1
0.217267 1
3.51828 1
4.79611 1
4.53841 1
5.54129 1
0.704751 1
5.11449 1
1.48352 1
12.6357 1
2.04014 1
5.84878 1
9.70864 1
4.93334 1
1.84469 1
13.5887 1
4.57243 1
-0.556982 1
5.02907 1
4.11873 1
10.2013 1
6.5161 1
1.3519 1
6.57182 1
1.90713 1
0.124716 1
4.90468 1
2.43743 1
8.27138 1
0.641408 1
3.38914 1
3.50668 1
2.61079 1
5.40907 1
3.3223 1
7.88816 1
-0.113513 1
6.24317 1
5.44578 1
