0.32401 1
3.53129 1
3.15005 1
4.38028 1
6.44132 1
-2.67589 1
7.21702 1
7.22552 1
7.37423 1
6.22512 1
8.16347 1
11.1668 1
-2.5245 1
7.67496 1
6.03205 1
2.92718 1
6.69715 1
3.34765 1
5.08497 1
8.2659 1
3.79222 1
13.7125 1
5.92171 1
5.94859 1
6.13785 1
4.14128 1
13.6172 1
9.52051 1
13.0183 1
5.16992 1
7.4233 1
4.00221 1
14.046 1
1.37738 1
6.42185 1
13.5222 1
3.07742 1
-3.62672 1
11.2706 1
2.99463 1
6.48961 1
9.45171 1
4.90373 1
5.9927 1
4.1367 1
12.8383 1
7.05181 1
11.1038 1
7.5549 1
10.5802 1
2.38188 1
10.9644 1
3.20787 1
2.2604 1
4.73967 1
0.0799126 1
14.1187 1
1.88697 1
9.78503 1
9.94408 1
13.5886 1
5.01587 1
6.5115 1
2.55437 1
7.65927 1
5.06337 1
5.01145 1
3.47687 1
1.54301 1
3.38913 1
2.5544 1
2.71973 1
4.16674 1
12.8603 1
0.758347 1
8.07555 1
4.681 1
5.92961 1
-4.75162 1
6.35354 1
3.67445 1
2.52708 1
8.696 1
8.07128 1
3.51532 1
5.1467 1
4.9888 1
4.30528 1
7.5105 1
4.96819 1
1.97352 1
2.67457 1
6.36247 1
2.95844 1
3.05547 1
8.08678 1
1.02045 1
2.4356 1
-4.21967 1
6.51018 1
5.59806 1
6.93847 1
8.03495 1
8.81145 1
11.8575 1
8.03946 1
3.02861 1
2.25668 1
3.63901 1
9.87244 1
6.54921 1
4.09377 1
5.78073 1
7.69608 1
4.84717 1
-3.27163 1
7.22858 1
12.1365 1
3.78378 1
7.28211 1
4.97244 1
-1.24239 1
5.62076 1
4.12319 1
0.681962 1
6.3488 1
6.63219 1
-4.38087 1
4.85053 1
1.74188 1
5.78782 1
5.51235 1
1.30271 1
3.80798 1
7.97734 1
3.30947 1
-4.11766 1
5.01026 1
5.50242 1
8.50502 1
2.15493 1
13.5208 1
13.0825 1
5.77122 1
4.59862 1
3.51832 1
0.493375 1
5.89318 1
11.4803 1
4.91859 1
4.47894 1
6.65772 1
3.92116 1
6.85938 1
5.00158 1
-1.74973 1
6.16294 1
6.0637 1
8.16126 1
6.78379 1
1.49309 1
13.0117 1
5.25449 1
3.11434 1
3.16287 1
4.52094 1
3.98815 1
5.9887 1
6.17627 1
2.81961 1
3.50063 1
6.61831 1
4.05444 1
4.66711 1
5.37125 1
5.70425 1
1.26923 1
4.0469 1
7.163 1
3.85042 1
6.39384 1
7.09813 1
14.4418 1
4.72997 1
3.41543 1
5.44536 1
5.10074 1
5.33914 1
6.15157 1
3.13692 1
8.11775 1
3.8206 1
6.32012 1
5.42118 1
10.5861 1
3.45892 1
4.19041 1
7.45944 1
7.07556 1
0.545512 1
6.38502 1
5.02228 1
6.61045 1
5.81107 1
5.65678 1
10.6608 1
5.45896 1
-3.76273 1
-4.76954 1
4.2876 1
1.69004 1
10.5896 1
4.93361 1
5.94921 1
3.16603 1
8.2755 1
5.93453 1
3.14854 1
-1.34696 1
5.8636 1
5.69327 1
5.20997 1
6.34716 1
2.37586 1
7.14522 1
5.32089 1
2.26904 1
5.46782 1
4.2394 1
1.27094 1
6.66801 1
6.18827 1
6.83843 1
5.24522 1
4.3474 1
9.80849 1
9.23956 1
7.688 1
4.50439 1
5.22188 1
5.54408 1
5.24175 1
2.24824 1
6.7585 1
4.88542 1
11.2778 1
4.96762 1
8.11787 1
1.40761 1
7.50506 1
-1.50176 1
3.3576 1
4.99181 1
8.00608 1
4.45862 1
9.9032 1
10.4487 1
13.1105 1
0.577455 1
0.57982 1
3.08421 1
-4.68928 1
0.667726 1
4.93322 1
7.03642 1
1.90599 1
4.344 1
3.21872 1
-3.09045 1
8.0021 1
5.83166 1
5.65749 1
5.22767 1
3.93625 1
1.64796 1
3.79093 1
-0.453219 1
7.3352 1
5.00281 1
8.08851 1
5.11166 1
3.52086 1
4.33275 1
4.1543 1
1.59104 1
6.32475 1
3.47289 1
-3.6793 1
5.74117 1
5.82332 1
5.72181 1
3.61745 1
4.61415 1
4.22309 1
1.61238 1
9.56213 1
5.61142 1
6.57958 1
2.54225 1
1.3761 1
-1.97718 1
-4.04315 1
6.56786 1
-1.87481 1
3.8779 1
3.66295 1
3.9715 1
12.5724 1
5.41372 1
11.9953 1
14.2222 1
3.86783 1
8.14762 1
7.06918 1
9.47737 1
7.34265 1
4.5924 1
6.36374 1
6.95342 1
2.17111 1
3.80299 1
4.96097 1
12.4525 1
3.48916 1
4.61053 1
-0.59995 1
4.31085 1
4.93181 1
11.8853 1
14.325 1
1.15893 1
3.61177 1
13.3043 1
4.35679 1
5.44221 1
3.66029 1
14.1388 1
9.03956 1
2.10865 1
4.14857 1
9.92343 1
2.83815 1
6.1796 1
5.97663 1
0.129133 1
5.90605 1
3.81855 1
-0.742347 1
7.5199 1
6.43438 1
0.589656 1
6.64426 1
5.07371 1
7.97872 1
4.05331 1
8.69951 1
4.27574 1
5.83688 1
4.01578 1
8.86489 1
10.0523 1
5.85015 1
5.91918 1
4.12539 1
4.31888 1
6.32646 1
5.24138 1
0.478945 1
12.4841 1
3.53641 1
11.0008 1
7.2637 1
6.5209 1
11.1445 1
1.9959 1
4.35377 1
5.38125 1
7.02841 1
-0.658658 1
1.26088 1
5.92425 1
6.38397 1
0.103771 1
5.15347 1
3.36494 1
5.09381 1
0.734092 1
6.61398 1
0.127752 1
11.0951 1
2.09547 1
3.11785 1
3.97987 1
4.2305 1
3.01086 1
6.89557 1
1.84376 1
5.45903 1
5.72912 1
6.12069 1
6.21615 1
6.07997 1
0.434276 1
-3.95942 1
1.05678 1
2.00745 1
9.34115 1
4.2647 1
9.66268 1
0.895638 1
7.38493 1
5.57663 1
3.17669 1
6.41299 1
-1.90772 1
3.33169 1
6.06978 1
4.04089 1
5.33217 1
3.79954 1
3.5995 1
4.71449 1
2.17521 1
3.58455 1
1.7132 1
9.44152 1
-3.39416 1
0.963858 1
4.85979 1
1.069 1
5.00003 1
1.35974 1
7.40787 1
4.20407 1
5.046 1
2.73861 1
-0.155347 1
1.12042 1
10.4257 1
14.4791 1
2.50928 1
7.54026 1
3.41575 1
5.97847 1
7.26404 1
4.79616 1
7.94432 1
5.97853 1
8.62236 1
10.9472 1
6.91152 1
5.43148 1
4.41715 1
2.84602 1
7.9115 1
7.06991 1
8.06231 1
4.15927 1
7.51384 1
5.22356 1
8.21346 1
6.306 1
7.64263 1
4.65976 1
8.75546 1
5.29495 1
5.08923 1
5.4372 1
6.48582 1
0.636801 1
-0.48358 1
2.67713 1
1.23638 1
0.927036 1
4.97161 1
8.41466 1
6.01289 1
7.05315 1
0.623415 1
6.19901 1
3.92534 1
4.55106 1
5.92473 1
-1.44718 1
0.394384 1
4.34384 1
4.63597 1
5.19597 1
5.82898 1
3.35623 1
3.59168 1
5.20645 1
4.90407 1
2.75452 1
4.91777 1
6.94478 1
5.74845 1
3.2348 1
4.97889 1
9.89039 1
6.14741 1
5.48734 1
-3.81901 1
-0.786154 1
3.50588 1
8.57903 1
5.60257 1
7.51726 1
-2.21321 1
5.59475 1
12.7321 1
10.6152 1
1.52818 1
3.01825 1
2.92709 1
3.95034 1
13.9512 1
3.35462 1
2.57837 1
5.71451 1
7.17143 1
4.70336 1
4.59272 1
6.38323 1
8.92743 1
-0.57979 1
5.95495 1
5.56108 1
5.71055 1
3.65413 1
4.104 1
4.24213 1
-3.75441 1
4.30519 1
-2.01795 1
6.89715 1
10.5646 1
3.95459 1
-3.03179 1
4.44202 1
5.66624 1
9.39418 1
3.02423 1
8.29119 1
-2.27831 1
5.60509 1
5.01024 1
11.5414 1
4.79403 1
6.26861 1
0.969391 1
4.78676 1
5.42539 1
2.91866 1
4.14859 1
4.19534 1
3.81176 1
1.94188 1
2.04417 1
5.21941 1
6.87403 1
8.64931 1
5.84115 1
5.65907 1
5.48152 1
4.87183 1
-0.810967 1
-1.31946 1
1.1679 1
3.20598 1
6.54584 1
7.13615 1
3.64473 1
5.9584 1
5.65399 1
5.20404 1
0.154268 1
7.51872 1
2.71834 1
3.69647 1
4.83303 1
5.92715 1
5.17525 1
4.96255 1
11.2236 1
-4.50182 1
9.16328 1
4.94711 1
5.69085 1
10.0142 1
7.99674 1
8.56132 1
5.04939 1
4.13744 1
3.16242 1
2.07077 1
7.81532 1
4.26546 1
4.93357 1
-1.14387 1
-3.29802 1
5.14399 1
8.55481 1
4.89513 1
4.46189 1
7.26486 1
2.11942 1
6.51729 1
7.1416 1
7.52878 1
4.38512 1
-1.51054 1
4.31097 1
-0.742402 1
4.18734 1
5.54742 1
6.74227 1
4.98741 1
6.0028 1
-0.866382 1
4.42947 1
7.3056 1
-1.50476 1
0.148525 1
3.36692 1
3.62937 1
4.8817 1
3.10462 1
3.2694 1
3.6176 1
3.94004 1
2.46378 1
8.8507 1
6.29336 1
5.09767 1
1.79264 1
-2.05005 1
7.4523 1
3.64933 1
4.85318 1
6.09656 1
8.85271 1
4.09409 1
4.17727 1
6.81576 1
7.76366 1
14.8333 1
9.68676 1
3.96351 1
5.70382 1
7.76812 1
3.11386 1
3.49477 1
3.44005 1
7.06275 1
2.56963 1
-1.7644 1
4.94142 1
11.4837 1
-0.560997 1
5.36631 1
6.53084 1
7.12841 1
4.12758 1
12.7572 1
5.78448 1
4.36284 1
7.93042 1
1.9802 1
6.30173 1
10.2137 1
3.76839 1
10.7183 1
6.37401 1
2.80716 1
6.22591 1
4.96901 1
4.98043 1
9.03491 1
14.6803 1
6.38994 1
5.36963 1
7.61152 1
3.67144 1
12.9593 1
3.87533 1
1.53193 1
3.27952 1
6.32853 1
8.50198 1
3.03901 1
5.7011 1
7.42506 1
5.31797 1
6.89601 1
0.47175 1
3.48508 1
4.83425 1
5.4377 1
3.49214 1
3.46952 1
6.18225 1
8.39741 1
9.12254 1
4.01857 1
7.17578 1
10.6385 1
5.9501 1
5.7238 1
2.48533 1
7.14175 1
-2.10306 1
12.5299 1
4.44217 1
7.4289 1
6.12428 1
4.50658 1
1.39605 1
4.96925 1
2.63801 1
5.82449 1
5.61657 1
4.17968 1
-3.77793 1
7.3814 1
4.66959 1
6.36181 1
11.0569 1
4.81372 1
2.98917 1
5.77123 1
-2.53213 1
3.26295 1
3.38813 1
4.23494 1
5.77496 1
4.07824 1
5.96281 1
4.39975 1
5.1779 1
4.44132 1
2.63046 1
3.94478 1
5.17816 1
0.464314 1
9.01376 1
2.02711 1
4.53831 1
-2.136 1
5.0236 1
6.74808 1
4.90901 1
5.10294 1
2.59606 1
0.77392 1
8.07196 1
6.14173 1
3.1176 1
7.41557 1
-1.99103 1
5.29598 1
5.77784 1
6.68847 1
8.28103 1
5.57731 1
5.73199 1
8.658 1
9.45548 1
6.33059 1
10.5372 1
-0.0946724 1
6.72651 1
11.5571 1
8.00719 1
6.58153 1
5.34374 1
3.0358 1
5.56515 1
9.23273 1
6.08913 1
4.82687 1
3.22133 1
6.21001 1
4.14819 1
9.80648 1
6.78473 1
2.7045 1
4.29845 1
8.64557 1
3.9776 1
6.99111 1
2.59086 1
5.38263 1
10.8313 1
8.32691 1
1.26216 1
3.42587 1
3.1482 1
4.54885 1
5.73392 1
5.65218 1
2.10179 1
4.43613 1
12.3682 1
4.91532 1
2.07432 1
1.95484 1
3.24767 1
5.72596 1
4.22528 1
6.19268 1
2.65357 1
5.8785 1
8.1848 1
-1.67737 1
8.71558 1
2.36779 1
9.98754 1
4.8173 1
5.46598 1
4.19165 1
5.15032 1
6.34307 1
13.4744 1
2.60762 1
6.99348 1
6.594 1
2.70402 1
1.25845 1
5.41626 1
6.70446 1
4.72433 1
5.26664 1
5.16401 1
8.95123 1
8.63915 1
3.12351 1
7.69688 1
4.24021 1
-4.16383 1
5.93108 1
6.91896 1
8.14118 1
4.77463 1
4.53868 1
1.50375 1
-3.47291 1
6.55296 1
4.46895 1
4.56486 1
6.62033 1
6.73062 1
3.8649 1
7.69633 1
5.35806 1
2.91172 1
6.72918 1
4.61309 1
6.09214 1
2.42947 1
10.534 1
11.2418 1
3.4709 1
8.49252 1
12.273 1
6.38398 1
4.218 1
7.04383 1
5.40065 1
4.02994 1
7.48939 1
-1.62806 1
7.17932 1
-0.37836 1
6.4612 1
5.8504 1
5.63983 1
8.63555 1
9.02539 1
9.28631 1
7.96926 1
0.349461 1
3.9761 1
4.26521 1
5.29054 1
2.37751 1
7.03347 1
5.09015 1
2.64066 1
3.60281 1
3.81672 1
6.35381 1
-0.0825117 1
6.59742 1
6.42568 1
13.3055 1
3.61446 1
9.09911 1
4.75232 1
2.37116 1
2.7504 1
3.66205 1
14.2982 1
4.03891 1
6.97639 1
6.45363 1
5.30981 1
2.90376 1
6.80936 1
3.99667 1
4.82989 1
3.91038 1
6.07176 1
4.12453 1
5.052 1
3.68786 1
2.01501 1
9.22457 1
6.05457 1
7.83514 1
3.30706 1
10.7259 1
5.70131 1
4.98736 1
4.30274 1
3.57837 1
7.21765 1
4.66734 1
5.30182 1
7.38728 1
8.18093 1
3.94885 1
0.690042 1
3.72664 1
4.30166 1
4.19033 1
3.12051 1
3.89394 1
6.41105 1
6.8834 1
6.34969 1
4.96429 1
6.17836 1
6.76773 1
9.02123 1
4.85216 1
1.38833 1
5.25764 1
4.16698 1
6.30443 1
4.99538 1
5.70107 1
13.3171 1
4.19185 1
8.25014 1
2.89744 1
6.13918 1
5.73609 1
4.09392 1
-2.9615 1
10.2483 1
5.2365 1
3.64623 1
9.71125 1
7.05064 1
6.23173 1
5.67684 1
3.96633 1
3.84353 1
3.56383 1
0.448348 1
12.1454 1
4.76931 1
5.03271 1
8.52421 1
9.19494 1
10.6771 1
-1.72588 1
4.8895 1
7.03361 1
0.0863699 1
7.97996 1
7.74797 1
8.22933 1
7.83247 1
6.02718 1
14.2194 1
2.32473 1
0.0299217 1
6.05378 1
2.30855 1
6.3904 1
3.03036 1
1.72223 1
5.29804 1
5.26814 1
14.7203 1
4.63238 1
3.76707 1
7.54765 1
-2.57747 1
5.14727 1
1.51237 1
9.06485 1
8.73166 1
4.50191 1
-1.49647 1
6.34377 1
4.07308 1
2.36148 1
6.57113 1
8.99584 1
-3.11516 1
2.76371 1
1.7921 1
7.82738 1
4.12098 1
6.46843 1
6.55968 1
3.7439 1
4.70141 1
4.59098 1
7.50101 1
3.39641 1
5.72874 1
4.76096 1
5.72257 1
1.78832 1
4.76877 1
5.18615 1
2.47195 1
5.64339 1
1.66263 1
2.05152 1
9.49335 1
5.42168 1
2.3212 1
6.56721 1
10.2273 1
8.09028 1
1.33404 1
8.96501 1
4.20532 1
6.40842 1
7.16333 1
3.02794 1
6.09713 1
10.5666 1
7.19149 1
4.50868 1
3.6063 1
3.16968 1
0.347854 1
5.15057 1
6.38175 1
7.21841 1
-1.31758 1
4.17108 1
14.8441 1
4.37853 1
1.63165 1
3.53181 1
5.42229 1
5.46035 1
3.86854 1
4.29263 1
6.55178 1
9.9908 1
9.64452 1
8.03782 1
-1.08114 1
5.88957 1
6.06545 1
11.0198 1
3.07972 1
3.29965 1
6.60886 1
7.13858 1
4.87572 1
5.1749 1
6.72644 1
4.88474 1
-0.569158 1
1.78336 1
1.97689 1
4.04146 1
5.53505 1
1.07996 1
3.6935 1
4.76954 1
5.57079 1
7.54869 1
2.66145 1
4.70812 1
7.7594 1
10.8053 1
4.56381 1
7.02889 1
5.54098 1
4.46403 1
4.6535 1
10.7947 1
5.0832 1
6.38025 1
3.38217 1
14.4059 1
3.6698 1
2.57872 1
3.19841 1
10.2245 1
-0.664401 1
8.28602 1
5.30549 1
5.79884 1
4.98297 1
4.52712 1
5.21545 1
1.4132 1
2.87024 1
10.3075 1
4.75414 1
7.20555 1
11.3295 1
-0.628709 1
11.0281 1
5.35991 1
4.78673 1
14.6111 1
5.28805 1
5.57468 1
1.10155 1
3.4442 1
4.89464 1
5.85714 1
4.40643 1
6.41239 1
2.05252 1
3.43063 1
12.475 1
6.9859 1
12.563 1
4.39223 1
1.16685 1
8.66781 1
-0.390839 1
6.54414 1
-1.21838 1
5.43542 1
6.26447 1
3.82577 1
7.45363 1
4.03919 1
8.10951 1
4.81977 1
6.0105 1
9.28148 1
5.19395 1
4.43411 1
5.42054 1
1.70171 1
5.57921 1
0.372727 1
8.24288 1
2.50778 1
4.32356 1
-1.34351 1
6.0979 1
6.33307 1
4.47643 1
5.39225 1
1.23207 1
13.4548 1
5.79187 1
5.03518 1
3.80215 1
9.30682 1
5.00071 1
4.50854 1
2.58196 1
6.76859 1
4.95795 1
5.07464 1
12.5054 1
3.25272 1
1.86972 1
7.14865 1
2.07133 1
4.45443 1
2.15487 1
6.67817 1
5.70366 1
5.7575 1
3.02876 1
5.9364 1
5.48775 1
5.00321 1
2.21474 1
4.82648 1
3.39828 1
4.23001 1
8.96607 1
11.4709 1
1.01402 1
5.38973 1
6.92788 1
5.66931 1
5.83754 1
11.5227 1
4.34952 1
2.44606 1
6.73297 1
6.30678 1
6.46128 1
4.55797 1
5.82543 1
6.21734 1
4.18414 1
5.96082 1
0.0330772 1
4.19204 1
6.67254 1
3.87133 1
6.81789 1
3.83793 1
8.26228 1
4.76931 1
3.76626 1
-1.54142 1
4.96174 1
5.67925 1
6.17521 1
10.5302 1
8.04131 1
14.4437 1
8.78436 1
5.92692 1
8.10443 1
5.95821 1
6.42115 1
5.2946 1
8.1136 1
-3.12088 1
3.61604 1
2.51185 1
10.8762 1
2.03315 1
7.80323 1
5.43694 1
13.3566 1
6.57855 1
4.00042 1
9.45991 1
8.47172 1
-1.47798 1
8.16927 1
10.9477 1
1.98357 1
6.72104 1
5.40647 1
3.1428 1
7.47767 1
7.58305 1
6.99131 1
4.65156 1
-1.27722 1
2.66646 1
8.17487 1
2.50576 1
-1.67262 1
11.8111 1
4.93965 1
2.8977 1
1.31299 1
5.57797 1
-0.942756 1
4.86674 1
2.73803 1
4.07196 1
2.06579 1
4.64421 1
8.5751 1
4.33495 1
8.26938 1
4.13559 1
-4.36523 1
8.11108 1
5.39796 1
6.17627 1
12.9987 1
3.21963 1
3.64289 1
5.21099 1
5.88846 1
4.20745 1
1.96414 1
4.88718 1
4.46773 1
4.86407 1
1.9798 1
4.14003 1
10.8321 1
0.792487 1
2.67151 1
5.70993 1
6.70174 1
5.61911 1
5.14975 1
3.7087 1
5.88519 1
4.12011 1
9.95949 1
3.57755 1
7.89234 1
3.31938 1
5.94913 1
2.75327 1
4.59324 1
4.20739 1
7.27938 1
3.60254 1
10.3896 1
2.84173 1
6.19429 1
4.79276 1
8.3148 1
9.70679 1
2.74696 1
-0.382385 1
3.51609 1
10.6031 1
3.07771 1
7.43675 1
3.33965 1
5.07202 1
3.97881 1
5.45113 1
6.64128 1
1.90632 1
6.58994 1
6.57991 1
-0.688897 1
1.39421 1
4.64114 1
4.59435 1
10.979 1
3.79091 1
5.5313 1
3.10092 1
9.52664 1
4.50361 1
-4.8423 1
4.68213 1
4.74309 1
-3.1517 1
5.15147 1
13.1919 1
4.81131 1
5.81014 1
10.966 1
7.54665 1
9.67984 1
1.82266 1
3.95757 1
4.49365 1
6.08125 1
4.64119 1
4.7018 1
4.62302 1
14.1366 1
2.85713 1
1.92831 1
2.89181 1
2.72505 1
3.51128 1
3.95905 1
10.8175 1
8.24755 1
6.42148 1
6.95188 1
5.24364 1
5.246 1
5.99369 1
11.6771 1
4.6618 1
5.51427 1
6.46321 1
3.35689 1
3.94542 1
4.80365 1
1.70694 1
3.94182 1
5.77285 1
-0.1385 1
2.51243 1
4.91396 1
4.30192 1
3.26528 1
6.88432 1
3.79223 1
9.24411 1
3.52225 1
6.73656 1
2.02068 1
6.53326 1
3.21381 1
4.84822 1
5.07262 1
6.80759 1
5.96572 1
5.80371 1
3.70819 1
5.10762 1
1.73353 1
1.88393 1
0.933523 1
3.87295 1
2.96783 1
5.71045 1
4.77086 1
5.51295 1
11.8929 1
4.31181 1
3.77997 1
5.39555 1
7.22415 1
6.85071 1
5.6982 1
2.04454 1
3.6552 1
5.34875 1
-4.2987 1
6.66817 1
2.69423 1
3.95963 1
8.02001 1
2.58711 1
9.29841 1
-2.10887 1
3.49446 1
9.67304 1
-0.29946 1
2.47968 1
5.38525 1
4.37789 1
2.25491 1
4.93655 1
5.2543 1
3.72482 1
7.58117 1
3.13416 1
2.28599 1
6.69679 1
5.96402 1
3.06169 1
5.2609 1
5.75982 1
5.93881 1
5.69624 1
5.90111 1
8.51878 1
4.7729 1
6.42145 1
5.59357 1
6.35729 1
1.09396 1
4.60711 1
3.12557 1
12.6612 1
4.21679 1
12.4445 1
4.53046 1
5.29469 1
4.47179 1
5.53213 1
3.5899 1
6.69901 1
4.91567 1
4.42727 1
8.75061 1
4.92197 1
5.21895 1
3.02691 1
4.9964 1
6.19263 1
9.62587 1
3.85362 1
5.65606 1
8.53652 1
5.69328 1
3.6826 1
10.3523 1
4.62488 1
4.24266 1
3.48285 1
4.75245 1
2.97198 1
7.36101 1
5.683 1
4.95862 1
3.26592 1
2.04978 1
6.08525 1
3.25263 1
7.72365 1
7.69825 1
3.84902 1
10.8112 1
5.96168 1
9.50936 1
10.6225 1
3.21234 1
-0.756083 1
5.29134 1
10.5084 1
1.83173 1
8.3084 1
7.2978 1
4.55819 1
5.00869 1
5.45053 1
7.65032 1
6.08858 1
8.29687 1
3.77897 1
4.9549 1
8.35378 1
0.638879 1
6.80205 1
5.07408 1
7.00016 1
5.92186 1
5.64821 1
1.05854 1
1.81539 1
11.5132 1
5.65774 1
3.7425 1
1.87029 1
2.47745 1
5.41523 1
3.49029 1
14.6522 1
4.4369 1
7.65617 1
5.73497 1
0.239768 1
3.9019 1
10.3598 1
1.66295 1
11.0071 1
4.02045 1
5.45763 1
3.69678 1
6.92124 1
12.896 1
4.03511 1
2.6479 1
4.52617 1
-0.516193 1
10.6799 1
4.86625 1
4.81817 1
3.78002 1
7.89397 1
4.55419 1
4.88186 1
7.24187 1
7.24411 1
6.07349 1
6.1745 1
7.38288 1
6.17799 1
6.03654 1
5.09246 1
2.44984 1
6.8907 1
7.76128 1
5.56837 1
3.95116 1
2.62255 1
-0.839569 1
10.5592 1
5.37711 1
3.10227 1
9.78696 1
3.10973 1
4.39037 1
4.74957 1
2.32431 1
5.78816 1
8.07172 1
1.80976 1
11.778 1
1.76103 1
-3.39875 1
4.43521 1
3.91974 1
11.5118 1
5.92476 1
7.54589 1
3.19914 1
3.99073 1
6.90078 1
1.56239 1
1.76444 1
3.19826 1
13.7443 1
4.19419 1
4.10959 1
6.6095 1
5.53079 1
5.21715 1
6.01093 1
9.94551 1
-1.56363 1
5.55796 1
6.82114 1
2.36726 1
5.28746 1
2.41636 1
-1.33421 1
3.86725 1
0.301873 1
5.22051 1
-0.503382 1
4.12449 1
7.72316 1
3.31655 1
5.00855 1
6.53404 1
4.61201 1
14.4087 1
7.97418 1
8.73729 1
0.0571359 1
3.92786 1
2.90912 1
9.46583 1
7.53149 1
5.44581 1
5.38328 1
4.15643 1
0.769917 1
5.70831 1
-0.848959 1
2.41476 1
8.06875 1
5.5129 1
9.81654 1
14.6777 1
-2.15919 1
0.704211 1
6.68071 1
6.22211 1
4.78589 1
2.54498 1
4.8382 1
10.9843 1
6.66165 1
0.973614 1
8.42543 1
0.934208 1
3.92434 1
1.63432 1
8.69955 1
-1.53019 1
5.09893 1
6.46796 1
-1.14864 1
-0.863975 1
10.6555 1
1.11047 1
1.6727 1
6.75057 1
4.89009 1
4.91842 1
6.18493 1
1.9943 1
4.31885 1
7.56199 1
2.94357 1
1.20112 1
4.29521 1
11.4802 1
5.20768 1
5.98415 1
6.00401 1
5.28117 1
7.48485 1
6.15868 1
6.366 1
5.89303 1
4.71081 1
9.60316 1
4.78663 1
4.74241 1
3.85715 1
11.6833 1
7.88731 1
3.40205 1
4.04458 1
5.26064 1
2.13437 1
5.68017 1
5.86343 1
-0.202658 1
6.48788 1
0.314672 1
7.11663 1
5.71805 1
9.34578 1
6.75063 1
8.82621 1
5.1181 1
4.50086 1
7.92518 1
6.03804 1
3.95691 1
7.96624 1
6.48177 1
4.10205 1
6.42474 1
13.7344 1
5.64141 1
1.77111 1
0.389478 1
1.69972 1
3.3868 1
4.88059 1
10.1868 1
9.461 1
13.2043 1
5.78911 1
4.91889 1
6.78762 1
6.16782 1
1.2328 1
7.8147 1
7.02946 1
2.95119 1
3.59777 1
4.44354 1
6.03157 1
5.27102 1
3.79825 1
4.10302 1
5.52992 1
3.27966 1
2.33387 1
9.73384 1
5.93264 1
6.51098 1
5.35284 1
-0.384487 1
12.808 1
2.81668 1
5.59979 1
3.22217 1
8.43259 1
9.03929 1
2.22628 1
12.6927 1
3.77644 1
2.72361 1
0.150828 1
8.75535 1
4.05499 1
2.53882 1
10.5567 1
6.42458 1
1.01004 1
-2.55585 1
5.66174 1
5.5603 1
4.63148 1
6.46525 1
7.08791 1
7.5401 1
5.5547 1
4.80128 1
8.78912 1
1.6447 1
4.58919 1
5.05363 1
5.84319 1
2.30638 1
5.43234 1
5.91612 1
4.31927 1
5.67539 1
5.05811 1
4.32551 1
9.29341 1
0.227542 1
6.11227 1
4.96938 1
2.88467 1
5.79989 1
9.01604 1
12.8065 1
6.5644 1
-0.326148 1
-2.06977 1
-1.27385 1
8.20991 1
8.94725 1
5.40691 1
8.36286 1
7.1848 1
5.90339 1
3.12114 1
6.28928 1
10.7836 1
4.45732 1
3.09686 1
2.318 1
4.4635 1
7.01168 1
5.5779 1
12.0244 1
2.58322 1
7.93272 1
-3.23791 1
5.16136 1
6.17343 1
7.03738 1
1.70126 1
4.56585 1
1.64376 1
6.5256 1
0.353294 1
4.21324 1
6.86691 1
4.6322 1
3.83508 1
6.8446 1
2.69549 1
5.41111 1
7.46138 1
4.80867 1
6.8952 1
5.3627 1
7.96595 1
2.97391 1
3.59134 1
3.73851 1
8.99312 1
7.45089 1
7.04069 1
10.2728 1
3.7372 1
0.961033 1
6.77513 1
2.12326 1
10.1049 1
6.77398 1
2.6742 1
4.49677 1
5.78189 1
5.66643 1
2.7864 1
4.73659 1
5.4846 1
6.14397 1
7.43919 1
3.66976 1
9.91789 1
11.7349 1
3.62484 1
4.02229 1
8.00593 1
2.08786 1
6.58437 1
5.14203 1
4.8794 1
-1.1849 1
14.3367 1
-0.939292 1
9.89733 1
5.46024 1
5.01559 1
9.7477 1
6.45189 1
5.11978 1
7.40626 1
10.7153 1
4.4552 1
9.04047 1
10.209 1
-4.11719 1
1.75787 1
8.43221 1
5.13996 1
9.67395 1
13.5278 1
9.3524 1
5.38371 1
5.09984 1
8.09863 1
3.59977 1
7.59044 1
0.406656 1
5.32122 1
5.58303 1
6.64267 1
5.00031 1
6.14915 1
4.05366 1
12.1843 1
12.9696 1
1.09583 1
6.87607 1
5.85876 1
-0.710909 1
5.86139 1
6.59574 1
-2.49033 1
11.051 1
0.0944605 1
5.57882 1
1.3178 1
8.69983 1
4.91606 1
12.9371 1
3.68273 1
6.86735 1
5.19322 1
-3.14879 1
4.72222 1
3.41522 1
3.60117 1
6.9708 1
3.42618 1
7.13575 1
2.14913 1
5.43429 1
2.85574 1
4.85011 1
5.57108 1
4.59565 1
8.06196 1
12.2223 1
7.5983 1
4.68494 1
1.89375 1
7.13193 1
5.78349 1
-0.00836965 1
5.7511 1
9.88622 1
8.25869 1
4.66134 1
6.13291 1
9.33434 1
4.78225 1
10.5554 1
6.80021 1
6.68062 1
5.40582 1
8.36182 1
4.16304 1
14.3087 1
7.21121 1
5.09968 1
3.74537 1
0.982071 1
5.23671 1
4.47804 1
1.25724 1
3.16948 1
7.02915 1
11.0909 1
4.19331 1
5.47409 1
1.94176 1
5.72208 1
7.25945 1
4.16066 1
1.09747 1
6.49233 1
2.06875 1
3.96691 1
5.11489 1
5.23282 1
2.5933 1
11.4136 1
3.52995 1
0.356115 1
-1.83803 1
5.66985 1
1.14678 1
3.77206 1
3.47812 1
8.31579 1
3.20853 1
10.9462 1
3.05094 1
3.69988 1
4.47179 1
4.65946 1
-1.20854 1
4.26755 1
8.87247 1
2.66274 1
6.24505 1
5.90759 1
1.02926 1
7.77391 1
8.92282 1
5.30228 1
2.38359 1
4.03338 1
13.8377 1
5.88447 1
8.90387 1
7.1514 1
5.21175 1
7.04845 1
2.87432 1
5.42533 1
6.81677 1
6.36642 1
7.49963 1
4.9625 1
7.94633 1
3.47662 1
2.75231 1
8.80439 1
2.37397 1
4.27867 1
5.16609 1
3.27272 1
0.308128 1
2.72031 1
4.17396 1
5.37186 1
4.19412 1
4.89013 1
2.10149 1
8.13353 1
5.87652 1
7.40335 1
8.0746 1
13.3953 1
4.15293 1
3.28836 1
-4.23279 1
13.975 1
1.80123 1
4.72261 1
5.30606 1
6.33961 1
5.47458 1
-4.51241 1
4.81127 1
6.02314 1
5.24572 1
14.5515 1
4.12356 1
5.61159 1
2.21682 1
5.20752 1
6.05536 1
1.86975 1
7.57351 1
5.93507 1
5.03546 1
-2.24888 1
6.19378 1
11.3491 1
5.50771 1
2.67352 1
7.01219 1
11.7555 1
3.55634 1
5.45665 1
5.01207 1
3.15925 1
4.8928 1
0.233135 1
4.55084 1
6.73092 1
6.46022 1
4.87338 1
1.21 1
6.06186 1
6.8811 1
6.59013 1
3.89396 1
5.10738 1
8.93679 1
5.59298 1
11.9491 1
1.63826 1
2.54356 1
7.09968 1
5.66512 1
2.14687 1
2.14658 1
3.44264 1
5.63938 1
1.62237 1
6.25929 1
1.46084 1
-0.540068 1
5.60008 1
6.71618 1
4.83148 1
1.82384 1
5.72657 1
7.6413 1
5.66268 1
8.67652 1
2.34022 1
-2.47393 1
1.90374 1
6.39873 1
7.79398 1
2.60229 1
1.37929 1
1.19544 1
4.09404 1
7.62453 1
0.464634 1
9.50856 1
10.7395 1
7.64146 1
4.52106 1
4.53498 1
4.05064 1
4.91591 1
2.25601 1
0.744483 1
2.92584 1
3.40576 1
9.60388 1
4.32798 1
5.83617 1
4.6616 1
5.75934 1
8.37815 1
4.47386 1
0.0790216 1
6.40697 1
6.94064 1
4.4594 1
9.98182 1
4.70219 1
5.47919 1
5.20579 1
4.51417 1
0.0787318 1
5.14583 1
5.64117 1
4.70885 1
3.5086 1
8.7834 1
3.87047 1
5.54915 1
7.74781 1
6.66022 1
4.27644 1
8.26545 1
4.23796 1
5.50293 1
11.8793 1
0.202344 1
6.33487 1
5.16429 1
2.77632 1
5.26393 1
4.12709 1
8.94046 1
6.89631 1
6.39674 1
5.12558 1
6.55521 1
0.880958 1
6.79874 1
5.15151 1
6.3944 1
4.75555 1
6.34403 1
11.6595 1
7.05662 1
5.52543 1
1.58881 1
9.57665 1
2.88444 1
8.57018 1
3.52553 1
9.28897 1
7.83711 1
5.6687 1
4.05235 1
4.29269 1
11.9026 1
5.58748 1
4.32381 1
7.82319 1
13.3118 1
5.03712 1
4.46366 1
6.35941 1
5.43302 1
9.17083 1
1.82852 1
7.48133 1
3.73447 1
2.16339 1
2.66676 1
3.85152 1
5.65123 1
9.46505 1
9.72378 1
7.02454 1
13.0716 1
7.83809 1
5.3354 1
10.5949 1
-0.420643 1
4.42844 1
7.92133 1
7.59784 1
4.19375 1
3.32436 1
0.688166 1
4.22418 1
10.1735 1
2.59553 1
5.7426 1
1.99611 1
4.31374 1
10.6892 1
5.03695 1
4.75536 1
8.28097 1
5.25102 1
3.37289 1
5.66136 1
3.56247 1
11.6415 1
3.49207 1
4.29062 1
4.07084 1
4.4655 1
6.22262 1
5.83173 1
1.89699 1
1.46059 1
0.868949 1
6.33912 1
-1.22458 1
4.07164 1
-3.52151 1
10.0718 1
2.42794 1
3.84841 1
5.05857 1
5.15289 1
5.12299 1
6.00269 1
4.90863 1
4.503 1
10.7119 1
9.00666 1
2.39104 1
5.62454 1
7.52115 1
4.94023 1
6.08634 1
2.6532 1
5.43715 1
3.59428 1
13.6962 1
4.24241 1
8.73865 1
5.78076 1
5.74253 1
13.465 1
5.48787 1
5.31601 1
8.05806 1
7.32427 1
12.1261 1
9.4128 1
-0.165173 1
7.86996 1
5.06414 1
4.2041 1
8.00826 1
5.3163 1
1.08419 1
2.98864 1
5.6407 1
3.79152 1
5.20957 1
1.38743 1
5.90158 1
5.40791 1
5.51367 1
-2.10862 1
4.85919 1
8.28563 1
5.60739 1
7.79199 1
4.17835 1
3.96975 1
10.6139 1
4.93004 1
14.7469 1
6.44329 1
1.61612 1
9.70364 1
13.5114 1
2.98788 1
5.01863 1
5.38214 1
9.4409 1
0.718945 1
2.77593 1
14.4244 1
3.70931 1
6.12611 1
-1.59425 1
4.49875 1
4.31012 1
8.10451 1
3.87961 1
5.0264 1
2.75343 1
6.31228 1
6.45579 1
5.07968 1
3.85663 1
8.32877 1
4.49554 1
8.20547 1
2.71369 1
5.86692 1
-3.22364 1
6.6638 1
5.8473 1
6.98008 1
6.14503 1
4.94636 1
1.91798 1
5.39815 1
4.69191 1
5.01339 1
6.33452 1
4.31905 1
7.52449 1
5.14424 1
7.6206 1
6.15941 1
11.4316 1
7.66487 1
11.9416 1
7.17207 1
5.14525 1
3.90388 1
6.3819 1
4.99909 1
7.50632 1
5.09166 1
3.80979 1
6.64125 1
5.75221 1
6.88344 1
7.66408 1
-3.33393 1
7.66472 1
3.25498 1
5.34891 1
3.4829 1
4.85464 1
5.60698 1
4.30201 1
6.665 1
6.19586 1
4.7834 1
13.5726 1
9.27794 1
5.5297 1
5.04482 1
3.10188 1
5.42327 1
4.21688 1
7.08133 1
8.8021 1
4.09579 1
10.0948 1
5.86436 1
4.25782 1
6.03524 1
5.349 1
6.18173 1
4.1866 1
2.09143 1
2.58971 1
5.47629 1
3.2441 1
8.59252 1
0.0882014 1
2.80728 1
6.32577 1
4.81308 1
3.20967 1
1.53093 1
3.75255 1
6.91145 1
5.66505 1
10.5953 1
5.25976 1
5.52007 1
9.23686 1
1.0529 1
0.716319 1
4.55129 1
4.58148 1
6.91189 1
6.415 1
-4.21921 1
3.07274 1
14.0419 1
3.21193 1
6.67393 1
1.64161 1
0.993606 1
1.51902 1
3.51957 1
5.22963 1
4.9138 1
3.71074 1
6.50198 1
4.93857 1
2.10262 1
4.87966 1
5.86338 1
4.84391 1
14.6681 1
4.76791 1
2.40644 1
8.49112 1
5.09313 1
5.81229 1
10.6054 1
5.26496 1
7.37403 1
5.08536 1
2.1777 1
9.11974 1
5.66033 1
-2.03204 1
3.03923 1
12.0644 1
6.61014 1
-3.4551 1
2.68336 1
4.92072 1
4.58608 1
7.15141 1
7.31808 1
3.32736 1
5.77891 1
5.09511 1
6.48395 1
12.7052 1
2.84421 1
6.07312 1
10.1109 1
2.49518 1
2.39455 1
5.1281 1
10.4433 1
10.5533 1
5.75115 1
1.70815 1
4.35236 1
3.41425 1
6.43695 1
5.62801 1
3.86645 1
13.1321 1
6.95011 1
3.60477 1
5.93275 1
2.82884 1
4.89617 1
2.81948 1
3.74428 1
5.56503 1
6.27516 1
-0.383267 1
7.25777 1
-2.95851 1
2.82708 1
4.54999 1
4.65317 1
8.99334 1
4.04249 1
7.60944 1
1.17952 1
6.66974 1
5.13136 1
4.16022 1
5.86923 1
3.99704 1
4.63013 1
5.03785 1
6.29488 1
7.39577 1
6.81057 1
3.85352 1
6.92329 1
4.23776 1
9.12583 1
3.60238 1
0.265833 1
5.15841 1
10.5097 1
4.4957 1
2.65253 1
8.97005 1
-0.773945 1
-0.62134 1
3.07212 1
10.0138 1
-1.08469 1
-2.14252 1
5.04635 1
3.30781 1
2.70788 1
3.91531 1
5.9961 1
2.17214 1
1.84775 1
4.95009 1
4.45962 1
6.72951 1
3.28074 1
6.24493 1
7.58202 1
8.51406 1
3.27712 1
6.25833 1
6.51749 1
4.22143 1
-1.8023 1
2.47645 1
1.29793 1
8.01869 1
6.94937 1
3.02261 1
5.90451 1
4.67787 1
4.92096 1
4.23397 1
6.14841 1
3.34049 1
6.64047 1
1.41407 1
6.62917 1
7.21132 1
5.99055 1
4.8936 1
4.38314 1
-2.86515 1
4.34835 1
5.87483 1
4.27576 1
9.00051 1
4.83071 1
7.07384 1
4.34857 1
4.47557 1
6.3489 1
6.99527 1
0.252843 1
5.43625 1
1.18913 1
5.74828 1
4.25196 1
4.98537 1
12.2441 1
2.5583 1
7.13147 1
0.935518 1
4.11354 1
5.14624 1
6.72782 1
8.19307 1
8.20854 1
6.95283 1
5.01264 1
6.24436 1
4.5224 1
5.52077 1
2.92117 1
3.25291 1
4.54981 1
2.24773 1
4.99834 1
3.72572 1
5.02204 1
5.2751 1
5.58891 1
8.9286 1
0.583264 1
-3.69544 1
9.4144 1
7.83704 1
12.1753 1
5.90789 1
7.10989 1
4.45287 1
10.7165 1
6.26152 1
2.79757 1
4.40595 1
4.83358 1
4.79679 1
3.59995 1
6.74017 1
4.36885 1
2.40409 1
7.05834 1
6.27682 1
5.75463 1
5.66358 1
6.50051 1
3.71131 1
3.60605 1
13.4358 1
4.49841 1
3.16604 1
-4.51582 1
4.20105 1
0.884605 1
5.70878 1
5.56947 1
4.45732 1
9.45339 1
4.44256 1
10.722 1
4.87071 1
4.9054 1
4.14945 1
5.69581 1
11.8865 1
11.4472 1
3.82842 1
2.11254 1
7.42786 1
-0.823179 1
1.70328 1
3.39408 1
5.5603 1
5.96162 1
5.73547 1
2.35258 1
4.73912 1
2.54315 1
7.65976 1
4.76038 1
7.98982 1
5.88635 1
2.29593 1
6.02152 1
5.49142 1
12.3776 1
5.95597 1
6.713 1
7.45483 1
1.22407 1
3.43974 1
3.17227 1
7.51402 1
5.43403 1
5.2962 1
13.4352 1
9.11048 1
6.69604 1
2.26821 1
-1.36784 1
6.78705 1
9.08958 1
5.34232 1
4.56503 1
14.4639 1
7.23042 1
4.99509 1
6.15288 1
6.55766 1
5.3266 1
4.53661 1
3.28745 1
5.49664 1
10.7513 1
4.77241 1
6.3238 1
1.99373 1
4.27131 1
5.17981 1
-0.516298 1
1.82106 1
1.77414 1
5.61558 1
2.0371 1
4.66649 1
4.70589 1
6.26881 1
1.3618 1
6.98811 1
6.77876 1
-0.828134 1
7.9454 1
3.14075 1
2.66608 1
4.00845 1
12.5678 1
7.48023 1
6.40895 1
2.68851 1
7.3937 1
9.32237 1
5.45157 1
5.20909 1
3.89518 1
9.57211 1
3.52775 1
7.2672 1
-2.52622 1
5.03874 1
3.87909 1
5.82445 1
3.38774 1
5.99404 1
7.79587 1
6.27469 1
6.40007 1
11.3235 1
-2.32034 1
4.74315 1
14.7061 1
6.5053 1
7.05443 1
0.63591 1
5.84518 1
5.3068 1
5.18319 1
2.47422 1
12.9293 1
7.89637 1
0.615197 1
-1.74908 1
4.91163 1
8.5449 1
7.07876 1
5.01719 1
0.341454 1
3.10208 1
4.89469 1
5.13152 1
3.71341 1
8.03709 1
5.86774 1
1.43138 1
6.24286 1
-1.07667 1
4.26919 1
6.4929 1
11.3312 1
4.376 1
2.88749 1
10.7629 1
5.17566 1
5.37626 1
0.141046 1
3.96405 1
-3.40958 1
1.53305 1
8.20387 1
4.50001 1
6.29912 1
6.42673 1
4.92395 1
0.450494 1
5.79569 1
4.59231 1
5.59342 1
5.05107 1
4.90926 1
3.23596 1
6.12529 1
7.00939 1
-2.56935 1
3.16522 1
2.2908 1
7.97253 1
-1.56175 1
14.4807 1
13.5981 1
6.44394 1
3.84776 1
3.20996 1
0.479987 1
5.74049 1
4.42334 1
7.2591 1
8.52222 1
3.32924 1
1.75538 1
3.55693 1
10.3537 1
6.78618 1
7.28253 1
5.03717 1
4.42754 1
11.0097 1
5.71898 1
3.09233 1
1.86083 1
7.97988 1
4.95428 1
9.21784 1
3.68806 1
-1.79691 1
3.83906 1
2.24882 1
6.32915 1
1.12477 1
4.83072 1
5.4675 1
3.61952 1
4.05021 1
6.40618 1
4.59154 1
9.28861 1
12.9159 1
1.78777 1
4.1083 1
9.70728 1
5.62696 1
3.29993 1
6.18284 1
2.10471 1
2.46061 1
2.71687 1
6.98068 1
14.2211 1
7.53838 1
2.25217 1
9.36038 1
-2.36497 1
6.96312 1
4.3043 1
3.62143 1
6.16221 1
-1.62138 1
5.76373 1
4.32764 1
5.07527 1
2.70611 1
3.4594 1
11.0728 1
3.69401 1
5.10781 1
8.23774 1
8.3266 1
6.93555 1
2.82901 1
3.16439 1
2.26375 1
4.96374 1
9.14606 1
7.09526 1
11.7398 1
3.577 1
5.9466 1
5.68525 1
3.17208 1
14.0773 1
-3.18047 1
0.648138 1
5.84758 1
3.30402 1
11.218 1
5.84864 1
-1.60849 1
6.52383 1
7.10365 1
5.95165 1
6.20016 1
3.03624 1
4.89024 1
5.58968 1
5.37295 1
-1.72347 1
10.1951 1
1.97789 1
0.620168 1
11.1783 1
5.24891 1
5.57357 1
2.74465 1
3.96252 1
10.4093 1
4.57366 1
5.00602 1
2.52573 1
4.54882 1
3.77124 1
7.89205 1
5.83603 1
4.71681 1
6.38173 1
3.40826 1
7.84519 1
4.64649 1
5.87327 1
5.34486 1
3.14429 1
9.52979 1
6.56709 1
2.74076 1
6.78641 1
5.00815 1
5.75186 1
9.30625 1
-3.00072 1
3.68877 1
0.976459 1
5.40901 1
4.5094 1
2.208 1
6.96844 1
7.3264 1
6.93237 1
6.29958 1
4.21701 1
2.26461 1
7.10248 1
0.0160344 1
-0.936622 1
3.70149 1
3.62232 1
14.1174 1
7.52839 1
6.56839 1
3.3315 1
7.40548 1
10.6171 1
3.69077 1
7.13158 1
10.593 1
4.43609 1
2.72671 1
9.81269 1
6.97003 1
1.14324 1
4.93594 1
12.0252 1
5.57542 1
9.94744 1
14.3197 1
6.52967 1
3.01411 1
1.82218 1
3.21941 1
1.55849 1
13.6982 1
1.84193 1
5.25963 1
1.62442 1
6.06355 1
4.61621 1
8.50785 1
8.49667 1
4.39248 1
8.66036 1
5.63162 1
6.51295 1
8.45492 1
4.04504 1
5.41487 1
-0.982554 1
6.97074 1
6.94038 1
5.90358 1
6.04327 1
9.04425 1
6.33365 1
5.28313 1
3.27076 1
8.72468 1
1.46421 1
4.69427 1
4.1718 1
3.94743 1
6.0996 1
5.14635 1
3.58519 1
5.99469 1
6.27043 1
5.59684 1
3.99562 1
3.0101 1
5.69796 1
6.42722 1
5.12879 1
10.2904 1
5.34291 1
-1.52028 1
4.32082 1
-4.28274 1
-3.22214 1
7.96657 1
4.26208 1
6.26189 1
4.03382 1
4.11353 1
5.87833 1
7.2752 1
6.8712 1
5.18688 1
8.42094 1
4.74048 1
-0.475719 1
1.76661 1
9.01237 1
3.87185 1
-1.58211 1
4.27202 1
10.4952 1
4.16865 1
2.00841 1
6.91743 1
7.86822 1
2.82368 1
7.07673 1
7.14726 1
1.82779 1
5.92274 1
-0.233827 1
8.71336 1
4.70607 1
4.8051 1
-1.88743 1
5.20013 1
1.03127 1
7.40215 1
4.47903 1
4.89003 1
5.80902 1
10.4497 1
5.10712 1
2.70501 1
5.1082 1
12.9342 1
13.3188 1
8.39978 1
2.21716 1
3.81597 1
8.17449 1
1.16707 1
5.40558 1
4.53145 1
4.66228 1
5.65419 1
4.51842 1
10.9305 1
3.97461 1
2.77509 1
7.11112 1
6.36424 1
6.71116 1
5.00628 1
6.15433 1
9.19935 1
4.6387 1
6.23972 1
1.30887 1
6.402 1
3.04299 1
3.02997 1
3.79749 1
1.47103 1
14.8527 1
2.17052 1
9.59813 1
7.97919 1
6.19016 1
4.4231 1
8.37402 1
-0.564869 1
3.02928 1
7.37394 1
6.25901 1
5.7124 1
6.11047 1
5.5583 1
4.09799 1
2.51208 1
0.483184 1
1.68271 1
1.5766 1
5.66562 1
5.79372 1
6.5302 1
6.16938 1
0.713465 1
5.22908 1
4.82849 1
6.6529 1
5.56674 1
9.30908 1
5.18315 1
5.89489 1
6.19118 1
10.7053 1
4.13282 1
5.11785 1
2.16968 1
6.13189 1
5.83697 1
3.99609 1
5.2404 1
6.47425 1
3.30008 1
11.5369 1
5.99352 1
4.36452 1
2.40188 1
4.69865 1
5.43825 1
12.9278 1
8.16843 1
1.20081 1
5.41091 1
0.277373 1
7.37705 1
5.98044 1
12.9838 1
2.53916 1
10.1407 1
-2.02913 1
4.82909 1
12.4231 1
2.76128 1
4.31501 1
3.76413 1
6.49521 1
2.244 1
3.53832 1
3.07009 1
3.23307 1
3.70793 1
5.67882 1
6.12369 1
3.22413 1
1.77405 1
6.85925 1
5.8922 1
10.6947 1
5.72763 1
8.58523 1
4.37198 1
5.62247 1
7.13452 1
-3.2488 1
11.4697 1
10.4732 1
5.26231 1
6.57888 1
4.48159 1
1.83666 1
10.6958 1
-1.35354 1
5.46476 1
2.50998 1
6.64539 1
3.68675 1
3.14162 1
5.78437 1
6.90628 1
5.12635 1
4.38806 1
1.35184 1
0.0572875 1
2.30991 1
8.36667 1
5.62669 1
3.91561 1
4.38815 1
8.55527 1
4.70645 1
-0.476579 1
3.62031 1
5.55274 1
5.49766 1
9.48319 1
10.2152 1
7.41584 1
4.09904 1
4.27468 1
5.42086 1
-2.44417 1
10.5374 1
8.99383 1
10.1718 1
-0.575406 1
-4.331 1
-3.34939 1
5.29954 1
4.89142 1
-4.6256 1
3.25857 1
4.55369 1
4.0642 1
11.2587 1
-4.81012 1
12.0948 1
4.00449 1
6.05293 1
6.01571 1
7.14949 1
3.0698 1
3.74608 1
5.63436 1
3.80384 1
6.63894 1
5.91686 1
6.12978 1
5.62381 1
3.45077 1
4.99721 1
10.8442 1
5.44985 1
0.840018 1
6.05285 1
1.78458 1
3.33435 1
5.32035 1
5.93774 1
14.5082 1
14.5082 1
5.53318 1
7.09627 1
3.74003 1
-1.63476 1
10.2569 1
0.153867 1
6.02117 1
0.478667 1
8.2691 1
5.08948 1
6.3181 1
2.86256 1
5.82741 1
4.02264 1
-2.19678 1
1.74485 1
7.32746 1
6.7843 1
6.64361 1
5.51206 1
7.00393 1
6.78304 1
8.72738 1
4.49833 1
3.13902 1
4.35206 1
4.72436 1
5.82357 1
8.00675 1
3.58335 1
0.429905 1
2.46379 1
9.16265 1
8.69111 1
12.7237 1
7.22428 1
3.19637 1
4.90852 1
2.94556 1
5.63537 1
5.4511 1
12.5922 1
5.91871 1
8.92229 1
0.64232 1
3.70832 1
4.29572 1
3.91915 1
4.78616 1
3.96715 1
4.43051 1
10.2417 1
6.66572 1
4.53511 1
6.22467 1
0.242663 1
2.55817 1
10.6906 1
5.43567 1
4.29029 1
6.4605 1
6.61362 1
1.75454 1
5.26922 1
5.3288 1
4.97318 1
11.7376 1
4.06389 1
5.40768 1
9.1058 1
2.7219 1
6.54399 1
4.9594 1
13.7496 1
4.0815 1
5.26958 1
4.85644 1
3.41112 1
7.13297 1
4.13442 1
4.1101 1
4.68589 1
3.12248 1
5.27417 1
5.55555 1
11.5826 1
7.11223 1
5.25017 1
4.01286 1
4.61169 1
12.5814 1
4.58437 1
4.77163 1
4.03244 1
3.62703 1
4.5663 1
7.55764 1
5.93381 1
7.37665 1
4.21468 1
5.21508 1
-2.98694 1
4.9384 1
7.49225 1
12.5433 1
1.65898 1
6.26629 1
6.30442 1
5.96261 1
2.32641 1
3.73926 1
0.642038 1
7.90745 1
6.24673 1
6.10281 1
5.91585 1
-2.01411 1
2.55279 1
6.13072 1
2.9799 1
3.42356 1
-0.705699 1
3.24997 1
9.8203 1
5.84965 1
2.37731 1
7.081 1
2.17264 1
4.02145 1
4.42833 1
2.0997 1
7.0124 1
6.64175 1
7.53625 1
3.98444 1
5.23904 1
4.30117 1
4.69279 1
4.27272 1
3.78808 1
3.7974 1
4.74033 1
10.112 1
14.8344 1
4.63677 1
5.25356 1
7.57748 1
1.77687 1
3.62932 1
6.56087 1
4.94438 1
6.92554 1
7.28593 1
12.4822 1
5.84544 1
7.2642 1
8.66 1
7.23882 1
5.89073 1
10.9724 1
0.314862 1
6.87208 1
6.00874 1
13.522 1
11.5391 1
5.26653 1
2.07875 1
2.45907 1
2.53631 1
9.50081 1
4.37327 1
3.43575 1
2.6271 1
6.5148 1
9.45344 1
3.6609 1
7.18324 1
6.41703 1
7.04552 1
4.70439 1
5.9764 1
5.53352 1
4.47095 1
2.35888 1
5.05602 1
10.6069 1
4.34615 1
3.04436 1
6.99636 1
7.96575 1
4.25781 1
4.29208 1
4.48175 1
11.6999 1
12.0939 1
5.88126 1
5.11779 1
4.8782 1
4.35594 1
6.74855 1
3.53465 1
2.13336 1
0.227358 1
6.77498 1
5.16059 1
0.450957 1
5.12073 1
-1.20959 1
6.51012 1
3.53362 1
5.79501 1
0.469714 1
2.67775 1
5.22515 1
5.62895 1
5.0192 1
-0.694417 1
10.0907 1
2.31142 1
6.52855 1
10.0279 1
2.90619 1
6.70501 1
5.22058 1
8.72998 1
-0.197731 1
6.54551 1
4.11949 1
5.76716 1
9.05486 1
1.88351 1
3.01184 1
3.9921 1
5.88174 1
9.85205 1
4.52462 1
6.02288 1
4.33351 1
13.2073 1
5.59868 1
14.638 1
4.50994 1
3.18932 1
0.661391 1
6.35104 1
4.52703 1
3.17803 1
5.03075 1
4.27304 1
4.11251 1
-4.60395 1
-1.95047 1
4.74266 1
6.70265 1
4.664 1
-1.14589 1
0.429825 1
7.01252 1
2.41988 1
9.0919 1
4.99382 1
5.71592 1
1.34986 1
3.3604 1
5.12695 1
5.68685 1
4.30461 1
6.46847 1
8.81266 1
0.993264 1
3.48039 1
5.32241 1
5.0463 1
7.05713 1
2.92756 1
3.12248 1
9.93116 1
8.75608 1
3.43268 1
4.95806 1
6.93136 1
3.58234 1
7.78827 1
-0.921826 1
10.9047 1
4.693 1
1.52812 1
6.78582 1
5.45317 1
-1.43995 1
5.65794 1
4.49034 1
2.39727 1
5.15417 1
4.94943 1
4.79534 1
9.43238 1
4.77163 1
4.02137 1
7.04617 1
5.76302 1
1.47071 1
4.85954 1
3.29633 1
3.84489 1
5.37928 1
9.92064 1
6.14072 1
7.08792 1
4.30489 1
1.42645 1
6.52365 1
6.34901 1
5.47329 1
9.67382 1
6.1227 1
-2.72346 1
2.71546 1
1.24789 1
4.19337 1
4.99618 1
4.67691 1
2.91822 1
6.4349 1
4.64868 1
3.76156 1
4.08273 1
5.2087 1
-2.68734 1
6.61417 1
0.95632 1
-1.59821 1
5.56217 1
6.21059 1
5.4299 1
3.43431 1
2.41737 1
3.48413 1
7.64761 1
3.94695 1
4.68791 1
5.58679 1
-0.0640519 1
7.25386 1
3.61304 1
5.97161 1
5.09909 1
5.78347 1
7.95097 1
14.08 1
4.65784 1
6.61688 1
4.97085 1
9.01671 1
9.96859 1
7.47581 1
1.43369 1
4.89299 1
9.7087 1
6.23676 1
4.46168 1
5.42979 1
6.73048 1
3.61499 1
1.23003 1
4.64106 1
4.84383 1
2.43402 1
4.53882 1
4.75575 1
9.90641 1
4.86398 1
11.0061 1
5.64591 1
14.1515 1
4.88595 1
5.03502 1
3.03848 1
-4.27244 1
3.87112 1
13.1112 1
0.886712 1
6.49072 1
9.49723 1
4.15371 1
8.11884 1
3.25196 1
4.78249 1
11.9447 1
5.85018 1
5.0195 1
6.91594 1
0.0606369 1
5.38728 1
14.1498 1
7.52682 1
14.6098 1
5.09208 1
5.06081 1
5.20347 1
6.15397 1
-1.66853 1
4.14711 1
5.05495 1
3.77862 1
5.68909 1
3.01228 1
5.81722 1
5.85372 1
3.13027 1
9.77613 1
-0.771087 1
5.61876 1
0.754512 1
6.86645 1
1.6575 1
4.87126 1
5.46802 1
-4.79366 1
9.73831 1
6.11513 1
3.22111 1
1.71772 1
4.21727 1
7.95153 1
5.27003 1
8.33733 1
6.77173 1
7.68444 1
3.79342 1
7.32256 1
3.41607 1
5.88324 1
6.97977 1
4.09872 1
8.52404 1
-0.941652 1
9.21473 1
2.51822 1
11.2574 1
-3.40845 1
8.6453 1
2.44043 1
4.73504 1
5.64267 1
4.72187 1
4.99325 1
10.4053 1
5.53046 1
4.88996 1
5.73433 1
5.59434 1
9.48906 1
11.867 1
5.19531 1
4.20996 1
5.69623 1
3.33376 1
1.81014 1
5.96806 1
3.32793 1
7.81864 1
10.5325 1
6.2232 1
5.42713 1
4.51333 1
5.90678 1
5.08805 1
6.42505 1
8.58891 1
6.62526 1
0.930331 1
8.60061 1
5.66658 1
-2.36355 1
8.01143 1
2.12815 1
2.43901 1
7.50999 1
-2.95811 1
9.18086 1
5.459 1
5.23958 1
4.51666 1
8.24824 1
0.323581 1
4.26236 1
3.10751 1
-2.46787 1
7.50965 1
5.37247 1
5.41306 1
4.8033 1
3.70661 1
-0.932533 1
0.575005 1
-1.12674 1
5.65785 1
4.13142 1
6.15304 1
7.41401 1
2.43692 1
-1.70773 1
7.01584 1
9.2216 1
3.84045 1
0.92981 1
0.338475 1
4.8018 1
6.02887 1
5.26804 1
6.59772 1
10.6836 1
7.64557 1
9.56704 1
11.1292 1
4.89724 1
3.81044 1
2.09038 1
-0.735856 1
5.30636 1
5.31958 1
3.60303 1
7.63617 1
4.50651 1
6.39107 1
-4.5113 1
6.41678 1
8.11825 1
4.78321 1
3.50853 1
3.73826 1
4.60332 1
5.44357 1
6.10535 1
4.80306 1
-1.27458 1
2.17862 1
8.21709 1
4.89826 1
7.76689 1
7.19329 1
5.82563 1
2.64021 1
4.90938 1
8.7538 1
6.01849 1
1.02751 1
8.27669 1
9.23888 1
13.0541 1
6.52912 1
7.2261 1
7.37321 1
4.19195 1
1.25424 1
6.91165 1
4.90721 1
10.2303 1
8.11892 1
3.47685 1
4.18825 1
1.51238 1
9.90171 1
7.69153 1
4.15097 1
8.15696 1
6.49738 1
8.28374 1
4.32123 1
10.9275 1
-0.165064 1
3.8585 1
5.30246 1
5.13356 1
4.661 1
4.04974 1
8.357 1
9.52077 1
-0.308955 1
5.63285 1
2.99773 1
6.16617 1
6.00624 1
5.18636 1
4.95281 1
7.99692 1
7.26744 1
4.64746 1
6.02127 1
2.79325 1
0.774402 1
11.1255 1
5.28367 1
4.61884 1
9.07947 1
10.3169 1
4.3868 1
2.84056 1
3.37321 1
4.25683 1
10.6263 1
4.19044 1
6.64133 1
0.512835 1
5.16366 1
7.04739 1
5.58043 1
4.77081 1
4.61661 1
6.79948 1
7.54417 1
5.58234 1
5.23142 1
-1.69569 1
5.19926 1
1.12406 1
12.6066 1
8.82425 1
6.02399 1
5.20498 1
2.94955 1
5.50536 1
3.58909 1
2.06919 1
-1.40032 1
2.88714 1
5.44545 1
4.53179 1
4.57149 1
5.13166 1
7.02339 1
5.73959 1
4.94854 1
1.55471 1
5.92331 1
3.34079 1
1.41794 1
-0.443072 1
5.68516 1
0.665545 1
8.26355 1
0.787512 1
8.78035 1
3.82775 1
4.27318 1
5.41601 1
6.39096 1
7.31699 1
3.27632 1
5.38963 1
3.55928 1
6.01347 1
4.07607 1
5.93708 1
5.12737 1
5.189 1
4.52209 1
5.24674 1
13.4138 1
8.52066 1
6.63352 1
3.35821 1
-2.02947 1
1.58375 1
6.6072 1
-0.649839 1
6.38707 1
-3.70405 1
-3.38435 1
1.85542 1
5.03164 1
7.99891 1
3.69123 1
9.53647 1
4.42878 1
6.12258 1
4.51117 1
3.05225 1
3.51588 1
6.00653 1
10.1282 1
0.0647252 1
12.7804 1
3.15836 1
5.42922 1
8.65737 1
-0.425143 1
8.38495 1
2.87557 1
-1.7972 1
4.50017 1
-2.35482 1
8.11107 1
4.56689 1
3.12379 1
1.663 1
0.780084 1
5.77187 1
6.09589 1
-0.861381 1
7.4459 1
8.05097 1
5.29275 1
4.70903 1
4.99481 1
5.70317 1
5.22084 1
4.27607 1
6.19275 1
2.54607 1
5.58314 1
2.14593 1
11.6514 1
13.5474 1
4.6263 1
2.62996 1
7.37256 1
6.46898 1
3.98053 1
5.51892 1
-4.61807 1
1.7102 1
5.89621 1
8.18887 1
2.98352 1
5.58728 1
-2.73997 1
9.90214 1
6.52462 1
4.02173 1
4.60246 1
3.8983 1
0.404493 1
3.421 1
2.43673 1
5.54649 1
4.84178 1
2.01375 1
8.58621 1
5.17081 1
5.44983 1
3.89727 1
8.90464 1
7.71172 1
3.64119 1
6.23247 1
3.22188 1
4.22321 1
0.402209 1
1.87672 1
4.92584 1
11.5264 1
-0.10199 1
8.68117 1
5.85338 1
5.06139 1
6.91429 1
7.24576 1
5.30237 1
3.7387 1
-2.52819 1
5.90837 1
1.345 1
8.21556 1
9.74006 1
1.31726 1
6.27869 1
1.78013 1
2.79418 1
6.28529 1
6.12319 1
5.80538 1
4.91872 1
4.49177 1
1.28398 1
1.39183 1
6.73188 1
6.28603 1
3.27237 1
2.55553 1
6.62594 1
5.10858 1
7.86795 1
10.9557 1
5.08438 1
2.35934 1
8.53952 1
7.27301 1
3.67978 1
6.26402 1
3.27559 1
4.66989 1
9.49273 1
4.4542 1
8.85926 1
-2.41034 1
4.30537 1
3.18774 1
6.80814 1
12.0961 1
7.33384 1
5.52749 1
7.34661 1
4.40844 1
2.59903 1
3.19211 1
3.57105 1
6.32729 1
3.56723 1
0.83007 1
2.3227 1
0.434993 1
5.78594 1
3.47854 1
-0.32526 1
3.00579 1
4.59048 1
9.70044 1
3.77519 1
2.67134 1
6.76443 1
7.91836 1
7.53696 1
0.663873 1
5.52622 1
10.3419 1
2.83485 1
4.5927 1
8.87499 1
5.6248 1
4.76819 1
11.0816 1
1.30604 1
5.86357 1
2.40355 1
5.75531 1
3.97947 1
6.68868 1
7.59667 1
6.02273 1
5.72519 1
3.67462 1
3.42529 1
4.07929 1
0.214292 1
3.12024 1
-0.933627 1
4.0593 1
-3.53038 1
4.79278 1
4.30319 1
8.59618 1
5.05482 1
13.5859 1
4.44198 1
0.0145685 1
6.75637 1
2.66021 1
7.7833 1
3.463 1
6.67189 1
4.16108 1
5.21935 1
7.96525 1
11.1712 1
5.06942 1
14.1692 1
3.38239 1
6.92363 1
13.6504 1
-0.59327 1
3.77702 1
5.67957 1
6.5641 1
6.37521 1
3.9793 1
-2.49303 1
8.53922 1
6.56788 1
3.36427 1
1.1286 1
4.3163 1
7.03612 1
3.06517 1
3.03041 1
9.64947 1
4.91737 1
5.55011 1
4.6776 1
4.75976 1
6.34757 1
1.9521 1
5.63026 1
3.47122 1
4.62815 1
2.83234 1
0.303413 1
2.6638 1
2.02367 1
6.76686 1
2.05292 1
3.76615 1
14.0239 1
4.34838 1
4.95758 1
4.87797 1
-0.228084 1
4.78699 1
8.24168 1
6.89548 1
2.51047 1
7.46174 1
4.85795 1
6.2604 1
4.91735 1
1.12617 1
4.86111 1
5.71342 1
4.56834 1
5.43345 1
5.99377 1
4.89564 1
4.52055 1
-1.30613 1
3.98927 1
4.6192 1
14.199 1
5.02112 1
-2.56578 1
4.3199 1
2.1529 1
10.1271 1
9.84194 1
4.98408 1
1.25964 1
2.85197 1
5.83593 1
5.33086 1
3.05362 1
4.64132 1
-1.50965 1
4.36614 1
5.83 1
5.68133 1
1.061 1
2.25208 1
6.19455 1
7.56639 1
-4.82967 1
6.2034 1
6.81496 1
6.08122 1
5.77751 1
6.15782 1
6.56671 1
0.587509 1
2.64614 1
8.2111 1
-1.91523 1
3.9624 1
2.66155 1
-0.446281 1
3.69279 1
1.22857 1
5.01132 1
3.20365 1
3.65975 1
4.8642 1
5.40522 1
5.80895 1
5.77545 1
4.2535 1
6.06051 1
5.31648 1
4.08007 1
2.50771 1
9.92927 1
9.11857 1
4.09081 1
6.352 1
4.73143 1
3.09012 1
6.96444 1
8.47104 1
7.08561 1
6.16301 1
10.652 1
6.36181 1
5.65269 1
3.85733 1
6.40832 1
-1.6527 1
-1.25143 1
3.68482 1
4.88541 1
1.80305 1
5.08701 1
6.06464 1
0.186389 1
5.83136 1
6.09007 1
7.56326 1
8.46735 1
5.21051 1
4.17214 1
0.9215 1
4.71551 1
3.97193 1
4.34698 1
10.9393 1
3.41028 1
4.77217 1
5.02451 1
8.75818 1
4.73524 1
4.86446 1
6.82201 1
3.64977 1
9.91915 1
5.27463 1
0.767321 1
3.46984 1
9.8151 1
6.69669 1
3.00091 1
4.04781 1
3.79258 1
5.66638 1
4.5047 1
7.73004 1
7.95847 1
2.81656 1
6.36844 1
12.1139 1
4.70491 1
3.81869 1
2.57949 1
4.42438 1
4.92701 1
4.10042 1
2.50573 1
0.217839 1
9.38663 1
6.13186 1
5.53845 1
3.01124 1
4.66398 1
4.78234 1
7.41014 1
4.0747 1
3.59507 1
6.97158 1
5.5547 1
5.95791 1
4.94879 1
1.84797 1
6.07363 1
6.07208 1
4.47874 1
4.09595 1
4.96088 1
4.47664 1
5.03164 1
4.19836 1
1.78178 1
4.98768 1
3.39377 1
3.66876 1
-2.70691 1
0.781209 1
11.8161 1
3.9541 1
3.46347 1
9.2977 1
-0.94765 1
5.57931 1
4.7346 1
5.63012 1
6.11736 1
6.0506 1
4.74146 1
1.34184 1
-1.89346 1
8.49676 1
2.25089 1
6.50627 1
0.074726 1
6.15178 1
2.44119 1
4.85046 1
6.20906 1
2.86786 1
5.24898 1
6.59312 1
10.3354 1
11.4735 1
1.66508 1
1.38736 1
3.60499 1
8.0638 1
6.03406 1
6.20207 1
5.13549 1
10.0014 1
5.36709 1
5.13246 1
6.58072 1
5.8535 1
-2.28342 1
6.02804 1
3.4222 1
3.94538 1
7.24387 1
2.80776 1
6.39162 1
4.81537 1
1.31247 1
7.96342 1
2.95064 1
-4.74139 1
6.39916 1
8.11105 1
-4.57639 1
4.0038 1
5.05881 1
5.04029 1
11.6956 1
6.6634 1
5.36169 1
8.59926 1
-2.59927 1
6.16706 1
5.57215 1
4.17689 1
4.84867 1
6.58414 1
5.5145 1
7.81315 1
4.91098 1
4.94291 1
2.50233 1
3.89323 1
0.251054 1
6.47152 1
5.91097 1
4.03906 1
4.67797 1
6.8 1
5.39925 1
4.03554 1
6.25134 1
0.168822 1
7.50327 1
2.58637 1
3.53897 1
8.28915 1
11.7429 1
5.06089 1
7.02753 1
3.69952 1
3.78563 1
1.92657 1
8.029 1
5.43245 1
8.93155 1
0.455746 1
6.50793 1
3.91378 1
-3.33258 1
4.60998 1
4.44726 1
4.63362 1
3.3479 1
0.573185 1
-1.28925 1
5.24621 1
1.88721 1
6.12253 1
4.16061 1
5.59058 1
7.17025 1
6.79012 1
10.5545 1
5.5848 1
10.7949 1
3.75836 1
4.31955 1
7.35816 1
5.33176 1
5.78072 1
11.191 1
6.5884 1
10.6915 1
5.27987 1
3.04172 1
8.96107 1
5.77657 1
8.09739 1
9.41851 1
5.27432 1
-0.92403 1
-3.04458 1
2.29401 1
2.39777 1
2.91271 1
5.61517 1
6.44818 1
-3.43435 1
7.01061 1
4.6252 1
7.07146 1
3.17904 1
5.81638 1
-1.76029 1
11.5308 1
5.35389 1
6.34218 1
7.98757 1
0.59971 1
6.48023 1
7.81599 1
5.13236 1
1.82823 1
4.2223 1
1.05534 1
3.58881 1
4.3129 1
4.54524 1
5.21271 1
11.6983 1
-0.00598258 1
2.90707 1
8.26642 1
4.44809 1
6.88082 1
8.88485 1
6.37332 1
8.12984 1
6.34886 1
3.48983 1
7.07812 1
6.70048 1
4.88072 1
8.06156 1
1.81883 1
5.54691 1
-1.02589 1
6.36536 1
5.306 1
4.5625 1
-1.56546 1
8.59794 1
4.95341 1
12.2358 1
6.75603 1
5.34039 1
4.84523 1
3.06071 1
-1.59867 1
4.17859 1
7.2108 1
5.49731 1
2.35188 1
7.67396 1
4.89059 1
-2.24603 1
4.0744 1
3.14575 1
3.30227 1
11.1041 1
3.47547 1
10.9684 1
5.47366 1
2.74586 1
3.72882 1
4.53726 1
4.82141 1
3.39646 1
6.45329 1
1.71196 1
7.49167 1
4.88916 1
4.90717 1
5.49145 1
6.86959 1
4.79313 1
7.48281 1
3.74305 1
9.98386 1
8.98842 1
5.26314 1
5.13464 1
2.05839 1
-3.58229 1
10.1654 1
3.56673 1
3.40889 1
7.62298 1
2.32744 1
2.25113 1
13.9857 1
2.9187 1
4.52889 1
4.21343 1
3.44048 1
2.03978 1
5.18289 1
4.01481 1
2.74208 1
5.67395 1
2.98126 1
0.766206 1
0.315636 1
1.12212 1
1.35142 1
4.10744 1
3.41321 1
2.61834 1
-2.63722 1
3.70855 1
4.6519 1
-0.414661 1
-0.0124245 1
7.07285 1
3.30492 1
3.75889 1
6.10348 1
4.77625 1
9.84034 1
3.74115 1
4.39742 1
6.40105 1
4.43304 1
6.8113 1
5.59028 1
-0.0334149 1
4.7563 1
2.03211 1
5.39196 1
5.71263 1
6.28262 1
5.49446 1
4.86563 1
-1.13804 1
4.5868 1
6.24157 1
4.40468 1
6.59023 1
4.8856 1
4.41908 1
9.20774 1
6.09023 1
5.191 1
5.17126 1
3.61746 1
4.20736 1
4.65165 1
6.80062 1
-4.00756 1
4.186 1
1.31518 1
12.3932 1
8.20203 1
5.82519 1
4.99661 1
3.73472 1
5.49879 1
-0.88502 1
4.44997 1
2.86592 1
9.27205 1
3.49167 1
4.63601 1
14.083 1
13.1478 1
9.23918 1
9.62006 1
5.0143 1
4.65848 1
7.77121 1
5.35719 1
7.21566 1
4.63559 1
8.60864 1
1.82568 1
7.04617 1
7.98674 1
7.32283 1
4.97431 1
4.68882 1
7.44993 1
13.4113 1
5.84407 1
0.278326 1
6.12178 1
6.281 1
6.95564 1
6.32075 1
2.8545 1
5.33116 1
5.45101 1
9.01344 1
5.59073 1
0.0752184 1
9.84525 1
4.9751 1
1.90176 1
5.95032 1
-2.70518 1
6.3365 1
1.49483 1
6.43072 1
4.63969 1
5.28796 1
6.93473 1
5.39648 1
5.33581 1
11.4607 1
-1.00191 1
-3.00027 1
8.01107 1
6.189 1
-2.00354 1
-1.16135 1
6.88435 1
6.86342 1
4.67669 1
5.69069 1
7.056 1
10.1789 1
1.25151 1
5.05663 1
-3.33137 1
5.15403 1
5.25717 1
3.66175 1
4.20488 1
4.11958 1
2.99907 1
4.28367 1
3.87338 1
4.79683 1
-4.12222 1
4.69463 1
2.8455 1
6.85247 1
4.02859 1
-2.85044 1
1.24816 1
6.99247 1
7.19226 1
0.873861 1
6.39867 1
4.43855 1
7.82325 1
3.46501 1
3.03477 1
4.04703 1
3.35762 1
4.36331 1
7.01796 1
-1.29209 1
5.37563 1
6.18369 1
9.14098 1
3.96443 1
5.40408 1
7.41727 1
9.21209 1
3.38797 1
3.25029 1
6.35426 1
4.0498 1
5.57591 1
1.6472 1
4.8203 1
5.97055 1
4.61847 1
5.72645 1
7.00436 1
14.4219 1
3.56423 1
-2.42847 1
6.58138 1
3.32734 1
4.373 1
2.42901 1
1.18578 1
3.35941 1
6.71731 1
3.71024 1
7.35165 1
4.14154 1
4.10509 1
-1.86753 1
14.7986 1
10.9074 1
5.41214 1
7.18787 1
4.91722 1
2.73147 1
4.96704 1
6.12129 1
6.64084 1
2.23518 1
6.43264 1
3.86863 1
-1.60134 1
5.38564 1
5.55593 1
2.97219 1
5.32399 1
-1.39092 1
4.33883 1
8.20967 1
1.17138 1
6.89232 1
5.71597 1
3.07593 1
-4.27255 1
6.3755 1
3.99457 1
6.07866 1
4.90419 1
5.91231 1
8.26988 1
4.70818 1
10.8049 1
4.96336 1
3.11579 1
5.00154 1
10.1282 1
4.84022 1
0.362323 1
10.9583 1
4.795 1
5.8398 1
4.40246 1
9.84115 1
8.54309 1
10.1343 1
6.85702 1
2.95466 1
2.43758 1
5.70413 1
7.46771 1
1.94027 1
-2.98836 1
5.03864 1
3.97419 1
8.50436 1
5.44153 1
5.28747 1
7.57745 1
-3.47012 1
3.2517 1
5.2477 1
4.1911 1
2.41354 1
5.83833 1
9.0189 1
7.5778 1
7.27886 1
3.31492 1
12.3318 1
3.98488 1
9.37652 1
-1.97335 1
6.11394 1
1.82356 1
4.33319 1
-1.66624 1
3.44625 1
4.24131 1
5.90438 1
5.65039 1
10.9033 1
13.203 1
3.27398 1
-1.83211 1
4.36905 1
4.19619 1
7.36156 1
4.89256 1
5.83643 1
10.2433 1
2.15805 1
4.75705 1
1.16987 1
7.89092 1
5.3723 1
4.199 1
6.67613 1
4.54795 1
-1.1242 1
5.05805 1
3.99392 1
5.80646 1
9.97445 1
6.57189 1
4.47078 1
5.62064 1
6.16424 1
-4.24749 1
12.5693 1
11.5121 1
6.96374 1
5.85847 1
-2.52123 1
7.81652 1
3.65674 1
5.3057 1
5.97158 1
5.17575 1
4.2366 1
-2.61461 1
5.2054 1
0.53351 1
5.71606 1
2.83791 1
2.74683 1
11.5395 1
6.95638 1
5.16018 1
4.48576 1
7.52953 1
3.23256 1
5.39531 1
11.3489 1
7.33623 1
3.62279 1
4.72223 1
4.05994 1
8.3432 1
1.78106 1
-4.78663 1
5.35261 1
4.03672 1
5.82445 1
0.0626485 1
9.69866 1
7.71798 1
3.0554 1
1.55652 1
7.22324 1
2.05512 1
5.50229 1
5.3777 1
12.9988 1
4.35063 1
7.74383 1
3.15653 1
3.75053 1
6.0995 1
4.99054 1
2.4052 1
4.40108 1
7.29806 1
0.695057 1
1.87005 1
3.85619 1
5.86894 1
2.89039 1
6.3502 1
0.849862 1
6.42865 1
7.81682 1
3.41799 1
6.5 1
5.55397 1
2.41469 1
-0.0115447 1
3.52741 1
0.895078 1
0.706084 1
9.72804 1
10.0024 1
4.07692 1
3.84229 1
1.76015 1
0.437366 1
4.0962 1
-0.435941 1
6.47472 1
6.74399 1
3.35822 1
2.99295 1
3.51005 1
2.20461 1
8.68696 1
8.12181 1
0.687333 1
5.00255 1
9.8027 1
11.5835 1
4.64495 1
9.32725 1
0.73936 1
-0.0657773 1
6.71241 1
-0.637186 1
7.22054 1
5.40043 1
5.05443 1
5.26057 1
5.89281 1
7.34638 1
4.33227 1
4.33697 1
8.40931 1
8.18082 1
7.01623 1
-2.3576 1
7.42751 1
4.08147 1
5.6499 1
7.89448 1
9.18955 1
4.92783 1
7.53549 1
6.08534 1
6.54542 1
-0.861796 1
4.42499 1
3.18649 1
5.32005 1
0.177733 1
3.60482 1
2.63281 1
7.19181 1
4.46857 1
7.20408 1
6.08917 1
8.20008 1
6.02986 1
9.33315 1
12.1232 1
4.2508 1
4.22935 1
7.66911 1
-3.02997 1
6.71201 1
12.6153 1
3.42827 1
7.05401 1
3.27609 1
-1.92568 1
5.11362 1
11.646 1
4.46064 1
8.9621 1
11.721 1
5.31348 1
4.4234 1
3.6335 1
6.21266 1
5.98951 1
5.7293 1
14.6865 1
2.66859 1
5.2682 1
8.57215 1
0.477216 1
7.19759 1
6.63922 1
6.71896 1
4.79525 1
4.35093 1
4.86288 1
0.386997 1
11.2975 1
7.76217 1
4.30084 1
5.4451 1
7.05038 1
-0.270106 1
9.60381 1
2.79503 1
6.56809 1
-4.41551 1
7.0495 1
-1.1435 1
5.79844 1
4.4409 1
2.95308 1
5.09055 1
4.00795 1
6.60505 1
13.816 1
6.53797 1
3.31126 1
6.27814 1
4.59697 1
5.59006 1
5.77171 1
0.52162 1
5.45955 1
7.78533 1
1.05395 1
8.31905 1
5.5045 1
2.41652 1
7.50159 1
7.02065 1
5.30306 1
5.08906 1
8.77618 1
5.04578 1
9.46041 1
3.70594 1
12.1126 1
8.99625 1
5.348 1
7.27032 1
1.89563 1
5.64858 1
6.79904 1
6.0122 1
8.06564 1
4.93688 1
6.14432 1
5.89819 1
3.01405 1
7.38626 1
10.3307 1
0.111583 1
4.0774 1
6.07672 1
1.97977 1
3.24965 1
5.39988 1
5.56651 1
-4.8337 1
3.64536 1
5.43431 1
2.41401 1
2.21579 1
0.681666 1
7.61557 1
5.28634 1
1.61032 1
6.95373 1
4.25656 1
3.94537 1
6.34808 1
-3.14209 1
6.38297 1
5.90089 1
1.81819 1
7.42302 1
10.6622 1
4.50097 1
-2.16807 1
4.83012 1
5.06784 1
4.76912 1
4.35875 1
0.253822 1
3.84629 1
4.64667 1
11.0444 1
2.89975 1
4.15086 1
4.23718 1
0.775889 1
-3.70563 1
2.5237 1
5.68534 1
5.60034 1
5.28232 1
14.7911 1
5.08479 1
5.05969 1
4.15769 1
5.63112 1
4.13756 1
1.41151 1
-0.168837 1
4.75989 1
5.81106 1
4.10606 1
5.51121 1
-0.869877 1
1.43658 1
6.44962 1
-3.19068 1
3.67847 1
5.97436 1
4.62754 1
5.05771 1
0.438359 1
5.03463 1
6.62985 1
5.04742 1
8.21383 1
7.08913 1
6.86092 1
5.80781 1
5.33583 1
4.34699 1
4.61531 1
2.9726 1
10.2138 1
6.95344 1
1.72912 1
9.31664 1
3.38127 1
12.8232 1
1.30753 1
5.0046 1
8.4564 1
12.9317 1
7.42426 1
5.16463 1
2.70513 1
5.51822 1
7.04975 1
4.67726 1
4.92235 1
5.4389 1
1.89574 1
3.37973 1
0.203738 1
5.70729 1
14.618 1
5.51018 1
5.66098 1
4.538 1
6.6316 1
3.12659 1
3.82941 1
8.32657 1
5.22892 1
5.32854 1
4.91654 1
2.18326 1
4.40957 1
6.86109 1
6.63546 1
5.89019 1
1.18537 1
4.05704 1
11.7864 1
4.49288 1
6.48394 1
0.21518 1
2.40631 1
3.70604 1
13.827 1
-1.68648 1
1.44326 1
3.85987 1
3.17973 1
4.88945 1
2.08615 1
2.75099 1
3.41286 1
-1.54273 1
9.43236 1
4.55469 1
3.2981 1
6.8392 1
4.72028 1
10.0155 1
3.44483 1
13.7625 1
3.48982 1
6.28116 1
10.6147 1
1.18097 1
6.25895 1
4.37391 1
2.29931 1
3.09659 1
5.05821 1
3.67869 1
-1.76109 1
5.38089 1
-0.315667 1
6.92052 1
13.8997 1
4.47871 1
-4.85539 1
1.67123 1
4.1866 1
5.31847 1
-2.59973 1
5.71645 1
10.2164 1
2.43793 1
2.78933 1
4.66988 1
7.64964 1
5.05374 1
6.53818 1
6.82001 1
7.85114 1
2.05092 1
4.36109 1
4.17261 1
5.13542 1
7.47291 1
9.42411 1
3.15622 1
6.92157 1
6.84618 1
-3.25119 1
2.84991 1
6.02518 1
7.04121 1
4.39988 1
6.40451 1
5.03875 1
8.30579 1
5.5517 1
1.18964 1
4.14925 1
5.35738 1
-1.71205 1
6.69154 1
10.8958 1
3.85877 1
12.4615 1
6.04532 1
2.54825 1
7.12891 1
5.7599 1
4.64333 1
4.76489 1
11.7341 1
13.4916 1
4.72643 1
6.52482 1
4.9688 1
4.82335 1
4.47677 1
4.25105 1
8.18005 1
-3.20488 1
8.96493 1
5.90813 1
8.25046 1
6.72086 1
5.96193 1
13.1415 1
3.25333 1
1.2705 1
-0.374779 1
7.20194 1
3.65824 1
-1.91408 1
4.95627 1
2.39915 1
4.57691 1
0.420373 1
6.79143 1
3.10563 1
-2.77689 1
13.9405 1
3.84883 1
2.09379 1
5.32131 1
4.0113 1
7.95794 1
7.95916 1
6.9767 1
6.16328 1
6.40536 1
3.61039 1
10.8295 1
3.89659 1
7.68066 1
5.58558 1
5.00332 1
1.2466 1
2.32304 1
2.92604 1
0.379794 1
8.19084 1
2.87145 1
-0.104596 1
3.66322 1
6.29245 1
2.35153 1
6.59078 1
4.41606 1
8.45772 1
7.29656 1
4.97418 1
3.85499 1
6.66975 1
5.58679 1
3.25745 1
7.0463 1
11.4826 1
4.9247 1
10.59 1
6.05712 1
5.10588 1
0.914439 1
7.94129 1
4.31548 1
6.00445 1
6.69681 1
10.5583 1
4.13839 1
3.32416 1
7.26888 1
3.50148 1
3.99479 1
6.64312 1
5.24202 1
6.62043 1
3.67199 1
4.28733 1
4.41412 1
3.61813 1
4.52994 1
-1.85298 1
4.48501 1
5.28049 1
4.56016 1
6.35292 1
6.66816 1
4.57025 1
1.12862 1
3.47105 1
8.49917 1
5.67271 1
0.855246 1
1.80699 1
7.87502 1
2.48843 1
4.70253 1
5.42544 1
-0.226456 1
5.03601 1
5.78608 1
6.58011 1
2.6975 1
4.18341 1
6.59725 1
-1.27552 1
5.87382 1
9.53256 1
4.66438 1
2.89007 1
4.44028 1
4.43428 1
7.43804 1
4.97316 1
2.44955 1
4.29299 1
4.5313 1
5.59479 1
5.53865 1
3.59234 1
2.3437 1
6.25698 1
9.79907 1
4.66101 1
13.69 1
5.24094 1
5.3795 1
2.38167 1
2.42308 1
3.88765 1
10.1195 1
5.39821 1
7.43021 1
6.18777 1
5.83999 1
8.27009 1
6.53953 1
5.28818 1
5.0912 1
5.92589 1
3.66102 1
-1.27958 1
4.24948 1
6.28449 1
2.07936 1
7.3392 1
3.49468 1
2.19875 1
-4.81572 1
12.8829 1
2.39284 1
8.12056 1
-1.91603 1
-0.374797 1
3.02361 1
4.89291 1
3.02815 1
14.3697 1
6.50192 1
1.79142 1
9.3565 1
7.72042 1
1.08735 1
3.50747 1
6.40304 1
5.3254 1
7.72447 1
5.40209 1
5.9082 1
4.23385 1
4.88825 1
4.21809 1
13.878 1
5.94988 1
6.04675 1
2.32761 1
5.84628 1
5.52301 1
2.62255 1
7.33157 1
6.87227 1
9.3037 1
4.50592 1
5.56815 1
4.73718 1
-0.872712 1
4.23827 1
6.26685 1
5.5415 1
1.86522 1
5.19323 1
3.18916 1
1.59243 1
4.66913 1
4.23311 1
3.5567 1
6.25704 1
3.77899 1
0.0617199 1
3.60164 1
6.32289 1
4.32867 1
5.51799 1
7.13985 1
4.68228 1
7.39603 1
2.75222 1
4.67202 1
4.19429 1
5.14917 1
1.01466 1
5.2852 1
6.48323 1
7.73212 1
6.78085 1
5.57697 1
4.16924 1
7.23103 1
3.5277 1
4.10289 1
4.55633 1
5.44986 1
2.817 1
5.50648 1
5.15061 1
5.23625 1
6.5845 1
8.69197 1
4.6563 1
7.20041 1
5.71204 1
11.5732 1
13.0788 1
4.00301 1
7.78557 1
0.638696 1
10.0303 1
5.27044 1
5.48585 1
3.9461 1
3.69043 1
7.4617 1
8.61129 1
1.34493 1
8.31952 1
0.328174 1
9.04954 1
-3.53374 1
7.71456 1
5.36858 1
5.79874 1
3.01969 1
4.29815 1
-1.11274 1
10.2688 1
7.33692 1
4.65206 1
0.934299 1
3.86531 1
10.4981 1
4.50811 1
2.09837 1
6.06431 1
7.4354 1
11.1757 1
3.6835 1
0.61315 1
5.83101 1
1.95726 1
6.82573 1
10.0311 1
5.73417 1
3.84093 1
-2.51043 1
5.6222 1
2.1441 1
3.34133 1
5.88713 1
2.77153 1
8.53077 1
4.77272 1
6.01888 1
8.94845 1
7.65849 1
5.23891 1
-2.59871 1
2.02688 1
-0.210459 1
5.31585 1
7.08002 1
9.15277 1
4.48628 1
2.83611 1
1.46925 1
6.30557 1
5.40509 1
0.71958 1
6.0521 1
3.51284 1
6.56922 1
0.93856 1
10.2259 1
4.75106 1
3.52142 1
2.52634 1
4.26292 1
7.90105 1
9.46173 1
0.383688 1
5.50214 1
5.93219 1
5.04003 1
13.6202 1
-0.790667 1
3.25157 1
8.06751 1
8.24277 1
5.75118 1
8.48075 1
6.60979 1
5.80746 1
4.89917 1
2.72266 1
11.717 1
4.20988 1
7.14297 1
5.60374 1
0.767115 1
9.97874 1
6.48416 1
5.35687 1
4.59759 1
6.55694 1
7.25604 1
4.03683 1
2.88402 1
3.57535 1
5.97482 1
0.713291 1
1.08383 1
5.45379 1
7.89147 1
5.17139 1
6.88889 1
4.31097 1
4.11431 1
5.4302 1
4.35415 1
5.77531 1
10.463 1
4.02024 1
1.59881 1
8.42586 1
5.71827 1
6.36426 1
5.47012 1
6.46155 1
0.452309 1
9.32375 1
2.205 1
6.82726 1
14.7487 1
4.80674 1
3.95229 1
2.67292 1
4.79006 1
-0.292186 1
6.12537 1
4.30827 1
6.05525 1
7.32453 1
6.53126 1
6.45603 1
4.29285 1
0.36257 1
2.74799 1
5.59232 1
7.34108 1
5.14129 1
8.77648 1
0.535583 1
4.29607 1
4.07023 1
4.92758 1
5.0847 1
5.79773 1
8.79317 1
8.55544 1
9.23137 1
14.7702 1
4.9174 1
5.82545 1
-1.23405 1
4.16923 1
7.24169 1
5.15466 1
2.12016 1
8.15548 1
3.91511 1
3.77917 1
2.44351 1
2.1559 1
4.5518 1
4.79421 1
11.2607 1
6.30272 1
5.20243 1
8.20965 1
6.58557 1
6.2241 1
5.60809 1
7.5554 1
3.0895 1
6.64951 1
4.7941 1
3.90316 1
5.42736 1
10.4819 1
8.05778 1
4.97697 1
14.0376 1
0.475199 1
5.88914 1
3.5294 1
6.92533 1
6.2796 1
6.58039 1
11.2401 1
3.67729 1
9.17374 1
5.74226 1
0.26766 1
8.51402 1
3.73327 1
4.81183 1
4.76541 1
4.05487 1
6.53199 1
-2.31154 1
1.73879 1
5.38135 1
6.68767 1
4.33268 1
3.99516 1
3.59092 1
4.40031 1
3.69468 1
6.22689 1
7.59122 1
2.86206 1
3.60679 1
-4.08751 1
5.01704 1
6.82813 1
1.4959 1
4.82863 1
7.6737 1
3.93047 1
11.4019 1
5.10039 1
10.2538 1
11.2763 1
5.01023 1
5.58197 1
3.04514 1
5.51438 1
5.7897 1
-1.74082 1
6.41355 1
6.16504 1
2.8732 1
4.75469 1
5.63216 1
4.28569 1
4.80375 1
8.56511 1
6.30469 1
4.57839 1
13.5675 1
6.54938 1
7.76663 1
3.73641 1
2.82193 1
2.10021 1
13.6849 1
-0.3396 1
2.6234 1
4.7827 1
3.87103 1
2.07815 1
6.21497 1
4.55499 1
5.96096 1
11.2531 1
4.03277 1
3.30264 1
4.49596 1
3.17586 1
13.8514 1
1.2689 1
12.7278 1
9.92177 1
5.37415 1
1.83259 1
-3.95834 1
10.9706 1
6.77531 1
8.00273 1
9.61434 1
2.88389 1
8.5629 1
2.21955 1
2.50578 1
3.34566 1
7.13625 1
6.09071 1
3.47179 1
12.6803 1
3.75664 1
5.42562 1
10.7738 1
5.96191 1
3.93066 1
4.58905 1
1.86231 1
3.71901 1
2.09228 1
7.46478 1
-1.03641 1
8.15372 1
4.85605 1
4.85313 1
12.1824 1
3.88945 1
8.77831 1
4.01608 1
7.17027 1
3.42322 1
0.182571 1
-4.24224 1
6.05429 1
5.96226 1
-1.07492 1
4.39864 1
-1.84795 1
1.76589 1
6.13046 1
3.21747 1
3.09914 1
5.51951 1
3.50722 1
4.99489 1
4.45422 1
1.82443 1
5.05332 1
4.65919 1
2.82704 1
3.76738 1
2.40497 1
6.4665 1
0.359973 1
6.30775 1
4.4192 1
7.70844 1
3.20827 1
9.6606 1
6.29891 1
4.67897 1
8.18495 1
2.01743 1
5.30145 1
4.72453 1
4.2457 1
3.43815 1
6.59821 1
-3.51375 1
5.79414 1
5.4158 1
3.16442 1
5.56073 1
3.78486 1
3.90288 1
1.94737 1
13.7293 1
7.33862 1
-2.3927 1
6.55154 1
8.41419 1
4.00509 1
2.75849 1
8.02605 1
3.48277 1
6.54862 1
6.1305 1
3.12433 1
6.67273 1
3.90576 1
0.787349 1
11.335 1
0.988221 1
5.4992 1
2.76679 1
2.6084 1
11.2114 1
1.41763 1
6.19127 1
2.3376 1
6.8814 1
7.30464 1
2.63085 1
0.206588 1
1.58273 1
5.95793 1
7.15948 1
6.19381 1
3.91582 1
10.1748 1
6.27319 1
7.28501 1
4.22904 1
2.04561 1
5.01999 1
6.63366 1
2.35819 1
5.41338 1
1.67699 1
3.09236 1
4.57473 1
7.52388 1
5.0512 1
5.11717 1
2.86572 1
5.20126 1
7.01712 1
5.1983 1
5.27613 1
5.09165 1
6.57712 1
10.6037 1
8.74177 1
5.15653 1
13.6678 1
-4.48758 1
6.44261 1
3.30276 1
2.57373 1
1.33874 1
5.50284 1
4.40554 1
5.28289 1
6.40994 1
9.48922 1
4.71665 1
6.71759 1
5.86572 1
3.38714 1
7.84969 1
4.2408 1
1.26638 1
7.26226 1
5.60493 1
4.70418 1
4.52442 1
4.04247 1
5.75135 1
5.89517 1
9.24467 1
4.89395 1
6.58252 1
3.98724 1
2.98337 1
3.25817 1
4.3583 1
5.69857 1
2.70342 1
11.3644 1
3.23285 1
1.28575 1
8.97798 1
10.8938 1
6.40132 1
2.3162 1
10.7113 1
5.33265 1
4.55549 1
3.8819 1
4.35044 1
5.59697 1
11.1571 1
3.94742 1
4.29082 1
4.9244 1
4.54626 1
7.35311 1
9.16811 1
11.8296 1
1.0606 1
4.03091 1
4.52621 1
1.80668 1
7.07059 1
-2.94666 1
2.24814 1
0.997247 1
2.97569 1
5.29426 1
6.93733 1
4.89154 1
5.5576 1
3.29357 1
4.36898 1
4.61435 1
1.47729 1
9.88445 1
12.487 1
4.01564 1
6.65894 1
4.43245 1
4.10297 1
7.45591 1
5.55221 1
8.68222 1
2.10363 1
4.80879 1
-3.75241 1
2.4509 1
6.03594 1
8.61002 1
4.37508 1
6.03255 1
4.6067 1
1.44917 1
4.0977 1
5.5536 1
4.04559 1
10.1946 1
-3.22861 1
1.39284 1
6.9946 1
5.78664 1
9.39131 1
-2.85866 1
6.92377 1
1.50121 1
6.98057 1
14.3939 1
10.0962 1
5.52837 1
12.078 1
9.49901 1
4.24841 1
3.741 1
-1.82397 1
-2.00325 1
4.56298 1
3.42707 1
6.70565 1
5.04203 1
2.78773 1
6.63597 1
2.69652 1
10.7685 1
6.67892 1
5.82208 1
6.62896 1
2.51359 1
3.58421 1
6.41867 1
5.17103 1
3.49563 1
3.79544 1
6.16843 1
4.53127 1
-3.52888 1
5.66901 1
4.53726 1
13.3408 1
5.32188 1
4.21003 1
1.57411 1
7.31578 1
5.1082 1
9.07331 1
-0.0510339 1
1.60996 1
10.2185 1
5.83427 1
6.66127 1
1.14763 1
-0.756478 1
0.309287 1
3.3164 1
9.81971 1
7.52599 1
8.1065 1
5.13392 1
3.63531 1
1.44467 1
3.84488 1
3.97244 1
5.0034 1
4.46597 1
6.26482 1
5.6256 1
8.16334 1
9.4567 1
7.62063 1
5.5306 1
-3.16566 1
6.59755 1
5.79985 1
3.40931 1
4.66966 1
4.44302 1
8.07598 1
6.88896 1
4.81657 1
4.2277 1
10.1601 1
4.95757 1
5.00039 1
2.94514 1
2.11978 1
5.9316 1
4.67626 1
5.32621 1
4.74643 1
5.90103 1
4.08786 1
-4.49544 1
6.11848 1
8.26752 1
8.432 1
-1.39601 1
8.22108 1
5.92153 1
3.4358 1
8.57847 1
8.49877 1
-0.110041 1
6.05282 1
4.54355 1
1.70189 1
14.4912 1
4.6845 1
4.81083 1
5.34126 1
6.66317 1
7.20012 1
5.1469 1
2.32919 1
5.23037 1
8.40178 1
3.48507 1
14.1159 1
4.80593 1
5.64167 1
5.39002 1
4.05375 1
8.86286 1
1.91343 1
6.47588 1
6.44523 1
3.33977 1
6.56332 1
4.03332 1
7.81717 1
5.75322 1
4.57597 1
4.99068 1
7.66408 1
11.7943 1
5.00518 1
3.35378 1
8.1226 1
7.41837 1
5.59648 1
8.83212 1
5.31541 1
4.50654 1
4.97149 1
3.59388 1
0.493404 1
4.09227 1
8.25578 1
-4.07811 1
6.35746 1
5.79834 1
5.52764 1
5.87608 1
6.99453 1
5.52523 1
14.7019 1
5.92733 1
8.75522 1
8.87997 1
12.8691 1
2.90111 1
0.691068 1
6.71108 1
5.20932 1
8.31129 1
12.7208 1
0.379419 1
0.659246 1
9.10876 1
5.88228 1
3.18105 1
-3.78987 1
7.77234 1
7.80043 1
4.83892 1
0.396748 1
2.11851 1
9.11716 1
6.65184 1
3.47731 1
2.70584 1
4.01217 1
5.86969 1
5.18042 1
1.87535 1
6.56547 1
5.36086 1
5.87898 1
7.13042 1
9.41222 1
7.7493 1
3.85213 1
8.52381 1
5.62566 1
4.90044 1
8.62277 1
4.43731 1
7.6072 1
5.42326 1
9.28671 1
5.14923 1
6.85398 1
4.62512 1
5.49335 1
6.04201 1
4.39644 1
7.12859 1
6.87554 1
6.66824 1
1.95446 1
4.58711 1
6.29805 1
6.30052 1
4.54856 1
4.68644 1
5.84659 1
2.18865 1
4.74019 1
4.05409 1
6.02559 1
6.84354 1
6.10865 1
5.52758 1
6.42843 1
-3.07872 1
4.77017 1
5.65995 1
2.84534 1
5.69562 1
3.0586 1
3.74602 1
0.045641 1
4.8427 1
5.79234 1
-2.29684 1
5.5808 1
6.00925 1
6.2304 1
9.18567 1
4.48837 1
9.43398 1
4.85463 1
5.4083 1
5.88545 1
4.34567 1
4.21924 1
6.63794 1
4.20129 1
1.37544 1
2.77157 1
1.40025 1
3.35801 1
3.6075 1
8.86249 1
6.2501 1
4.29581 1
4.61231 1
2.92014 1
-2.24064 1
10.7411 1
10.9573 1
5.89824 1
9.337 1
7.30815 1
6.62245 1
0.084283 1
13.1276 1
6.70941 1
5.6208 1
4.73575 1
7.10738 1
3.99527 1
3.72949 1
4.01938 1
9.92606 1
2.66623 1
4.94025 1
4.63108 1
3.68966 1
6.16057 1
5.59672 1
3.91239 1
2.70277 1
4.7267 1
7.92459 1
9.74972 1
3.50677 1
5.39477 1
9.89777 1
5.90693 1
-0.220969 1
6.46791 1
5.51702 1
7.14974 1
4.0412 1
1.19026 1
11.9215 1
4.7552 1
8.04625 1
6.1069 1
14.2699 1
5.76472 1
4.30118 1
2.13354 1
4.39648 1
4.1738 1
4.13684 1
6.74213 1
5.07563 1
4.503 1
5.39079 1
14.3135 1
8.98503 1
3.97422 1
5.98324 1
5.70577 1
2.95354 1
5.36179 1
5.85105 1
4.36239 1
11.3109 1
6.28205 1
5.51089 1
11.024 1
5.33864 1
4.85086 1
14.6716 1
5.21578 1
4.2882 1
5.87115 1
7.2949 1
7.49462 1
13.7065 1
5.17544 1
-3.68544 1
4.97366 1
8.00563 1
4.09676 1
2.76623 1
2.40708 1
3.64869 1
4.4198 1
7.14637 1
4.16228 1
8.79383 1
2.40104 1
4.81686 1
3.39842 1
5.08432 1
-1.40126 1
6.61836 1
-3.25044 1
0.167506 1
2.50279 1
2.12412 1
8.69048 1
8.3688 1
5.61501 1
-1.7077 1
4.94538 1
5.01654 1
10.0704 1
7.49662 1
3.36423 1
1.16864 1
6.6757 1
5.40456 1
2.83057 1
-3.68295 1
9.20329 1
5.09887 1
8.84368 1
4.39524 1
4.77883 1
4.71341 1
2.76306 1
1.61851 1
6.70791 1
4.48726 1
7.10773 1
4.72249 1
5.34728 1
3.6943 1
4.87204 1
5.53329 1
-0.208066 1
6.36348 1
4.60617 1
4.61262 1
-0.469418 1
4.45765 1
8.22719 1
1.49138 1
4.52817 1
5.50326 1
3.75328 1
6.73239 1
2.74592 1
5.59994 1
7.15673 1
0.944252 1
2.65476 1
-2.44436 1
5.89117 1
10.8077 1
3.10618 1
-0.189967 1
5.27287 1
8.65406 1
4.76084 1
8.42021 1
-0.792984 1
8.25885 1
10.0767 1
6.27563 1
-1.23433 1
6.39761 1
-0.841592 1
3.65755 1
1.26953 1
8.9417 1
6.83668 1
5.91909 1
0.773799 1
4.75486 1
2.87979 1
3.76761 1
4.10283 1
4.73012 1
8.13985 1
7.25951 1
8.99887 1
-3.93751 1
4.74298 1
5.86734 1
2.95344 1
6.40415 1
4.41892 1
6.54946 1
2.14182 1
3.47308 1
3.91427 1
-1.99715 1
8.65941 1
3.03704 1
-2.64295 1
3.6081 1
8.04704 1
4.40041 1
3.92498 1
6.44645 1
7.80304 1
9.65411 1
2.80349 1
14.071 1
10.9896 1
-2.86815 1
10.5565 1
13.3341 1
6.01504 1
-4.76411 1
4.85276 1
14.1858 1
3.45791 1
5.57869 1
6.49583 1
1.16467 1
8.66212 1
10.7818 1
8.98884 1
2.89006 1
10.4176 1
11.728 1
6.51779 1
0.469034 1
5.29432 1
4.95013 1
3.74553 1
6.6226 1
0.649333 1
2.6762 1
11.6935 1
-0.241556 1
8.67706 1
-4.58922 1
4.29443 1
6.74656 1
6.66192 1
1.02179 1
1.68783 1
7.6568 1
7.21428 1
6.40351 1
3.86489 1
6.54677 1
7.70676 1
-2.21619 1
2.44978 1
4.97208 1
6.3537 1
0.867682 1
4.8848 1
3.95749 1
14.6043 1
4.50208 1
7.44371 1
6.78904 1
7.02692 1
4.80412 1
4.46755 1
11.5813 1
7.61864 1
5.62445 1
6.16974 1
7.93817 1
5.07668 1
0.941904 1
2.47182 1
5.59472 1
3.29776 1
-2.93057 1
1.74349 1
9.71785 1
2.26913 1
4.98882 1
1.95826 1
6.7153 1
3.29881 1
4.17474 1
5.78292 1
1.10372 1
4.91209 1
4.32226 1
5.01098 1
4.19363 1
4.16044 1
0.363005 1
4.36969 1
1.28168 1
5.82829 1
5.20088 1
5.57635 1
6.27164 1
3.02557 1
4.39087 1
8.69719 1
3.76802 1
7.18867 1
3.54671 1
6.11181 1
5.07148 1
5.16628 1
6.43431 1
3.68736 1
8.66416 1
6.26105 1
4.29929 1
6.01225 1
4.98604 1
3.41251 1
0.892323 1
5.28092 1
2.74632 1
2.07836 1
3.71738 1
1.95257 1
8.46418 1
5.30177 1
3.14255 1
4.61403 1
12.1747 1
4.86411 1
10.1425 1
6.00452 1
6.95646 1
3.81396 1
7.51532 1
9.02574 1
0.97695 1
5.58867 1
6.43911 1
6.08715 1
4.03516 1
-0.399622 1
3.98175 1
7.12349 1
0.804481 1
5.50144 1
6.09208 1
3.32669 1
7.52236 1
0.578278 1
4.44711 1
2.63637 1
5.94576 1
3.34209 1
-4.73339 1
4.50299 1
1.17995 1
6.69202 1
6.13362 1
4.12284 1
7.59883 1
2.76788 1
8.09491 1
4.19513 1
7.73123 1
8.292 1
10.9606 1
5.12883 1
5.08047 1
5.37778 1
-2.18567 1
0.774333 1
7.27236 1
3.30857 1
6.29433 1
10.0974 1
9.33438 1
6.72917 1
6.55524 1
4.83488 1
4.36173 1
6.97126 1
5.24982 1
5.26764 1
6.17678 1
4.64458 1
5.04575 1
8.12428 1
6.43705 1
5.86199 1
6.8651 1
6.02996 1
0.311177 1
8.1734 1
12.9635 1
0.649406 1
6.62754 1
6.95717 1
3.9005 1
5.17758 1
5.49753 1
2.23224 1
5.46216 1
3.22768 1
5.38066 1
11.4184 1
6.51752 1
0.51262 1
5.26425 1
5.59145 1
4.42595 1
6.38892 1
5.90814 1
11.5247 1
4.20648 1
4.5825 1
5.08073 1
-0.733404 1
6.47352 1
3.23263 1
1.66987 1
10.2208 1
1.40087 1
14.7847 1
14.0339 1
4.81914 1
5.00452 1
3.52346 1
0.795499 1
5.64536 1
4.41232 1
2.08082 1
5.46296 1
6.54419 1
6.81731 1
1.825 1
6.26442 1
6.52198 1
10.5569 1
2.07827 1
4.56234 1
6.7368 1
-2.18332 1
7.43415 1
3.14519 1
6.0799 1
7.34834 1
2.9666 1
6.72463 1
6.80176 1
3.15639 1
3.10209 1
1.17215 1
3.91744 1
0.48225 1
-2.88122 1
6.14847 1
10.7519 1
4.33218 1
4.69928 1
6.62211 1
6.83215 1
8.2942 1
5.80829 1
4.85297 1
5.00373 1
9.00692 1
4.19179 1
4.44469 1
6.26432 1
0.896319 1
6.81474 1
10.3243 1
0.813168 1
10.5152 1
9.49492 1
5.07603 1
5.40292 1
6.1423 1
3.25621 1
9.59024 1
7.54068 1
-0.021676 1
8.56927 1
1.37035 1
7.13198 1
5.21494 1
8.05833 1
-0.97256 1
4.47166 1
5.10531 1
-1.38916 1
1.18874 1
3.33512 1
6.00971 1
9.39031 1
8.19473 1
2.6361 1
1.18942 1
3.06413 1
7.02816 1
4.17005 1
5.98477 1
5.36308 1
3.25672 1
3.73047 1
8.68126 1
3.88373 1
5.32063 1
9.27275 1
1.25574 1
0.182523 1
8.75026 1
4.62701 1
5.55295 1
10.6619 1
7.17324 1
2.1225 1
7.63431 1
3.32242 1
1.44749 1
8.15405 1
7.0246 1
4.53998 1
6.57613 1
5.01659 1
-0.0580642 1
6.73507 1
-3.14557 1
7.97111 1
2.30034 1
3.00823 1
5.85655 1
6.47624 1
5.43775 1
5.16851 1
1.83362 1
10.9553 1
14.6322 1
3.00478 1
2.21374 1
10.6827 1
14.0534 1
5.44083 1
4.03663 1
9.62713 1
-1.37712 1
11.0175 1
9.2473 1
5.23957 1
6.99741 1
4.90806 1
4.04434 1
7.02537 1
4.46786 1
8.58133 1
5.6784 1
5.14223 1
5.46843 1
6.36915 1
-0.0819124 1
2.83077 1
7.02675 1
3.15477 1
2.13583 1
-2.75857 1
2.50192 1
6.71899 1
5.05876 1
4.4632 1
7.06163 1
4.7806 1
4.0146 1
3.32988 1
5.1323 1
5.95455 1
5.67872 1
3.94878 1
2.98942 1
3.07956 1
-0.762876 1
-3.43244 1
5.52862 1
-1.63162 1
5.70729 1
5.08596 1
1.30266 1
4.40695 1
7.39029 1
7.72423 1
5.49782 1
3.28591 1
9.62533 1
-0.94038 1
0.707381 1
4.36051 1
5.09304 1
3.5665 1
5.42693 1
4.7693 1
-2.64793 1
4.9151 1
6.86118 1
8.13968 1
3.41174 1
3.05908 1
6.61832 1
-2.02897 1
11.2814 1
1.1109 1
5.34705 1
0.967465 1
3.93312 1
5.21777 1
4.25003 1
8.67182 1
6.27444 1
4.80118 1
2.91232 1
6.01945 1
2.64338 1
4.41029 1
5.41028 1
8.29643 1
4.34807 1
2.8867 1
-3.40509 1
5.75031 1
6.81636 1
9.33164 1
5.03589 1
1.76025 1
4.08613 1
7.56352 1
7.16347 1
4.81759 1
0.261323 1
5.38332 1
5.61789 1
2.63823 1
4.57307 1
6.52365 1
10.9393 1
12.3896 1
-0.0716036 1
5.53748 1
9.13582 1
10.0984 1
0.853901 1
5.1975 1
6.87111 1
5.39133 1
6.60256 1
-2.62221 1
6.0358 1
5.06579 1
6.51206 1
8.30399 1
7.9213 1
1.18287 1
5.43975 1
2.09737 1
6.98227 1
2.01483 1
5.44635 1
3.0239 1
4.22541 1
5.0058 1
8.24673 1
6.98555 1
5.25796 1
6.77309 1
10.1884 1
4.44635 1
3.91486 1
0.631717 1
6.57953 1
1.0541 1
-1.95599 1
7.37863 1
9.4447 1
6.44416 1
7.892 1
1.7453 1
1.27295 1
1.24676 1
8.16067 1
2.47474 1
6.3693 1
-0.949946 1
2.73198 1
3.45373 1
5.93666 1
3.60331 1
2.75413 1
3.78403 1
5.85181 1
10.8093 1
7.0262 1
8.21566 1
1.53681 1
6.39899 1
4.07561 1
5.75512 1
-0.274405 1
6.94324 1
6.25939 1
3.49597 1
10.4937 1
5.59685 1
4.27553 1
4.3972 1
7.50465 1
6.0798 1
4.23699 1
1.5788 1
3.8608 1
5.24414 1
6.17388 1
7.79524 1
1.18214 1
6.99501 1
6.49711 1
0.618364 1
4.99886 1
4.28124 1
8.15919 1
4.04514 1
2.60431 1
4.40688 1
-3.36083 1
6.18267 1
5.26625 1
7.1118 1
7.11599 1
5.97225 1
6.94879 1
3.91425 1
3.80113 1
3.9751 1
7.43719 1
9.81061 1
4.7172 1
4.10812 1
7.3638 1
7.23173 1
13.5754 1
4.21285 1
3.8108 1
1.75104 1
5.64114 1
5.13407 1
2.59017 1
6.3574 1
8.52207 1
5.61019 1
8.2422 1
2.39596 1
3.95786 1
4.41791 1
3.43177 1
8.71236 1
5.77068 1
4.69871 1
4.41595 1
2.32484 1
2.29178 1
-4.46891 1
4.87043 1
1.94008 1
-2.64421 1
4.00144 1
6.96291 1
6.41085 1
8.04684 1
-2.15627 1
3.17438 1
1.53356 1
5.9061 1
6.56342 1
7.12895 1
5.22973 1
6.55705 1
6.46213 1
2.22436 1
2.11341 1
-0.550362 1
12.0163 1
6.48515 1
5.72819 1
4.92087 1
6.84248 1
6.25873 1
-0.0269347 1
5.79547 1
8.02964 1
5.82406 1
10.5132 1
5.29452 1
0.59038 1
11.2733 1
2.33416 1
8.2009 1
7.1469 1
1.9404 1
3.50964 1
7.09008 1
7.87519 1
-0.0601526 1
0.565864 1
1.62062 1
2.35874 1
5.82576 1
4.68185 1
3.73013 1
-1.68062 1
9.17615 1
9.30444 1
-0.0904769 1
3.00905 1
5.50544 1
7.32492 1
8.35715 1
2.55115 1
3.49656 1
4.48349 1
4.12997 1
5.57178 1
5.07978 1
6.3536 1
3.10557 1
5.99333 1
7.79649 1
5.12067 1
4.63992 1
1.85238 1
-1.8869 1
-1.27915 1
5.61526 1
10.1858 1
7.88678 1
5.63848 1
5.53949 1
5.95615 1
2.40592 1
3.87232 1
1.98881 1
5.07339 1
3.61681 1
5.4266 1
-0.170475 1
0.446949 1
-1.93245 1
1.34635 1
2.38642 1
8.61562 1
4.96435 1
11.5667 1
13.8625 1
5.02579 1
8.20305 1
7.50998 1
7.67857 1
4.294 1
-1.05541 1
13.5422 1
1.92802 1
7.29412 1
-1.8489 1
3.44557 1
8.55828 1
12.155 1
4.92086 1
8.24843 1
6.13782 1
2.19169 1
1.88639 1
5.84278 1
4.72409 1
4.27281 1
6.43947 1
8.03271 1
4.25144 1
5.09105 1
14.3368 1
3.78321 1
7.30082 1
4.525 1
3.07362 1
6.70454 1
4.62325 1
8.37304 1
3.62034 1
4.92722 1
-3.8343 1
6.52232 1
7.45034 1
5.57994 1
8.27969 1
10.244 1
0.498083 1
5.46668 1
10.6991 1
2.83573 1
5.41792 1
0.0789904 1
4.10157 1
5.38887 1
7.25789 1
5.24212 1
1.73099 1
5.1366 1
5.66921 1
4.38692 1
4.25506 1
4.07305 1
5.98995 1
2.90645 1
4.00257 1
0.973427 1
3.50092 1
4.2199 1
5.49065 1
4.12234 1
10.775 1
5.82416 1
6.48641 1
6.44538 1
4.20382 1
-1.30259 1
7.03068 1
5.47924 1
7.70649 1
-0.784848 1
0.0150224 1
3.4383 1
9.09307 1
6.47619 1
6.91462 1
-4.55289 1
6.35681 1
9.44346 1
5.1825 1
5.99069 1
7.80398 1
9.56209 1
3.55264 1
4.47067 1
3.84307 1
9.26311 1
7.52926 1
10.232 1
-0.636715 1
0.63277 1
4.73561 1
4.28403 1
5.52114 1
9.43209 1
-0.862312 1
4.57724 1
5.20462 1
4.18665 1
9.24261 1
7.58678 1
3.98049 1
4.24588 1
12.0523 1
6.66579 1
3.02759 1
3.39943 1
-1.88785 1
8.77066 1
3.93133 1
0.293934 1
-0.441565 1
9.73216 1
5.53223 1
5.60676 1
3.20489 1
5.6488 1
2.97898 1
6.68745 1
8.2646 1
5.30916 1
10.7648 1
7.77682 1
5.49481 1
8.7044 1
3.77794 1
4.18415 1
10.2014 1
1.77112 1
3.48121 1
5.73505 1
11.4505 1
5.14095 1
10.2891 1
6.40796 1
11.3725 1
5.41884 1
5.09901 1
11.5841 1
3.38267 1
-1.04888 1
4.07489 1
6.76981 1
8.36937 1
0.655034 1
2.5956 1
6.61718 1
3.31534 1
6.29289 1
6.78803 1
2.14665 1
2.3492 1
8.42748 1
2.66275 1
3.99953 1
5.69739 1
7.45446 1
7.61871 1
5.25487 1
7.04258 1
2.41167 1
5.12841 1
4.53819 1
6.68413 1
3.22394 1
3.28425 1
7.43224 1
5.9068 1
4.582 1
6.65329 1
7.85696 1
2.98857 1
5.70324 1
7.28771 1
8.85639 1
4.5767 1
6.47516 1
2.8348 1
4.73034 1
9.07569 1
3.9489 1
5.31542 1
4.03758 1
-0.769746 1
7.9901 1
12.6149 1
11.5147 1
2.76106 1
6.48305 1
9.20542 1
11.7296 1
1.76039 1
5.68222 1
6.77698 1
4.52311 1
4.151 1
5.06552 1
7.66918 1
5.12806 1
6.94699 1
7.45752 1
7.40188 1
4.3227 1
3.46837 1
5.56198 1
11.4936 1
2.28766 1
11.0839 1
6.6425 1
5.30424 1
0.650162 1
4.28859 1
3.79938 1
5.20552 1
-3.73004 1
3.50248 1
4.68728 1
4.46709 1
5.59919 1
7.71386 1
10.8695 1
6.4773 1
5.43146 1
0.611474 1
2.9879 1
3.26466 1
5.28779 1
6.13304 1
6.23358 1
-1.203 1
5.4442 1
7.22093 1
8.35701 1
5.08614 1
5.32994 1
-1.89714 1
8.99998 1
0.591325 1
2.56911 1
-3.04769 1
5.50025 1
6.55594 1
4.53652 1
11.071 1
5.28766 1
11.8995 1
5.42698 1
-0.100997 1
6.59705 1
0.487513 1
5.45999 1
11.8227 1
2.99218 1
5.1263 1
5.03408 1
3.15762 1
3.52258 1
7.79591 1
8.59456 1
5.44559 1
2.02865 1
7.33364 1
4.91949 1
9.1762 1
5.32343 1
11.3895 1
12.0862 1
10.82 1
6.90945 1
-1.82268 1
3.93405 1
5.45413 1
9.00192 1
10.2328 1
6.31458 1
0.264754 1
4.5842 1
1.87841 1
3.67652 1
4.37095 1
3.04954 1
3.89746 1
4.42341 1
-4.47979 1
5.10528 1
7.34588 1
8.97042 1
7.74646 1
10.0712 1
2.09182 1
3.66062 1
7.41301 1
6.74766 1
2.98199 1
3.66558 1
4.691 1
8.05404 1
6.90346 1
13.3941 1
-1.81627 1
6.46893 1
2.11588 1
5.39698 1
14.8217 1
8.54645 1
7.62199 1
7.72313 1
-1.39224 1
4.78237 1
9.03996 1
5.92529 1
3.90947 1
4.91192 1
4.24344 1
2.6503 1
-0.0533421 1
-1.83043 1
14.7678 1
5.87284 1
5.95266 1
3.81707 1
14.6811 1
4.37277 1
4.47809 1
3.51646 1
4.59926 1
3.10587 1
0.756804 1
-0.805347 1
2.65109 1
-0.527308 1
-4.53786 1
2.37431 1
12.9696 1
4.13747 1
3.56772 1
7.30867 1
4.43608 1
4.01013 1
2.63821 1
2.57394 1
3.46773 1
-4.09589 1
4.89468 1
2.72286 1
2.00078 1
4.09876 1
2.51822 1
6.98158 1
-2.881 1
8.32005 1
-0.802584 1
6.46816 1
4.56929 1
-1.89513 1
5.28749 1
3.57591 1
5.34528 1
1.45918 1
5.1687 1
5.38839 1
0.372754 1
6.42495 1
3.49987 1
6.70758 1
5.46936 1
5.24648 1
-0.759322 1
9.0514 1
4.14515 1
5.0314 1
0.696985 1
3.96272 1
2.00441 1
3.55785 1
6.28885 1
5.02369 1
3.58619 1
3.15273 1
4.98756 1
5.27418 1
3.09165 1
8.13907 1
4.6995 1
3.40838 1
5.17105 1
8.72849 1
8.13701 1
5.78465 1
-1.48247 1
1.59925 1
3.88246 1
-0.241949 1
4.85427 1
4.05504 1
4.81806 1
4.36756 1
8.36911 1
6.73743 1
1.42764 1
5.52423 1
3.90804 1
8.14855 1
5.09104 1
12.5628 1
5.91443 1
0.714819 1
-1.47909 1
7.00299 1
13.2411 1
5.14222 1
-1.54236 1
3.68923 1
3.84986 1
4.04917 1
5.48241 1
4.3839 1
0.770454 1
3.27958 1
5.77577 1
10.5065 1
6.84697 1
4.68515 1
2.95266 1
7.41785 1
1.16023 1
7.61099 1
6.1121 1
4.06092 1
6.92302 1
2.15297 1
-2.21036 1
-3.26962 1
5.14237 1
3.42125 1
2.5568 1
4.10287 1
2.40737 1
5.60035 1
6.75191 1
4.90306 1
5.60396 1
7.69612 1
3.51368 1
5.02212 1
7.7861 1
3.21886 1
3.65099 1
6.17994 1
6.91802 1
5.48008 1
8.45163 1
4.59269 1
6.14711 1
3.10242 1
0.985533 1
3.49196 1
2.17002 1
11.8353 1
4.31708 1
4.76864 1
4.11157 1
4.46615 1
6.22701 1
4.18992 1
3.84309 1
11.5351 1
12.4589 1
1.41512 1
4.99837 1
3.76915 1
2.17548 1
4.23777 1
7.20507 1
3.36535 1
2.68723 1
5.32559 1
3.19095 1
5.29333 1
5.67465 1
4.75076 1
10.3974 1
0.521466 1
5.1932 1
8.03718 1
7.96096 1
8.11967 1
9.11981 1
5.95771 1
3.15561 1
8.49379 1
3.72354 1
1.04886 1
5.42065 1
1.45492 1
3.05292 1
6.78007 1
7.95845 1
4.60774 1
4.19076 1
11.2655 1
4.69328 1
3.04849 1
11.8362 1
3.63155 1
12.3794 1
2.75396 1
8.51278 1
2.45897 1
3.0786 1
12.5443 1
4.5392 1
7.92181 1
8.20986 1
4.2962 1
4.60897 1
5.5209 1
4.47309 1
7.52993 1
4.96485 1
5.85276 1
5.17465 1
2.56014 1
6.17104 1
1.30122 1
4.3545 1
4.72561 1
5.4006 1
6.41428 1
0.537945 1
5.8122 1
1.65734 1
4.34637 1
5.49172 1
4.6956 1
2.32822 1
8.17517 1
5.33355 1
-0.163776 1
3.17434 1
4.27822 1
5.95639 1
6.52081 1
4.75433 1
5.40566 1
4.73408 1
1.67657 1
1.33629 1
5.89067 1
3.54189 1
1.07961 1
4.69572 1
1.875 1
3.34616 1
7.91715 1
6.71853 1
3.94827 1
4.60207 1
8.06453 1
2.77026 1
5.0318 1
7.49667 1
-3.90908 1
2.38477 1
5.88279 1
6.74752 1
-4.8522 1
11.6736 1
4.00565 1
6.47067 1
7.72679 1
2.16839 1
4.98748 1
6.05177 1
0.0324956 1
5.78212 1
13.4819 1
6.38162 1
4.28032 1
10.1449 1
3.16641 1
2.10272 1
2.38211 1
10.614 1
7.7334 1
10.0016 1
6.54297 1
2.78272 1
6.64471 1
1.9164 1
2.15823 1
-4.69394 1
2.73023 1
10.1212 1
5.10356 1
6.00121 1
5.31794 1
-4.73622 1
4.06636 1
6.73135 1
6.41908 1
5.79715 1
-2.88178 1
-4.67331 1
5.58986 1
7.43865 1
6.19567 1
8.39121 1
3.37445 1
8.08148 1
0.0563538 1
6.16575 1
6.84972 1
9.64819 1
2.49533 1
10.6527 1
0.64636 1
9.09741 1
5.87577 1
3.82786 1
6.77541 1
3.60791 1
-0.277643 1
7.97843 1
3.98523 1
5.08114 1
4.9228 1
0.575725 1
7.81554 1
4.294 1
4.99426 1
5.18629 1
7.63448 1
4.97535 1
3.7116 1
-2.26466 1
-2.34644 1
4.83594 1
3.78246 1
7.71222 1
7.74792 1
6.14387 1
3.35652 1
7.98453 1
5.44964 1
3.49815 1
2.36245 1
9.9742 1
4.64947 1
7.47382 1
-2.64846 1
4.37322 1
4.66563 1
4.06039 1
-2.49097 1
9.24841 1
7.72086 1
6.4203 1
5.01975 1
2.48217 1
7.67507 1
6.08385 1
5.92621 1
1.99219 1
0.431153 1
5.73359 1
4.03332 1
2.6253 1
8.62433 1
1.51662 1
5.56337 1
2.18667 1
5.72409 1
1.50574 1
6.55607 1
6.83867 1
1.96272 1
6.49959 1
6.45298 1
-2.68296 1
6.6514 1
7.56527 1
3.93703 1
2.82298 1
2.75823 1
3.29488 1
6.12017 1
5.10623 1
4.79821 1
3.46282 1
4.42134 1
-3.12568 1
4.52067 1
4.57333 1
8.70361 1
5.39141 1
-0.0804698 1
5.75841 1
5.6214 1
7.90245 1
5.03427 1
6.792 1
2.87305 1
-0.633327 1
2.84499 1
5.61312 1
4.09468 1
7.08111 1
5.41834 1
7.10979 1
5.04557 1
5.26987 1
1.52991 1
-0.531933 1
-2.45337 1
2.59738 1
3.40989 1
5.35321 1
-1.67554 1
2.65728 1
6.31693 1
7.08163 1
2.91847 1
3.54045 1
5.40514 1
4.43483 1
2.02647 1
7.54792 1
6.23607 1
2.9129 1
4.34173 1
-2.16193 1
6.61168 1
4.5609 1
-4.13132 1
3.59171 1
3.39592 1
3.38457 1
0.528545 1
5.02949 1
3.35429 1
2.83806 1
2.14461 1
6.54539 1
4.63802 1
6.14939 1
6.93799 1
3.89277 1
6.81133 1
6.88034 1
4.4706 1
5.17386 1
8.1533 1
4.4958 1
3.0127 1
5.96686 1
4.5554 1
6.41916 1
11.9165 1
1.50632 1
5.2815 1
1.36585 1
3.29095 1
4.17632 1
8.65164 1
7.86491 1
5.43257 1
9.77203 1
4.85474 1
5.60648 1
-4.63003 1
6.30979 1
5.94465 1
5.14675 1
9.18443 1
5.72055 1
7.56481 1
5.35576 1
3.13537 1
4.71664 1
3.11702 1
2.37853 1
5.38972 1
8.95485 1
-3.52039 1
1.13026 1
4.02511 1
4.59971 1
3.97302 1
8.12296 1
7.86727 1
4.72409 1
2.87054 1
9.46928 1
7.82261 1
1.81428 1
3.1434 1
7.2103 1
7.33556 1
9.83258 1
2.96624 1
-0.712582 1
4.61132 1
3.33514 1
5.51191 1
4.40175 1
-3.81127 1
6.41583 1
5.99542 1
3.36485 1
1.48607 1
8.88527 1
14.0243 1
2.94009 1
-1.94848 1
5.14389 1
4.29895 1
6.54167 1
2.67487 1
9.23422 1
3.40844 1
3.63006 1
7.50061 1
7.05915 1
3.39864 1
6.69625 1
4.27628 1
6.89302 1
4.93624 1
9.04373 1
4.37974 1
6.81134 1
4.19429 1
4.82512 1
4.68767 1
3.39776 1
1.00616 1
6.90932 1
5.61258 1
2.77405 1
4.00848 1
5.87055 1
4.02811 1
5.98559 1
6.48467 1
3.58227 1
6.01596 1
4.83079 1
5.84855 1
4.39139 1
6.39897 1
3.1219 1
7.06437 1
6.70271 1
-2.40047 1
-2.43376 1
4.89719 1
5.08968 1
4.32845 1
10.6839 1
6.80391 1
8.76035 1
5.83074 1
4.2712 1
5.17011 1
7.34758 1
4.56515 1
4.42422 1
7.15778 1
7.35615 1
-0.575466 1
0.183685 1
9.8203 1
5.66482 1
3.07464 1
6.22297 1
2.83596 1
5.95936 1
6.31777 1
2.74936 1
-3.26534 1
12.0844 1
6.46023 1
4.22441 1
4.88825 1
3.81129 1
8.97982 1
6.50615 1
3.23615 1
8.6516 1
6.0251 1
2.1147 1
4.87048 1
6.07638 1
7.17886 1
1.2298 1
7.25962 1
5.68585 1
5.0902 1
5.86777 1
3.62407 1
6.50782 1
6.26079 1
7.77594 1
1.93042 1
6.85964 1
1.61123 1
1.71511 1
13.1507 1
6.14892 1
1.69212 1
4.18341 1
3.86045 1
14.6365 1
6.98632 1
5.23699 1
5.90203 1
-0.147216 1
5.81598 1
7.09985 1
-0.697963 1
4.80855 1
9.08532 1
12.8476 1
3.54546 1
6.36289 1
0.205782 1
13.616 1
5.5153 1
1.2637 1
-3.13965 1
4.49842 1
7.78716 1
4.5618 1
0.193501 1
10.4968 1
3.93136 1
5.34318 1
5.95815 1
4.711 1
8.34389 1
3.48574 1
2.85099 1
4.99427 1
5.24838 1
4.38166 1
5.45162 1
-0.552614 1
5.58213 1
2.88853 1
2.42339 1
8.12481 1
3.33888 1
4.85253 1
-0.143543 1
5.84809 1
12.2387 1
-2.51487 1
2.48138 1
6.83075 1
5.12638 1
11.0331 1
4.7154 1
9.0737 1
12.0574 1
4.99447 1
-3.61324 1
1.02344 1
5.9561 1
5.05489 1
7.33932 1
7.61855 1
9.41917 1
10.8282 1
-1.09777 1
3.99164 1
2.40749 1
6.33874 1
11.8244 1
5.00891 1
3.78481 1
5.72405 1
6.34032 1
5.37304 1
4.19859 1
4.13101 1
3.1532 1
3.11162 1
3.21345 1
3.82982 1
6.04537 1
1.12507 1
-3.59063 1
5.59925 1
4.61687 1
2.09479 1
3.16301 1
5.60432 1
6.16937 1
5.73803 1
1.48184 1
5.01052 1
6.73741 1
3.2086 1
1.29416 1
7.33771 1
4.73517 1
8.22467 1
-4.49629 1
3.8359 1
6.20817 1
4.4514 1
3.03869 1
4.52854 1
4.65776 1
10.4276 1
6.89285 1
8.53441 1
5.70779 1
4.38825 1
12.6363 1
1.37547 1
6.67599 1
-1.52959 1
-6.3632e-05 1
10.4387 1
2.68775 1
5.67661 1
7.71387 1
7.69004 1
4.52253 1
2.13514 1
6.26968 1
5.66127 1
6.2364 1
7.25106 1
0.639585 1
6.91479 1
5.2905 1
5.89274 1
4.32306 1
12.6991 1
1.85532 1
8.34795 1
11.6688 1
4.55249 1
4.56506 1
6.93412 1
6.21231 1
3.00732 1
5.91402 1
5.80056 1
0.312176 1
3.88629 1
4.66916 1
5.91905 1
3.43799 1
4.02551 1
5.67666 1
11.3478 1
7.81574 1
5.06967 1
6.26095 1
1.61347 1
5.95984 1
7.33137 1
5.59483 1
4.78795 1
5.01248 1
7.50023 1
5.46614 1
4.33098 1
10.2073 1
14.1817 1
10.5326 1
3.98141 1
7.42176 1
5.70069 1
-0.0710541 1
3.50134 1
14.2882 1
2.70559 1
8.10933 1
2.70798 1
2.66489 1
6.24149 1
4.673 1
3.87236 1
8.84287 1
8.42592 1
8.40048 1
3.03278 1
7.0279 1
1.09629 1
3.03395 1
3.45604 1
4.85941 1
5.0783 1
3.84645 1
3.3635 1
4.8035 1
6.75492 1
6.44818 1
10.0293 1
0.527637 1
-1.64489 1
4.10926 1
14.7837 1
5.42436 1
8.65978 1
9.49908 1
-0.346826 1
-1.48895 1
-3.00988 1
6.83653 1
5.34215 1
6.65748 1
6.93922 1
5.48848 1
7.88703 1
8.17029 1
10.6619 1
1.33611 1
9.21467 1
3.84486 1
7.57216 1
2.26265 1
5.57306 1
5.69846 1
4.38278 1
0.295092 1
5.679 1
5.2452 1
4.51361 1
6.10284 1
3.93269 1
8.27802 1
4.92882 1
5.15969 1
7.55309 1
0.588791 1
3.24823 1
5.4467 1
4.5274 1
6.54536 1
8.21956 1
6.85169 1
6.91685 1
4.3783 1
8.95466 1
4.67403 1
4.41544 1
-0.00812988 1
6.065 1
5.51683 1
4.88132 1
5.18191 1
3.66421 1
1.85601 1
5.06173 1
4.4958 1
5.37458 1
3.93394 1
4.83908 1
10.7536 1
9.25744 1
8.3033 1
6.67569 1
12.9233 1
6.76756 1
5.98927 1
7.08626 1
5.56015 1
11.9019 1
3.4761 1
4.40289 1
5.38074 1
10.9608 1
4.39072 1
2.18629 1
6.89449 1
9.45434 1
7.02075 1
4.33392 1
2.77414 1
3.99519 1
7.80567 1
5.8822 1
4.22931 1
-3.6385 1
4.41641 1
-1.64966 1
8.38034 1
4.26243 1
3.80322 1
6.65884 1
14.624 1
7.49835 1
10.1885 1
6.20095 1
3.18041 1
6.23421 1
5.12963 1
12.8857 1
0.189832 1
6.89706 1
5.19718 1
7.99019 1
5.35764 1
2.12187 1
7.02654 1
6.45106 1
2.68501 1
7.23043 1
0.717287 1
3.38591 1
4.77817 1
5.31779 1
4.01824 1
4.16641 1
10.709 1
4.75497 1
-4.67505 1
14.5028 1
7.82364 1
5.1593 1
6.93325 1
9.05075 1
5.67158 1
5.52096 1
10.8958 1
1.63772 1
5.68269 1
2.83041 1
1.81468 1
3.9818 1
4.62753 1
6.51797 1
6.22693 1
0.721306 1
4.80446 1
0.928101 1
0.776677 1
5.7356 1
4.53607 1
4.14443 1
4.20671 1
10.2337 1
7.59253 1
6.1934 1
5.38786 1
5.61163 1
2.27877 1
4.35198 1
10.0259 1
0.275923 1
5.02641 1
3.76395 1
7.46184 1
5.92458 1
4.222 1
4.81589 1
0.128941 1
7.05644 1
4.24956 1
7.19423 1
4.5433 1
5.78691 1
8.96247 1
5.1785 1
6.39874 1
4.28175 1
5.5303 1
7.46898 1
2.8107 1
1.83568 1
5.54349 1
9.60204 1
4.7871 1
-3.80287 1
5.22589 1
6.17567 1
6.40742 1
5.74822 1
1.20413 1
-1.83416 1
6.58954 1
7.34366 1
5.89816 1
5.07728 1
4.94946 1
5.47443 1
10.2756 1
6.62541 1
7.2812 1
1.51732 1
5.426 1
6.02547 1
7.9107 1
4.98725 1
4.96458 1
5.22001 1
9.58289 1
7.08752 1
4.96946 1
5.84799 1
10.0845 1
6.3804 1
7.96917 1
6.42465 1
4.80976 1
5.26565 1
5.60202 1
5.47874 1
8.8753 1
3.29021 1
4.75274 1
4.86834 1
9.47294 1
-4.17464 1
4.32437 1
6.90311 1
5.20728 1
3.27567 1
6.67021 1
4.35657 1
8.10459 1
4.61029 1
0.633505 1
6.15922 1
-1.43282 1
5.68182 1
2.02177 1
8.63871 1
6.20693 1
7.47068 1
6.87941 1
5.35022 1
5.36577 1
11.7752 1
7.74585 1
-1.30324 1
6.14437 1
3.19471 1
1.65229 1
13.8926 1
4.18154 1
3.10798 1
3.54477 1
10.1937 1
4.69009 1
0.537895 1
5.00615 1
3.56788 1
13.8347 1
5.01991 1
3.44595 1
7.28923 1
3.92721 1
5.53773 1
3.56662 1
5.22838 1
4.85767 1
3.91335 1
0.0802628 1
5.52337 1
5.9785 1
3.76592 1
-2.03045 1
6.77553 1
4.91871 1
-2.3158 1
13.4064 1
14.0205 1
5.4458 1
0.491623 1
2.75165 1
4.86141 1
12.4802 1
12.9134 1
4.79047 1
3.43093 1
7.12897 1
4.55851 1
3.53797 1
5.7291 1
7.28788 1
14.6612 1
7.52956 1
-1.8067 1
3.07449 1
3.1001 1
5.03307 1
5.08692 1
3.26815 1
10.6683 1
4.15509 1
5.60511 1
7.45608 1
0.218873 1
1.94373 1
8.27986 1
6.23789 1
5.66686 1
-0.252558 1
3.00847 1
4.08692 1
-0.0582706 1
6.18109 1
11.3871 1
2.89629 1
4.84931 1
3.82926 1
0.83431 1
10.1515 1
0.986048 1
2.92294 1
5.99193 1
3.01851 1
2.79793 1
2.98992 1
2.38572 1
4.10501 1
8.14896 1
5.04449 1
6.47659 1
10.6775 1
6.24938 1
4.95134 1
3.23164 1
4.2875 1
1.94703 1
3.84896 1
4.3131 1
7.95436 1
11.1432 1
5.51459 1
6.72838 1
-1.36225 1
9.90653 1
0.55914 1
-1.34249 1
0.0128949 1
6.16914 1
-2.17581 1
4.20396 1
4.57054 1
8.73788 1
0.869774 1
10.0657 1
7.9145 1
9.81478 1
2.95516 1
3.0698 1
4.71701 1
-0.648975 1
3.1661 1
0.644771 1
6.04939 1
-0.702963 1
5.50534 1
2.58036 1
2.20253 1
10.1971 1
3.47475 1
6.87897 1
9.6132 1
5.43734 1
2.58777 1
6.33619 1
-0.389521 1
3.5137 1
13.8655 1
10.6532 1
5.80004 1
-2.22545 1
4.46831 1
8.05677 1
3.48821 1
0.363686 1
10.0778 1
6.26421 1
7.63956 1
2.34675 1
4.37702 1
4.67718 1
6.99814 1
-2.96374 1
3.6047 1
-1.03671 1
1.8588 1
4.77319 1
2.97581 1
10.4268 1
