6.63199 1
5.28004 1
4.35545 1
6.37261 1
9.51297 1
4.98864 1
0.909717 1
3.88074 1
9.60815 1
4.09066 1
1.38846 1
5.27905 1
3.05666 1
9.04785 1
5.76703 1
4.74235 1
2.9076 1
7.61414 1
14.3523 1
7.85857 1
7.19898 1
8.39104 1
0.582982 1
3.77188 1
1.24827 1
7.52734 1
7.10301 1
5.50708 1
2.62923 1
6.08727 1
7.03695 1
6.39081 1
4.14115 1
10.2547 1
4.12704 1
0.915802 1
9.57196 1
4.9772 1
9.81398 1
7.3532 1
6.0968 1
5.65724 1
5.31384 1
6.40427 1
6.59501 1
8.85092 1
7.74124 1
4.64124 1
-0.797524 1
6.46893 1
4.41211 1
8.06183 1
5.31633 1
6.71705 1
7.07644 1
3.38085 1
5.30506 1
4.90671 1
7.04704 1
5.70154 1
1.88761 1
2.00523 1
6.18862 1
-4.62971 1
10.3553 1
4.23639 1
5.25049 1
5.06829 1
6.58079 1
7.29027 1
6.53899 1
5.28063 1
8.35096 1
5.16922 1
7.73537 1
0.0168905 1
10.0656 1
-2.56919 1
-0.928734 1
2.34197 1
7.46508 1
6.09771 1
6.86258 1
1.80835 1
5.55201 1
4.89161 1
4.36872 1
4.24885 1
4.76258 1
6.01335 1
11.7289 1
5.54092 1
8.62317 1
0.996227 1
3.92324 1
2.2633 1
5.84118 1
4.57993 1
8.35841 1
0.469225 1
6.71046 1
-2.73386 1
8.78597 1
2.81314 1
6.9499 1
4.54966 1
4.74347 1
9.54001 1
6.72277 1
6.51862 1
6.12719 1
3.184 1
11.1687 1
6.36881 1
10.1466 1
3.24194 1
8.29578 1
1.3829 1
5.38533 1
6.4031 1
3.62755 1
4.54506 1
7.02794 1
4.59447 1
6.79409 1
7.01625 1
5.29882 1
0.0566527 1
5.77194 1
1.79554 1
8.67439 1
8.84685 1
2.64674 1
6.0717 1
10.4482 1
10.7036 1
3.45435 1
5.8199 1
0.0109379 1
5.11488 1
8.20634 1
2.32551 1
4.61173 1
9.31898 1
8.42116 1
0.602565 1
0.635986 1
3.15928 1
12.6941 1
3.681 1
3.21922 1
1.9502 1
-0.316169 1
5.02133 1
3.01473 1
2.70617 1
4.73261 1
6.97551 1
9.82318 1
-4.27934 1
4.86824 1
5.03655 1
4.47472 1
7.44577 1
3.97997 1
3.35411 1
9.78263 1
11.6845 1
-0.998323 1
6.58348 1
4.10999 1
5.82531 1
13.0483 1
4.52792 1
4.79702 1
8.67595 1
4.49886 1
7.50759 1
5.61341 1
3.48662 1
6.81195 1
5.80564 1
0.118765 1
5.76541 1
3.0409 1
1.23584 1
1.90579 1
7.08467 1
6.68274 1
5.32874 1
5.08702 1
0.820855 1
4.59206 1
12.6875 1
7.10711 1
2.15121 1
5.26212 1
5.87335 1
7.62465 1
7.37883 1
1.58793 1
-4.48645 1
11.2002 1
2.78442 1
5.39411 1
8.27578 1
14.5151 1
6.93032 1
5.61375 1
1.06072 1
7.74671 1
2.57623 1
3.89397 1
7.19265 1
14.3558 1
5.92486 1
7.855 1
6.1909 1
1.81946 1
6.30951 1
4.93676 1
6.95151 1
1.00201 1
7.1936 1
8.13976 1
5.44768 1
5.04682 1
2.80703 1
7.12987 1
5.87951 1
4.18803 1
-3.8158 1
3.22963 1
3.4756 1
9.15404 1
-3.40133 1
9.59241 1
3.90527 1
13.4055 1
3.70287 1
6.8374 1
0.836072 1
3.57911 1
7.27236 1
1.14247 1
-3.34068 1
5.53125 1
7.94627 1
1.32553 1
14.6089 1
3.12901 1
6.50457 1
7.98766 1
11.6267 1
-1.78963 1
6.13486 1
3.74171 1
8.57883 1
5.10165 1
5.19464 1
12.4951 1
7.76236 1
2.99662 1
12.0037 1
6.09815 1
9.81537 1
7.38893 1
7.26999 1
6.23568 1
6.91561 1
3.04119 1
6.15393 1
6.5906 1
6.18652 1
2.93719 1
6.08342 1
8.4621 1
5.86496 1
2.60558 1
5.92098 1
4.84352 1
7.39041 1
5.04416 1
1.62022 1
11.6473 1
7.10038 1
6.4948 1
0.935955 1
7.47988 1
4.19531 1
11.6909 1
4.57788 1
5.67764 1
6.58994 1
3.08315 1
5.26783 1
-1.88441 1
9.49629 1
2.62138 1
4.78587 1
9.61929 1
0.698885 1
5.28976 1
7.6974 1
5.50567 1
2.84359 1
5.17629 1
-3.18298 1
5.08651 1
0.827339 1
4.67908 1
3.08319 1
1.63065 1
8.18857 1
4.89684 1
4.1565 1
4.49769 1
4.7892 1
5.43415 1
2.45991 1
8.10249 1
8.29758 1
5.78107 1
4.29007 1
7.26933 1
3.4563 1
5.1797 1
0.754489 1
4.75137 1
0.165422 1
4.74703 1
5.15302 1
3.54009 1
2.27766 1
5.85978 1
7.26602 1
6.85195 1
3.95274 1
6.98638 1
5.23847 1
6.56903 1
8.77747 1
6.81803 1
3.47394 1
7.46189 1
0.231507 1
4.97909 1
-1.65232 1
7.61956 1
6.64752 1
2.0841 1
2.58929 1
10.5761 1
10.2289 1
5.0683 1
-3.50234 1
9.39007 1
6.0441 1
4.70174 1
9.87685 1
4.16207 1
7.80764 1
6.74946 1
9.1553 1
10.3146 1
4.65392 1
8.3415 1
5.02373 1
6.76103 1
1.43958 1
9.85426 1
12.7941 1
6.26847 1
4.21468 1
5.6623 1
7.04716 1
3.10941 1
3.52637 1
5.21019 1
10.392 1
3.90303 1
9.92268 1
7.15225 1
5.26923 1
5.23245 1
11.159 1
-0.936373 1
5.31479 1
7.7813 1
4.97605 1
8.14077 1
3.09819 1
8.44818 1
14.2853 1
2.15846 1
-0.00842737 1
5.71004 1
4.02302 1
-0.719031 1
11.1781 1
14.2182 1
9.21376 1
7.28684 1
7.29275 1
4.69245 1
5.63654 1
3.7479 1
8.11574 1
10.0215 1
1.29155 1
3.10371 1
7.01141 1
3.94261 1
3.53768 1
7.10489 1
9.4379 1
6.76333 1
-2.40586 1
5.33381 1
1.88235 1
8.98489 1
-4.66892 1
0.361834 1
7.42415 1
4.12351 1
7.09155 1
5.70857 1
8.50589 1
-1.31738 1
8.21228 1
4.71346 1
9.45387 1
7.06593 1
2.48643 1
3.92439 1
9.31751 1
5.74239 1
5.30743 1
1.22248 1
8.13024 1
3.79393 1
3.58082 1
8.82854 1
6.32052 1
5.84051 1
7.10371 1
4.32655 1
10.307 1
5.64112 1
5.21014 1
5.07658 1
6.88371 1
6.07458 1
10.3005 1
5.47062 1
7.11938 1
7.56722 1
4.9489 1
6.60483 1
5.79646 1
2.21309 1
3.3642 1
5.55354 1
10.9021 1
4.74675 1
5.37593 1
6.50401 1
4.57549 1
7.92138 1
0.683524 1
8.42007 1
2.11006 1
9.84716 1
11.8615 1
7.01647 1
7.06885 1
1.91915 1
5.0654 1
7.66261 1
7.6901 1
4.64068 1
4.36212 1
6.63223 1
-3.56495 1
14.7245 1
7.09858 1
8.13143 1
7.46486 1
9.91119 1
2.88171 1
9.03818 1
5.50648 1
4.70166 1
7.37596 1
5.40578 1
4.72706 1
10.5042 1
5.65082 1
1.19979 1
4.47899 1
9.20297 1
4.33415 1
13.768 1
5.23922 1
6.23699 1
4.37432 1
7.60643 1
6.32081 1
0.638254 1
2.39892 1
6.20913 1
8.74995 1
-0.33526 1
4.83957 1
6.28098 1
2.23305 1
6.0932 1
4.38471 1
-0.093114 1
6.25857 1
5.43729 1
4.94207 1
7.76434 1
-2.18058 1
6.1525 1
12.7706 1
4.56592 1
3.92841 1
6.11329 1
5.43551 1
9.38594 1
5.32168 1
-2.04024 1
5.10679 1
4.74897 1
5.48821 1
3.15424 1
3.51218 1
5.1526 1
6.26543 1
4.8933 1
6.22824 1
4.05613 1
2.77939 1
6.69639 1
1.72273 1
4.18234 1
6.60579 1
3.22534 1
8.11965 1
5.55938 1
7.43531 1
5.18374 1
5.98037 1
2.16132 1
4.0904 1
10.3111 1
8.02027 1
10.1986 1
-0.133556 1
4.59949 1
0.132984 1
3.70282 1
3.95793 1
14.5932 1
8.54321 1
5.98534 1
7.50081 1
14.3718 1
2.36963 1
10.6705 1
6.1345 1
9.56294 1
6.33688 1
11.7957 1
1.30332 1
6.86285 1
14.4829 1
0.706825 1
7.16044 1
9.21871 1
6.84583 1
10.517 1
1.99903 1
4.03771 1
6.58107 1
6.74239 1
8.09218 1
4.13873 1
7.87329 1
9.93634 1
4.64038 1
7.12159 1
7.98894 1
5.03343 1
10.9357 1
5.94988 1
4.50185 1
4.51104 1
10.7175 1
4.96484 1
6.10653 1
13.7016 1
8.91492 1
10.9695 1
5.87948 1
-1.42773 1
3.4868 1
4.54092 1
0.703071 1
4.5522 1
3.22306 1
12.9127 1
6.13852 1
7.07621 1
13.4886 1
0.937752 1
6.33199 1
5.92377 1
6.52969 1
7.67774 1
-3.43251 1
6.16506 1
4.98564 1
5.22821 1
-2.13893 1
4.28322 1
8.6246 1
10.6327 1
4.41324 1
8.64002 1
6.29923 1
0.908193 1
7.20905 1
13.6817 1
5.31021 1
5.54541 1
5.81464 1
-3.5373 1
6.45259 1
8.35156 1
3.12712 1
8.88278 1
5.16745 1
6.03941 1
5.96164 1
6.7439 1
-3.32493 1
2.99628 1
7.26376 1
14.6151 1
6.20895 1
6.16149 1
12.493 1
-1.52548 1
5.4497 1
-4.12261 1
0.765137 1
13.5704 1
4.42598 1
5.72874 1
6.11631 1
4.96846 1
-3.95919 1
-0.0652436 1
9.32657 1
5.97912 1
4.478 1
8.82516 1
4.91152 1
5.77013 1
3.17745 1
4.98067 1
14.5839 1
4.72893 1
1.96077 1
4.14197 1
-2.92047 1
-0.700514 1
3.33778 1
6.63444 1
-4.64352 1
5.86276 1
4.82388 1
2.9358 1
7.86878 1
3.4414 1
6.62069 1
4.91593 1
6.01857 1
8.52928 1
4.48545 1
-2.45843 1
8.68445 1
1.49789 1
6.13201 1
4.14266 1
7.57312 1
1.25622 1
14.7212 1
7.37758 1
4.36971 1
6.63588 1
4.10629 1
5.63645 1
-1.07134 1
6.04608 1
5.15444 1
8.61844 1
0.342612 1
12.5257 1
8.53289 1
8.89538 1
7.12562 1
2.58001 1
5.61952 1
-4.80259 1
4.67292 1
10.2384 1
11.5989 1
11.274 1
13.1954 1
5.20484 1
-3.73859 1
3.37459 1
6.87543 1
6.88781 1
2.01567 1
5.22829 1
6.96501 1
5.50993 1
8.11714 1
7.01741 1
5.27888 1
7.34396 1
5.75588 1
5.18867 1
2.10927 1
5.65209 1
4.70226 1
8.59717 1
1.34456 1
3.50544 1
7.69018 1
6.57095 1
5.55868 1
-2.05885 1
5.04978 1
7.01175 1
1.67443 1
-3.15563 1
3.56329 1
5.18181 1
3.73821 1
13.0884 1
6.70517 1
-2.31725 1
0.864964 1
2.37284 1
3.68344 1
5.92209 1
3.47544 1
5.1041 1
4.09465 1
7.11711 1
5.77083 1
14.4789 1
9.03182 1
10.6224 1
6.82921 1
3.64389 1
3.55338 1
7.0863 1
0.429847 1
6.14025 1
4.36435 1
4.46907 1
2.78678 1
3.0125 1
5.28446 1
2.62613 1
1.63115 1
5.85968 1
4.75281 1
9.05779 1
1.77966 1
5.0633 1
4.3837 1
3.17884 1
-3.99512 1
-0.835034 1
1.93338 1
4.81431 1
5.25617 1
6.24265 1
1.34571 1
9.04687 1
5.39199 1
6.53737 1
6.08618 1
5.75872 1
9.25075 1
3.66732 1
5.42395 1
7.44396 1
6.54857 1
3.5997 1
6.75092 1
5.42854 1
3.73604 1
1.35623 1
5.66009 1
-3.12976 1
3.96473 1
13.8698 1
3.34825 1
5.51013 1
5.63869 1
3.59753 1
7.60633 1
2.72443 1
8.62488 1
3.3315 1
2.82449 1
5.28309 1
4.86082 1
5.76304 1
5.33608 1
5.09368 1
2.73122 1
6.25585 1
11.5614 1
5.18288 1
-3.52408 1
5.90957 1
9.00669 1
2.34708 1
3.92341 1
5.48729 1
3.87352 1
7.7077 1
-1.9939 1
1.55925 1
6.48584 1
6.04238 1
7.47019 1
6.1393 1
3.63556 1
4.85611 1
3.45806 1
-2.80571 1
2.713 1
4.70455 1
7.66458 1
7.72559 1
6.57621 1
5.80116 1
-3.53934 1
14.1142 1
7.21483 1
6.81814 1
-0.867774 1
4.03169 1
2.08383 1
3.95328 1
7.0875 1
6.94553 1
4.4927 1
6.42967 1
8.38989 1
7.95679 1
7.58077 1
2.69832 1
4.16179 1
5.22374 1
6.16215 1
7.09937 1
6.31494 1
3.55721 1
3.12828 1
9.62001 1
6.60044 1
3.50105 1
7.26298 1
9.88855 1
4.87555 1
5.44431 1
7.94865 1
6.30871 1
3.03921 1
8.415 1
10.2729 1
-0.120099 1
5.12021 1
9.49995 1
7.19683 1
5.88446 1
7.8866 1
8.1163 1
4.51004 1
13.5069 1
4.31673 1
-4.32179 1
7.26655 1
4.49707 1
-2.32894 1
5.58783 1
8.19711 1
5.58745 1
14.7619 1
1.8894 1
4.07271 1
4.89852 1
6.90513 1
14.852 1
4.48529 1
-1.82643 1
6.29269 1
6.88871 1
5.65458 1
6.99162 1
2.85253 1
9.73675 1
10.9285 1
8.25522 1
6.17895 1
11.4162 1
3.25383 1
5.6387 1
6.35367 1
9.16915 1
10.354 1
1.58212 1
8.91391 1
7.95223 1
4.48644 1
4.24382 1
7.35374 1
-0.114258 1
3.63094 1
4.50969 1
6.86451 1
6.57696 1
3.80109 1
10.1113 1
5.80468 1
6.21523 1
4.22001 1
9.26021 1
4.20182 1
6.93146 1
8.19401 1
7.24896 1
7.04581 1
4.08034 1
9.10331 1
6.45644 1
6.54911 1
3.5701 1
6.77138 1
10.6141 1
4.49161 1
7.01274 1
3.94982 1
-1.99744 1
12.5734 1
5.83218 1
6.88129 1
1.9279 1
4.74083 1
4.9636 1
4.67748 1
5.42388 1
4.20993 1
0.221107 1
5.25648 1
4.66989 1
3.80741 1
-2.63671 1
5.49935 1
5.80945 1
7.75923 1
4.33501 1
6.05134 1
8.75626 1
1.98337 1
-0.879672 1
5.34649 1
5.16049 1
1.36564 1
4.45731 1
8.03939 1
12.2597 1
3.87921 1
-4.54188 1
4.94552 1
1.25333 1
4.91331 1
5.78382 1
6.13447 1
4.79897 1
6.37103 1
7.92869 1
6.71829 1
2.22988 1
5.10842 1
3.68783 1
2.9902 1
14.699 1
7.91238 1
3.93386 1
6.25598 1
6.25054 1
5.96367 1
2.94674 1
4.19297 1
5.92801 1
14.2867 1
2.40135 1
7.6748 1
4.87559 1
5.83759 1
4.135 1
5.88561 1
5.67013 1
6.02788 1
6.24852 1
6.20347 1
3.99097 1
5.62153 1
-0.244038 1
6.642 1
3.69142 1
0.915765 1
10.241 1
3.52788 1
-2.37852 1
6.24938 1
4.35133 1
7.24001 1
5.07775 1
7.89658 1
5.31357 1
5.83719 1
3.82465 1
5.80103 1
-1.16383 1
0.977838 1
9.26699 1
6.4718 1
5.09446 1
-0.782606 1
6.52275 1
-3.16834 1
6.61395 1
3.76697 1
6.52641 1
12.1084 1
-4.83658 1
2.91189 1
5.19096 1
10.5278 1
3.99957 1
5.99606 1
6.24889 1
5.36933 1
5.82982 1
5.85929 1
5.70798 1
5.59486 1
5.00135 1
4.68082 1
3.94116 1
0.324483 1
5.8312 1
5.4875 1
6.24224 1
4.44636 1
8.22018 1
1.15153 1
6.57288 1
6.84957 1
8.65565 1
8.04074 1
1.53586 1
7.28017 1
7.13237 1
3.57866 1
7.74873 1
0.554241 1
-0.978209 1
2.53496 1
-1.17537 1
2.08879 1
3.25181 1
4.05904 1
5.09513 1
12.7262 1
0.20082 1
-1.3798 1
9.02097 1
8.49413 1
-0.0455856 1
-4.1778 1
7.61457 1
4.84921 1
4.52675 1
6.4351 1
9.93104 1
3.21831 1
12.0167 1
4.67275 1
-0.401261 1
5.4908 1
6.05443 1
3.84929 1
-1.59927 1
7.31454 1
9.11213 1
2.68594 1
12.4393 1
7.22723 1
6.38855 1
4.81015 1
6.33985 1
3.99519 1
-1.58195 1
5.4749 1
4.389 1
4.36579 1
5.60172 1
8.00714 1
7.58254 1
7.16819 1
2.58871 1
11.6413 1
5.54923 1
10.4748 1
-1.59352 1
6.02411 1
6.13414 1
9.7971 1
3.20818 1
6.63765 1
1.42256 1
8.60419 1
3.19809 1
10.6588 1
5.85064 1
7.50726 1
5.83447 1
9.36131 1
5.69913 1
5.57793 1
7.49461 1
4.87464 1
7.99517 1
6.85665 1
6.66736 1
8.33328 1
10.8845 1
4.85188 1
6.4213 1
6.91397 1
9.17314 1
0.468697 1
5.23324 1
2.47355 1
6.33524 1
8.44346 1
-0.161384 1
1.21837 1
5.27559 1
6.01649 1
2.85849 1
5.28474 1
9.83709 1
6.74374 1
0.530653 1
7.02008 1
4.32536 1
5.9074 1
5.22728 1
5.82986 1
4.75008 1
3.82701 1
7.62144 1
10.8147 1
5.76727 1
1.90487 1
4.96314 1
2.02443 1
2.60015 1
11.0536 1
8.11135 1
6.0962 1
4.90252 1
-0.211134 1
8.43748 1
1.21028 1
5.44969 1
7.02356 1
5.51826 1
3.40052 1
3.81181 1
-2.65168 1
6.65914 1
-0.595422 1
9.75491 1
8.39613 1
6.09851 1
4.60495 1
-1.92893 1
5.22057 1
1.68988 1
3.19423 1
-4.39388 1
2.92497 1
6.27993 1
1.17303 1
13.1198 1
4.3479 1
12.2066 1
6.7319 1
6.89204 1
4.58029 1
2.23901 1
6.34045 1
4.0077 1
4.21109 1
-1.66173 1
7.5602 1
7.77023 1
6.55348 1
-1.79958 1
6.55035 1
3.89733 1
4.75528 1
5.27273 1
2.88755 1
3.75038 1
4.1228 1
2.28408 1
6.32745 1
3.4449 1
5.35222 1
4.11236 1
7.06776 1
4.83548 1
6.37435 1
2.84762 1
3.89306 1
3.0441 1
5.75128 1
2.99211 1
5.63845 1
6.2588 1
2.1596 1
2.94581 1
12.3204 1
1.80208 1
1.05589 1
8.47627 1
6.48825 1
8.78341 1
5.74625 1
6.37103 1
5.23685 1
6.13156 1
5.66644 1
8.2992 1
-2.63632 1
1.60106 1
7.35444 1
-3.06592 1
10.0787 1
4.70584 1
7.49047 1
5.51571 1
4.01938 1
10.2883 1
7.8429 1
4.96071 1
8.41436 1
7.57289 1
6.30112 1
-3.90213 1
11.401 1
2.5882 1
2.00857 1
7.99821 1
7.51921 1
12.3054 1
9.00515 1
5.91639 1
9.40606 1
4.62899 1
10.0803 1
8.84115 1
6.89225 1
5.60604 1
7.07897 1
-2.17491 1
-3.75168 1
8.06274 1
10.4948 1
2.59041 1
3.78837 1
3.20905 1
2.6405 1
-3.80797 1
13.5298 1
5.71096 1
1.59166 1
8.16887 1
3.12938 1
2.39695 1
4.50615 1
8.48974 1
4.79074 1
0.661054 1
6.3965 1
5.19941 1
6.03201 1
7.31127 1
-0.48712 1
8.21803 1
11.0326 1
12.7095 1
4.00213 1
5.91473 1
6.13769 1
8.45579 1
13.4085 1
4.06468 1
-0.741604 1
9.77573 1
7.85451 1
-0.345559 1
8.27891 1
7.53279 1
4.28153 1
3.48036 1
11.0026 1
8.69288 1
5.38868 1
4.71149 1
9.43695 1
5.31309 1
0.303001 1
7.84718 1
1.60414 1
7.74651 1
0.451529 1
2.80792 1
-1.20959 1
6.71767 1
0.988269 1
9.95168 1
11.2856 1
6.71587 1
3.35976 1
6.80058 1
7.20484 1
11.5017 1
4.3339 1
0.732555 1
5.8964 1
-1.65336 1
3.32772 1
3.03948 1
10.4849 1
7.25322 1
10.4656 1
12.7646 1
8.0783 1
7.73345 1
14.4541 1
2.67064 1
6.38264 1
3.29556 1
12.0038 1
7.78731 1
7.29481 1
8.90218 1
6.29261 1
9.6475 1
3.97591 1
5.66149 1
7.02368 1
4.17028 1
2.16442 1
9.06974 1
6.87079 1
1.70883 1
6.17404 1
3.6795 1
3.86065 1
8.10052 1
-4.65839 1
6.96624 1
8.05653 1
-2.36221 1
11.3786 1
4.79543 1
5.9903 1
5.20327 1
6.33987 1
6.20852 1
7.70444 1
4.7408 1
3.43961 1
4.82521 1
2.59366 1
4.82311 1
3.04989 1
-3.44509 1
6.10523 1
5.84901 1
4.45058 1
3.10129 1
7.99261 1
4.30153 1
5.07287 1
2.25239 1
5.90977 1
5.0869 1
1.70712 1
7.06705 1
8.33635 1
5.91156 1
2.30268 1
9.59868 1
6.94213 1
4.87299 1
1.38284 1
5.67055 1
3.37307 1
5.83167 1
11.6247 1
0.232608 1
5.30602 1
7.66773 1
0.534034 1
4.83459 1
7.38219 1
7.63114 1
6.93808 1
11.08 1
5.49417 1
4.94517 1
12.6438 1
5.71129 1
4.10765 1
11.0286 1
8.02051 1
9.15858 1
6.24093 1
4.56415 1
3.15275 1
-1.07753 1
10.7309 1
3.50238 1
6.72516 1
3.62349 1
7.47212 1
5.09306 1
8.65368 1
2.40169 1
6.7569 1
6.41666 1
14.6736 1
13.7601 1
7.29273 1
5.01746 1
0.757595 1
5.59691 1
5.45073 1
5.41971 1
4.93219 1
6.35677 1
5.07255 1
0.532016 1
3.13591 1
0.0779507 1
7.04602 1
4.16796 1
3.11686 1
5.60188 1
4.13788 1
2.51694 1
5.56206 1
-3.84132 1
2.07733 1
6.42722 1
8.28888 1
0.655647 1
11.4812 1
9.09689 1
10.6275 1
7.01122 1
2.2311 1
8.18165 1
-2.11151 1
1.2882 1
2.31354 1
5.09487 1
6.59262 1
2.2655 1
9.77222 1
5.08857 1
7.92362 1
5.85217 1
1.12369 1
-1.38651 1
5.89242 1
14.7956 1
4.79949 1
8.21979 1
8.04886 1
11.1188 1
0.727198 1
8.70459 1
10.891 1
4.50364 1
2.72693 1
3.37142 1
7.72028 1
2.06399 1
10.9712 1
3.93048 1
2.38551 1
0.292553 1
3.31993 1
5.79648 1
3.28212 1
3.64526 1
4.77432 1
6.77598 1
6.53655 1
8.55326 1
6.09755 1
1.52532 1
5.37595 1
3.84326 1
4.40842 1
4.0601 1
4.64382 1
-1.0256 1
4.20347 1
6.11583 1
7.53895 1
9.34888 1
5.18871 1
6.78611 1
8.41303 1
12.0863 1
1.59431 1
7.61063 1
2.66997 1
4.35538 1
2.64911 1
4.24983 1
2.09377 1
4.53746 1
1.48894 1
5.33653 1
4.5516 1
6.45132 1
5.6117 1
-1.02318 1
10.1586 1
11.2728 1
14.1304 1
6.49577 1
10.5382 1
4.96584 1
9.21991 1
1.61727 1
-0.240379 1
3.71078 1
7.25077 1
-0.392231 1
5.2567 1
12.5384 1
6.77661 1
5.61805 1
-0.505483 1
13.8491 1
6.63939 1
7.93507 1
1.08598 1
4.94604 1
5.66241 1
4.14463 1
-0.765228 1
9.29251 1
6.41497 1
-4.36568 1
3.04668 1
0.874872 1
7.24555 1
-2.0005 1
10.5538 1
6.42696 1
-0.973308 1
9.72994 1
5.97127 1
4.13312 1
10.9018 1
6.07892 1
13.4603 1
8.04167 1
5.88817 1
8.56022 1
8.41607 1
-4.5496 1
5.23033 1
8.92263 1
-3.2818 1
0.591172 1
10.8415 1
0.770107 1
5.50337 1
6.22803 1
8.09415 1
5.29892 1
6.62995 1
3.06012 1
12.9418 1
4.8977 1
6.72204 1
11.0402 1
4.74389 1
6.52119 1
3.67637 1
4.45705 1
4.08298 1
6.27413 1
6.15741 1
9.9665 1
6.45686 1
1.00128 1
5.2007 1
5.23654 1
3.368 1
4.88252 1
3.89152 1
7.39699 1
6.22374 1
6.23616 1
-1.63198 1
6.29502 1
3.37684 1
6.4806 1
5.36639 1
2.0057 1
7.61657 1
8.29414 1
5.33885 1
9.51684 1
6.09489 1
1.18239 1
-1.289 1
5.17437 1
7.33496 1
1.50815 1
2.59312 1
5.39043 1
5.14569 1
7.93211 1
6.9642 1
9.94631 1
11.3188 1
3.34352 1
6.34271 1
9.85891 1
10.1263 1
5.98215 1
4.5862 1
1.96487 1
7.23874 1
7.16435 1
5.95724 1
4.05538 1
6.17578 1
4.62616 1
5.48754 1
12.4235 1
-1.39452 1
4.88047 1
2.80329 1
5.18516 1
0.238098 1
-0.0399099 1
4.40142 1
5.58657 1
1.73709 1
5.48994 1
11.4534 1
6.25809 1
1.20093 1
6.49814 1
6.95398 1
2.5749 1
2.13891 1
12.2903 1
7.45947 1
-4.41063 1
7.82935 1
5.70447 1
1.1312 1
7.59665 1
10.0747 1
9.92636 1
-3.76994 1
-0.0121601 1
10.0637 1
3.29005 1
5.30275 1
6.71207 1
5.68376 1
6.4894 1
6.80621 1
5.03373 1
11.0511 1
6.42513 1
7.80129 1
3.82706 1
-1.34623 1
6.82129 1
-0.938593 1
2.68204 1
6.97508 1
8.00945 1
4.55308 1
9.58489 1
7.53766 1
7.21828 1
5.45277 1
6.20828 1
5.86069 1
1.40921 1
3.49009 1
-0.766578 1
10.2789 1
8.33009 1
0.829312 1
9.5512 1
6.42541 1
2.39506 1
5.5677 1
-1.89596 1
13.5111 1
5.89923 1
3.96701 1
4.84762 1
1.69503 1
4.04973 1
5.52356 1
7.02417 1
14.4755 1
7.9001 1
2.84548 1
5.3112 1
3.837 1
0.843154 1
6.13052 1
4.18168 1
6.85666 1
4.99576 1
7.29189 1
6.08388 1
-2.29719 1
1.3408 1
7.12294 1
5.38876 1
7.98763 1
2.55925 1
12.9743 1
7.14804 1
6.149 1
5.00788 1
5.24382 1
3.65386 1
-0.474376 1
5.11272 1
4.90517 1
3.75626 1
5.6574 1
0.457217 1
2.9658 1
9.41119 1
3.5437 1
4.73094 1
9.22503 1
12.3662 1
5.01053 1
5.41085 1
4.83376 1
2.05244 1
7.91257 1
14.433 1
2.27424 1
3.98615 1
3.5176 1
3.10891 1
5.09033 1
12.524 1
4.42755 1
5.46549 1
8.74557 1
12.2626 1
11.1547 1
10.3082 1
0.85348 1
5.5372 1
6.38651 1
5.45014 1
2.39732 1
6.01116 1
4.87298 1
4.56359 1
4.59899 1
9.0279 1
5.50623 1
5.06478 1
4.45394 1
4.81944 1
9.25968 1
5.15299 1
6.58625 1
6.73128 1
6.30948 1
14.0442 1
6.21587 1
1.91639 1
3.08719 1
7.89107 1
5.37848 1
3.89892 1
7.99181 1
5.59599 1
9.03204 1
3.19341 1
2.65919 1
5.88618 1
7.18924 1
0.907917 1
1.85085 1
6.31188 1
10.6682 1
3.2666 1
7.98979 1
4.39927 1
7.27302 1
5.43752 1
9.85954 1
8.01238 1
10.181 1
8.98065 1
6.11282 1
7.54 1
6.73545 1
5.25904 1
5.55839 1
7.1316 1
0.632121 1
7.76005 1
5.72157 1
8.22258 1
6.53323 1
7.81908 1
6.17368 1
2.01905 1
3.11077 1
8.1481 1
8.81818 1
6.08424 1
2.39934 1
1.51517 1
6.49866 1
7.52083 1
5.55409 1
8.32212 1
5.25359 1
6.176 1
5.57456 1
3.62115 1
5.8425 1
4.41459 1
7.47709 1
7.33108 1
3.94249 1
0.434332 1
11.7856 1
9.37833 1
8.3004 1
3.76801 1
2.50106 1
9.5589 1
5.51905 1
4.63095 1
6.62458 1
3.18871 1
5.42271 1
7.38528 1
8.51611 1
-0.196794 1
6.47558 1
8.27639 1
9.83843 1
5.34786 1
6.59389 1
5.11296 1
-0.0920074 1
5.40088 1
1.67231 1
4.11275 1
6.969 1
1.6224 1
8.57171 1
8.05137 1
0.159828 1
12.205 1
2.54878 1
5.31473 1
3.0492 1
5.35604 1
5.23701 1
5.93529 1
4.78969 1
4.38383 1
4.01876 1
7.81265 1
5.6996 1
2.74709 1
9.07594 1
3.21275 1
9.65045 1
8.0026 1
-3.6933 1
7.17139 1
2.59364 1
12.7649 1
5.44321 1
5.42079 1
3.55086 1
3.55116 1
13.8892 1
7.73318 1
5.86283 1
4.61177 1
12.5961 1
-0.723352 1
7.87346 1
6.53501 1
8.23917 1
-1.09773 1
8.52801 1
4.92093 1
2.80115 1
4.1026 1
3.85097 1
-2.45844 1
6.35168 1
6.20307 1
-0.719141 1
4.91644 1
12.9165 1
5.03286 1
10.5436 1
4.05876 1
0.149981 1
7.04016 1
8.49341 1
6.00008 1
3.96304 1
6.16273 1
10.0041 1
6.62119 1
4.21751 1
3.4923 1
7.4337 1
3.94813 1
4.30807 1
6.16315 1
6.06156 1
8.70709 1
5.10546 1
5.54253 1
-0.373648 1
5.13478 1
4.74121 1
-4.2261 1
12.069 1
1.9318 1
3.28448 1
5.90199 1
4.99633 1
-1.39352 1
3.83725 1
5.08923 1
4.55758 1
2.08572 1
5.71774 1
6.02684 1
6.10315 1
0.724743 1
2.66949 1
6.97018 1
6.76184 1
-0.0861152 1
3.45244 1
6.12985 1
0.899852 1
7.16559 1
4.32868 1
5.75266 1
5.92614 1
7.01186 1
7.53973 1
6.51531 1
7.34581 1
4.37689 1
14.4968 1
10.0548 1
0.34901 1
6.27402 1
3.19637 1
1.45116 1
3.6736 1
6.84726 1
8.20681 1
3.33454 1
5.60974 1
2.94325 1
6.75029 1
5.59394 1
4.31774 1
5.05303 1
0.818597 1
6.35435 1
6.07682 1
-1.86846 1
5.90912 1
4.00368 1
14.4065 1
0.527202 1
4.52671 1
7.52431 1
6.68665 1
5.98079 1
-1.90456 1
-0.000387719 1
8.75679 1
5.50584 1
7.70471 1
3.46807 1
3.30463 1
0.179552 1
7.72829 1
2.16101 1
5.79371 1
2.86979 1
6.72711 1
4.02312 1
1.21028 1
1.21392 1
3.05406 1
10.6579 1
1.29379 1
5.66975 1
5.94705 1
4.96251 1
6.97948 1
4.12406 1
3.51566 1
1.52851 1
2.8549 1
3.10659 1
3.1717 1
5.67841 1
9.60534 1
14.55 1
6.04765 1
6.57694 1
4.59005 1
3.03817 1
8.43786 1
12.0021 1
5.89544 1
4.855 1
5.07289 1
1.27952 1
2.58267 1
7.5067 1
7.29102 1
6.61124 1
13.0327 1
2.92894 1
6.54567 1
6.37243 1
3.61956 1
5.42708 1
6.47447 1
2.47655 1
3.07835 1
7.01276 1
9.22948 1
4.49882 1
6.57057 1
0.759113 1
7.12451 1
1.29698 1
5.3104 1
-1.43663 1
4.05667 1
3.47074 1
-2.75329 1
6.06177 1
6.00622 1
13.6411 1
7.86559 1
4.93633 1
4.86134 1
14.3364 1
2.36513 1
5.32522 1
4.49229 1
10.0274 1
8.48419 1
7.43755 1
3.91612 1
5.557 1
1.98807 1
7.88944 1
10.4854 1
7.03383 1
6.16704 1
6.31245 1
6.99692 1
4.78924 1
10.2336 1
3.5587 1
8.35064 1
5.92087 1
8.07466 1
1.37001 1
7.05391 1
10.3667 1
4.1245 1
6.20724 1
9.55861 1
6.66419 1
4.19603 1
7.82126 1
2.3141 1
-0.842755 1
1.65393 1
1.90895 1
1.34989 1
-0.584778 1
4.95453 1
5.50214 1
9.97393 1
-0.230391 1
6.449 1
5.91448 1
3.55518 1
5.52789 1
8.20648 1
4.43759 1
8.76437 1
4.11481 1
5.38061 1
4.55604 1
2.88597 1
13.9865 1
4.44886 1
5.98006 1
1.98532 1
0.290878 1
6.9041 1
13.1299 1
3.74243 1
6.18119 1
5.08341 1
-1.35032 1
4.58562 1
5.02816 1
4.76667 1
5.80212 1
0.853232 1
6.91449 1
9.45393 1
4.58096 1
3.93162 1
-2.45051 1
11.0028 1
1.92921 1
5.5856 1
8.10526 1
5.60693 1
1.41824 1
0.474628 1
6.80281 1
8.86039 1
6.65445 1
6.32889 1
2.66543 1
6.95481 1
6.81685 1
6.08362 1
3.97647 1
6.11644 1
2.21576 1
3.67836 1
6.6156 1
6.06391 1
11.2554 1
-0.433336 1
4.52104 1
3.60664 1
4.69472 1
9.4676 1
5.82102 1
11.969 1
8.14726 1
6.84756 1
-3.3902 1
5.90409 1
9.9398 1
7.56816 1
4.04108 1
2.13083 1
6.64719 1
3.21645 1
3.49591 1
10.3986 1
4.37302 1
5.96433 1
5.66658 1
10.6234 1
10.9711 1
5.9795 1
2.52925 1
0.965122 1
5.10369 1
-0.18442 1
7.32639 1
3.27244 1
4.83276 1
4.88347 1
8.3735 1
5.17848 1
7.43259 1
7.05578 1
3.34408 1
3.87189 1
6.55828 1
5.55582 1
6.12162 1
10.7754 1
6.10666 1
3.30221 1
3.42236 1
6.78207 1
13.6423 1
0.437071 1
4.24103 1
7.28418 1
-2.21814 1
7.54457 1
5.33195 1
5.72268 1
2.22411 1
6.61121 1
4.603 1
6.5065 1
5.56059 1
4.92793 1
6.45056 1
5.0621 1
6.46253 1
8.08269 1
5.87142 1
1.44268 1
3.24248 1
11.0146 1
4.73079 1
4.23693 1
4.75727 1
2.02466 1
7.29846 1
7.03731 1
11.1818 1
4.14538 1
8.70561 1
0.56938 1
5.07309 1
6.47918 1
9.81218 1
6.19436 1
5.08551 1
6.7654 1
5.58968 1
2.72561 1
-2.42919 1
5.76996 1
4.66474 1
6.1133 1
7.88792 1
6.17382 1
3.49241 1
4.8543 1
3.6395 1
4.20881 1
3.02083 1
13.5588 1
12.9912 1
0.633073 1
8.82476 1
7.35815 1
9.28562 1
5.91124 1
5.83478 1
7.94576 1
-4.30643 1
7.36822 1
5.96695 1
3.83319 1
6.8929 1
5.23573 1
7.33933 1
4.02151 1
-3.55341 1
10.3755 1
11.2364 1
2.48915 1
-3.51549 1
-4.47461 1
7.30266 1
6.60124 1
3.99014 1
6.76855 1
4.22283 1
2.34251 1
3.45651 1
-2.72516 1
-1.91252 1
4.5329 1
8.42485 1
4.77058 1
8.29571 1
0.434743 1
8.74606 1
11.7892 1
7.4261 1
-2.60724 1
6.82925 1
2.18167 1
5.96866 1
6.91166 1
6.0063 1
3.47041 1
12.5797 1
1.29124 1
5.4418 1
3.00717 1
7.27827 1
7.57864 1
2.06658 1
14.6505 1
5.10189 1
5.26036 1
4.74482 1
4.66863 1
8.11956 1
11.4779 1
14.0916 1
7.18089 1
2.73927 1
4.62446 1
4.60039 1
4.3653 1
7.74951 1
4.17423 1
5.12159 1
5.18337 1
2.18627 1
3.90994 1
5.80417 1
4.95894 1
4.3033 1
11.7052 1
0.707692 1
6.44355 1
4.14321 1
1.56659 1
4.80465 1
4.30084 1
6.79661 1
13.504 1
5.94227 1
10.0641 1
9.25647 1
4.28288 1
12.8366 1
3.71902 1
3.25282 1
10.9732 1
4.70421 1
4.96781 1
3.45462 1
3.41297 1
5.42522 1
6.55169 1
4.33468 1
3.2632 1
5.12759 1
7.97734 1
11.4484 1
6.95646 1
-3.00343 1
3.70917 1
-2.35171 1
8.12858 1
3.79595 1
6.87565 1
2.59507 1
11.3631 1
3.17518 1
3.21595 1
5.7681 1
5.97767 1
6.50403 1
7.22339 1
5.27619 1
4.20644 1
5.16383 1
7.61552 1
6.34385 1
5.31728 1
4.87171 1
8.22762 1
5.44539 1
7.66946 1
13.9934 1
2.6764 1
-0.5661 1
6.02432 1
1.22109 1
4.4685 1
8.29515 1
3.68707 1
5.57353 1
7.47098 1
6.09296 1
3.82235 1
10.2874 1
14.3849 1
3.3604 1
14.5405 1
2.63426 1
6.94431 1
2.69016 1
4.7174 1
-0.0909767 1
3.88637 1
5.34999 1
4.29197 1
8.03957 1
5.97626 1
10.0653 1
8.41239 1
5.68051 1
12.573 1
5.58329 1
8.26907 1
6.98488 1
5.94911 1
4.56804 1
4.67526 1
5.28503 1
4.56213 1
3.11923 1
9.66221 1
9.5193 1
7.75131 1
5.05176 1
2.78257 1
9.18693 1
3.54552 1
3.81874 1
4.66773 1
9.48033 1
0.55432 1
7.34515 1
14.0768 1
2.05094 1
3.44893 1
6.52994 1
9.7498 1
9.16436 1
3.41335 1
2.43321 1
11.2214 1
5.29044 1
7.39015 1
4.11372 1
4.88312 1
9.62871 1
4.02429 1
2.50558 1
6.46148 1
4.23576 1
5.292 1
4.4427 1
4.61813 1
4.69335 1
12.7062 1
1.1141 1
9.49716 1
2.50034 1
5.81734 1
11.356 1
3.37838 1
7.17009 1
-1.3538 1
2.01013 1
2.24089 1
3.60493 1
6.64204 1
13.4748 1
6.22765 1
8.52332 1
9.39929 1
5.18157 1
5.79154 1
6.08486 1
3.01706 1
2.21057 1
1.71193 1
7.13369 1
6.59203 1
14.0291 1
4.217 1
2.80931 1
5.18915 1
8.23899 1
14.1398 1
2.49801 1
-2.17689 1
0.535519 1
8.65841 1
3.52425 1
4.34235 1
10.7411 1
9.47192 1
4.81127 1
5.85517 1
7.41955 1
1.16966 1
11.8361 1
7.14362 1
5.70258 1
4.65743 1
6.06051 1
9.32618 1
7.56336 1
5.30669 1
1.26806 1
5.16698 1
3.94323 1
0.254756 1
9.97921 1
6.29773 1
9.74638 1
4.24386 1
8.00592 1
1.84631 1
5.48649 1
4.31888 1
5.32212 1
1.34462 1
-1.0881 1
10.2849 1
4.94279 1
3.17591 1
1.74279 1
3.543 1
8.21715 1
5.30938 1
4.98227 1
12.7393 1
6.66938 1
10.0697 1
6.20589 1
3.72441 1
3.98957 1
1.79378 1
-0.974141 1
8.57514 1
6.40042 1
4.27496 1
3.65314 1
10.6092 1
2.32144 1
8.18358 1
6.05529 1
4.33184 1
8.82712 1
7.74355 1
6.29362 1
2.37144 1
5.43166 1
6.18104 1
2.59431 1
5.57768 1
5.21206 1
6.06454 1
3.5583 1
4.40731 1
12.8535 1
-1.20748 1
-4.35306 1
8.13053 1
0.54161 1
7.3858 1
7.12061 1
4.9363 1
3.89965 1
1.22785 1
6.50284 1
7.03833 1
8.12397 1
-4.34492 1
-1.67406 1
6.02062 1
5.74652 1
6.44167 1
1.66101 1
11.5576 1
4.4547 1
7.72755 1
5.04736 1
6.22878 1
5.1002 1
7.81365 1
1.50089 1
-0.640562 1
5.52863 1
2.9627 1
7.51877 1
10.5783 1
7.17128 1
7.32783 1
7.08795 1
9.96409 1
7.2076 1
6.27037 1
2.4859 1
8.84105 1
6.74715 1
1.51233 1
8.2621 1
7.34084 1
3.21636 1
6.02435 1
-0.725514 1
8.04828 1
3.17693 1
4.66308 1
1.46552 1
6.62851 1
-0.969116 1
5.40164 1
3.45556 1
7.54775 1
4.65456 1
5.38688 1
9.27836 1
0.571152 1
6.44838 1
4.26014 1
4.51842 1
-2.42037 1
5.47167 1
12.3902 1
8.04474 1
3.2865 1
6.17544 1
3.96243 1
11.3268 1
5.58621 1
2.46406 1
10.7415 1
14.2484 1
9.46675 1
5.96701 1
3.68182 1
6.3438 1
6.42607 1
7.44566 1
7.1286 1
8.01605 1
1.64692 1
6.41268 1
-0.00620961 1
1.28685 1
4.47628 1
7.2036 1
1.77043 1
4.65349 1
12.3986 1
4.41113 1
9.2013 1
5.9635 1
7.32235 1
10.2604 1
11.2141 1
5.06212 1
3.08144 1
-3.70918 1
3.17942 1
6.67384 1
1.16957 1
5.80112 1
14.1986 1
5.17596 1
10.3596 1
8.12929 1
8.55643 1
7.48424 1
5.24537 1
4.30481 1
5.02681 1
5.9494 1
1.30225 1
9.93729 1
6.81239 1
2.59472 1
-1.38594 1
8.41776 1
4.41821 1
-0.579553 1
2.28988 1
2.7035 1
5.16907 1
1.18711 1
1.20665 1
4.98691 1
8.5859 1
6.12151 1
5.81141 1
1.00997 1
5.78294 1
8.89123 1
4.93571 1
3.46663 1
6.69262 1
6.26521 1
7.61676 1
6.67499 1
3.44198 1
-3.8076 1
6.6574 1
4.99298 1
3.60755 1
13.6271 1
5.45186 1
5.15691 1
2.31468 1
2.06195 1
7.71402 1
2.91663 1
6.20476 1
6.82703 1
3.4482 1
6.60767 1
3.54922 1
3.79516 1
14.7112 1
6.73773 1
4.45113 1
2.74149 1
6.56544 1
5.68552 1
7.18343 1
10.5848 1
3.77377 1
5.93724 1
6.29774 1
5.00487 1
5.81974 1
9.31288 1
4.9705 1
9.95752 1
5.1216 1
-0.935931 1
5.85158 1
3.41067 1
7.40204 1
-3.96121 1
12.9813 1
5.31374 1
4.31422 1
12.8988 1
3.35858 1
-1.66353 1
12.4679 1
5.99084 1
10.0346 1
4.56722 1
-2.34296 1
8.36575 1
-0.203636 1
9.6757 1
4.29906 1
5.32844 1
11.06 1
1.7307 1
4.40218 1
9.12806 1
4.04633 1
6.15296 1
5.59109 1
4.56913 1
7.1343 1
6.20075 1
6.03733 1
4.30078 1
-0.159866 1
5.64383 1
-4.31831 1
-4.31811 1
-4.63568 1
5.33449 1
-2.97749 1
7.62685 1
-2.22809 1
1.81655 1
0.110764 1
0.607127 1
11.6217 1
10.925 1
13.5101 1
5.29244 1
3.37984 1
6.05475 1
1.95654 1
2.94395 1
3.56247 1
1.90155 1
3.29288 1
5.43036 1
4.99262 1
1.23595 1
7.63725 1
2.35185 1
6.21203 1
4.50837 1
6.79326 1
14.7164 1
4.0344 1
1.48599 1
-1.51318 1
12.0887 1
13.4253 1
6.18253 1
2.97867 1
9.71941 1
7.85439 1
12.607 1
14.4248 1
8.78509 1
13.5037 1
5.50668 1
3.24344 1
6.16459 1
4.37573 1
5.92285 1
8.74204 1
9.13916 1
5.37266 1
11.9127 1
7.87579 1
4.65556 1
6.75734 1
6.01336 1
5.69182 1
5.35332 1
4.82181 1
7.35435 1
-0.934482 1
5.9131 1
12.813 1
4.66757 1
6.60156 1
5.7009 1
7.67291 1
12.6177 1
0.771879 1
3.83175 1
3.62071 1
5.64339 1
7.29655 1
2.57261 1
9.25675 1
4.53345 1
5.8252 1
4.98775 1
4.62482 1
11.2333 1
7.5222 1
3.30808 1
5.86624 1
6.60172 1
13.3221 1
5.92469 1
3.85502 1
6.27594 1
8.16107 1
-0.0441911 1
13.4571 1
1.86856 1
5.41111 1
-2.75991 1
4.93883 1
6.83741 1
5.05919 1
5.54989 1
7.41605 1
7.01932 1
3.21268 1
6.13895 1
6.62701 1
10.2785 1
8.27078 1
6.36418 1
4.3857 1
5.44089 1
5.2436 1
6.85907 1
6.40899 1
4.3956 1
5.6683 1
7.75136 1
12.951 1
10.0405 1
6.7946 1
1.39339 1
1.33107 1
3.74037 1
6.3131 1
7.44324 1
7.86829 1
6.07751 1
4.80296 1
7.27863 1
-3.60695 1
-4.62319 1
7.49793 1
5.66834 1
7.31063 1
6.64555 1
2.6174 1
5.0638 1
3.44146 1
5.09168 1
3.05744 1
6.2826 1
5.18597 1
4.69522 1
4.97613 1
-1.34776 1
7.64367 1
0.556192 1
6.77865 1
5.6865 1
-0.491392 1
6.28424 1
6.15713 1
8.42034 1
4.01706 1
4.61088 1
-2.04793 1
-1.26749 1
7.19976 1
4.34977 1
7.19408 1
3.80117 1
5.66251 1
6.53081 1
6.95797 1
1.32041 1
2.82564 1
3.72421 1
5.39169 1
2.21369 1
7.90687 1
5.38553 1
4.82183 1
3.42877 1
3.08069 1
2.78723 1
1.24752 1
-0.371533 1
0.799076 1
10.7028 1
1.03287 1
5.77174 1
7.08395 1
-1.59464 1
14.1461 1
4.87681 1
6.74241 1
6.91441 1
1.32979 1
3.60563 1
9.50258 1
7.05369 1
6.72247 1
6.71239 1
5.05356 1
6.62255 1
6.44763 1
6.95525 1
-0.33405 1
6.364 1
-3.50527 1
14.5814 1
8.79321 1
6.34625 1
3.9281 1
3.82725 1
8.10969 1
6.9195 1
7.01226 1
5.34266 1
3.66367 1
6.50125 1
5.33595 1
3.99458 1
-4.09168 1
5.47083 1
-0.797378 1
5.46213 1
4.25287 1
7.24122 1
6.16847 1
5.00561 1
7.18132 1
2.38199 1
5.41581 1
1.1114 1
7.02101 1
3.1455 1
7.90364 1
-0.382761 1
4.63735 1
6.89101 1
10.0476 1
3.84932 1
-4.40912 1
6.59098 1
2.85202 1
4.43693 1
8.64691 1
6.32792 1
4.07491 1
-0.71927 1
2.57673 1
5.87157 1
9.85082 1
1.07273 1
7.39673 1
6.49729 1
13.8756 1
6.66073 1
7.72999 1
-0.565901 1
-2.54608 1
2.57343 1
5.93812 1
7.54654 1
10.513 1
4.68013 1
5.8166 1
4.19268 1
3.91283 1
6.7455 1
4.90753 1
5.123 1
1.1942 1
11.2026 1
5.52048 1
4.82323 1
4.65834 1
5.62515 1
6.13339 1
2.00613 1
9.91293 1
5.54644 1
-1.09873 1
8.94847 1
3.97535 1
11.461 1
9.20746 1
3.13926 1
4.73417 1
2.01294 1
3.41776 1
0.376017 1
7.11111 1
7.48518 1
6.11028 1
7.44396 1
5.80846 1
5.30886 1
3.45859 1
-0.70076 1
3.83416 1
9.17971 1
-1.93265 1
3.15669 1
3.85331 1
10.667 1
8.57142 1
3.89884 1
4.89144 1
4.22224 1
10.5282 1
8.29198 1
4.1739 1
2.46963 1
1.74919 1
6.43867 1
6.13697 1
5.48011 1
5.91122 1
1.0547 1
10.4072 1
-0.140723 1
4.77967 1
5.50014 1
4.92821 1
6.8388 1
5.63881 1
5.93999 1
6.29459 1
9.38335 1
8.43943 1
5.62204 1
2.70107 1
6.31989 1
5.09156 1
0.61386 1
11.0688 1
2.58003 1
5.92912 1
6.52954 1
10.02 1
3.6214 1
10.511 1
8.91135 1
-0.572345 1
12.4465 1
-2.60372 1
4.08731 1
4.93318 1
0.47188 1
5.50665 1
5.54146 1
6.69956 1
3.02504 1
6.23008 1
2.67384 1
10.9962 1
5.62399 1
5.16518 1
5.3748 1
3.03549 1
4.16319 1
5.19381 1
6.54952 1
-3.38413 1
-0.933746 1
7.91553 1
8.76968 1
-1.55625 1
10.0616 1
4.94338 1
5.43162 1
5.63981 1
2.75983 1
7.42926 1
3.13767 1
8.63186 1
10.4511 1
0.431107 1
7.46346 1
6.50401 1
0.401496 1
1.89693 1
-1.55242 1
8.85971 1
11.8452 1
2.67155 1
5.2412 1
7.16759 1
6.01961 1
4.31639 1
9.86138 1
6.35286 1
7.53019 1
7.72579 1
5.11679 1
1.73503 1
12.4078 1
3.10653 1
3.97967 1
1.81696 1
6.84648 1
5.48145 1
-4.612 1
7.46586 1
5.91156 1
3.01745 1
10.923 1
-4.67411 1
9.92966 1
6.23869 1
2.52573 1
5.52539 1
4.9688 1
5.38483 1
7.89271 1
3.03663 1
7.00759 1
-3.1439 1
1.87056 1
3.81616 1
6.61522 1
8.95793 1
8.00705 1
-0.176281 1
14.5526 1
5.58343 1
6.90743 1
1.93692 1
2.69804 1
6.90959 1
7.89214 1
6.50416 1
6.86805 1
7.07714 1
5.9429 1
5.17787 1
3.48415 1
2.14977 1
7.77094 1
9.59564 1
0.329923 1
8.90985 1
4.59359 1
6.78292 1
1.33938 1
3.63173 1
4.64979 1
4.1066 1
6.69221 1
6.32974 1
4.54231 1
5.56159 1
8.36587 1
5.64688 1
7.25958 1
13.0997 1
4.30636 1
2.74918 1
4.7996 1
6.79802 1
4.13461 1
5.85929 1
3.60867 1
7.94326 1
11.0832 1
12.4757 1
6.34625 1
7.40081 1
5.47556 1
5.74793 1
3.86184 1
6.63001 1
8.72022 1
4.54612 1
7.27457 1
8.96903 1
12.0998 1
10.7361 1
2.00029 1
4.85462 1
6.8871 1
5.21721 1
6.89032 1
12.2656 1
7.40318 1
5.38188 1
5.7233 1
10.318 1
10.4723 1
6.83267 1
6.77982 1
6.13669 1
9.57743 1
9.54536 1
5.16108 1
7.04646 1
5.07773 1
7.04137 1
11.6778 1
5.67703 1
6.24396 1
8.82056 1
10.5384 1
2.95392 1
5.9913 1
9.30172 1
-0.334968 1
5.05217 1
6.10797 1
8.55757 1
-2.17269 1
5.73709 1
7.23272 1
5.88252 1
2.03433 1
2.90717 1
6.12552 1
2.77934 1
5.40518 1
6.77559 1
13.1617 1
9.07761 1
13.2599 1
2.98483 1
4.71551 1
6.30127 1
11.7206 1
5.72429 1
12.8986 1
6.55055 1
1.39886 1
7.16091 1
12.4886 1
4.52153 1
10.9404 1
0.0422076 1
10.5359 1
4.63757 1
1.36237 1
3.70836 1
1.77291 1
5.70438 1
13.118 1
6.64201 1
-3.94955 1
5.74674 1
5.59837 1
4.84861 1
6.89714 1
5.17821 1
6.58691 1
0.82735 1
5.01098 1
-2.09254 1
4.06144 1
5.96023 1
2.32029 1
9.15756 1
4.61327 1
6.06611 1
-2.63346 1
6.40764 1
10.0523 1
3.57004 1
7.25249 1
4.33023 1
6.36152 1
8.04972 1
3.65487 1
-1.21235 1
3.06408 1
5.7023 1
2.1437 1
6.20724 1
4.93691 1
7.50183 1
12.9143 1
3.95506 1
4.43357 1
6.00398 1
8.65242 1
2.32828 1
6.23825 1
3.91148 1
8.17438 1
5.74051 1
6.92985 1
2.46968 1
7.46077 1
3.7414 1
1.74212 1
4.70293 1
6.20473 1
0.540337 1
4.84431 1
8.35696 1
11.7456 1
6.6325 1
6.26747 1
1.62276 1
7.53245 1
3.05294 1
4.40056 1
8.83762 1
7.66211 1
6.61044 1
8.43866 1
7.82824 1
-0.549679 1
4.43277 1
5.65888 1
7.14338 1
6.33153 1
6.18347 1
4.04826 1
10.5142 1
5.92743 1
4.75816 1
3.24234 1
5.88978 1
5.7266 1
6.05852 1
7.4133 1
6.38516 1
8.53585 1
3.161 1
8.46489 1
9.1795 1
3.73909 1
3.93432 1
6.3896 1
4.09236 1
-2.58017 1
6.28428 1
5.96019 1
5.71478 1
5.44185 1
-4.43536 1
4.0341 1
5.79803 1
7.91434 1
3.27233 1
6.61142 1
9.12679 1
4.39929 1
4.45455 1
3.2875 1
0.933281 1
-1.45549 1
4.4459 1
8.19403 1
7.93115 1
13.5169 1
-0.177584 1
5.23746 1
-0.175447 1
3.07193 1
2.47458 1
4.48716 1
8.84829 1
5.59979 1
2.07713 1
7.6243 1
4.59241 1
6.60783 1
4.87439 1
2.10476 1
8.51677 1
5.97585 1
5.3019 1
3.25429 1
5.91603 1
14.64 1
2.11271 1
7.02735 1
3.97211 1
7.58703 1
4.35239 1
3.96056 1
6.766 1
6.1658 1
4.91811 1
13.5094 1
-1.44386 1
4.29326 1
-1.52659 1
5.86798 1
2.47236 1
2.03224 1
6.93395 1
9.27793 1
4.49022 1
5.57538 1
-0.358318 1
5.32099 1
4.49035 1
4.47505 1
3.45765 1
-0.653234 1
11.9437 1
2.80045 1
10.3197 1
0.0868932 1
3.05311 1
9.4739 1
4.02562 1
8.27125 1
3.72461 1
8.30122 1
9.08461 1
10.0405 1
7.21029 1
6.07825 1
6.4193 1
10.6977 1
7.04958 1
5.34385 1
2.68218 1
5.98663 1
0.384516 1
5.70461 1
7.18378 1
5.23517 1
5.78753 1
4.59044 1
6.5555 1
5.08215 1
8.14965 1
7.68344 1
9.86011 1
7.96478 1
3.99958 1
5.48917 1
6.88048 1
8.25547 1
5.11335 1
4.36603 1
5.67542 1
5.85436 1
4.78212 1
2.39301 1
10.5522 1
5.56024 1
5.57901 1
-1.96309 1
9.60325 1
-0.872357 1
3.90321 1
7.71496 1
4.48477 1
4.916 1
0.669488 1
8.22104 1
5.8439 1
4.51657 1
3.17225 1
4.73628 1
0.677011 1
8.12762 1
9.43959 1
6.28099 1
4.83147 1
6.24794 1
7.22928 1
6.18362 1
1.24168 1
3.31195 1
11.2288 1
6.4441 1
-0.245471 1
-4.61585 1
5.91466 1
5.963 1
6.11906 1
6.95033 1
5.91858 1
3.36552 1
7.11505 1
5.69574 1
5.49423 1
3.72722 1
6.153 1
1.51486 1
4.80845 1
8.78742 1
5.24031 1
5.21757 1
-2.04435 1
3.84328 1
6.03878 1
2.7926 1
7.88772 1
2.93382 1
-3.61523 1
5.63293 1
1.33499 1
5.61992 1
4.65792 1
8.57309 1
4.67655 1
5.24115 1
8.21835 1
6.89957 1
5.30933 1
0.103356 1
5.10618 1
4.47826 1
8.73872 1
7.35716 1
6.84928 1
-3.68115 1
5.07752 1
6.2473 1
4.09366 1
9.58038 1
5.29845 1
5.39695 1
-0.809252 1
3.53977 1
4.57254 1
1.74225 1
2.48544 1
6.24671 1
0.325406 1
7.07775 1
6.99669 1
10.9989 1
4.26106 1
2.36362 1
5.34549 1
5.81058 1
3.8504 1
6.45696 1
-3.78297 1
4.6199 1
7.81164 1
5.53285 1
3.79652 1
3.95983 1
4.84685 1
3.64399 1
5.42608 1
6.12003 1
5.62334 1
3.57963 1
5.21426 1
10.2372 1
-1.33307 1
5.91428 1
2.92749 1
5.17675 1
1.99257 1
6.52834 1
4.80159 1
5.73598 1
4.2096 1
4.50553 1
3.37755 1
7.13368 1
10.1805 1
5.54944 1
7.37567 1
6.94892 1
5.20623 1
3.88101 1
5.08584 1
8.59844 1
4.68448 1
10.3357 1
1.95368 1
8.84574 1
7.61731 1
-0.639681 1
9.61601 1
7.64789 1
7.17016 1
2.21071 1
2.67921 1
0.0335862 1
4.81582 1
3.50671 1
6.17831 1
5.2367 1
7.53943 1
12.7969 1
4.76218 1
6.39825 1
-3.8003 1
3.41524 1
4.16738 1
-3.54288 1
4.71564 1
3.21489 1
-2.58284 1
6.26371 1
8.56764 1
6.35131 1
12.8867 1
1.79061 1
2.22357 1
4.37716 1
3.52262 1
0.889628 1
10.0252 1
6.05259 1
4.96941 1
6.62055 1
6.97806 1
4.21401 1
8.47826 1
5.904 1
9.15116 1
-0.592014 1
9.93155 1
2.46284 1
4.76166 1
1.86403 1
10.583 1
4.83638 1
4.20088 1
-0.443269 1
4.31266 1
9.27523 1
7.37188 1
3.15805 1
3.93014 1
6.88189 1
4.02679 1
4.85766 1
-2.18523 1
5.41394 1
0.102637 1
1.35435 1
3.98017 1
3.44568 1
4.6042 1
4.62575 1
13.7471 1
3.83296 1
7.51282 1
10.3523 1
8.16458 1
8.99368 1
2.58638 1
3.38439 1
4.94758 1
5.71399 1
6.58207 1
5.60284 1
5.05366 1
-0.885879 1
2.50052 1
4.40781 1
4.42017 1
8.83313 1
4.99327 1
7.03199 1
5.41878 1
2.5529 1
6.10142 1
6.98709 1
5.97909 1
5.83457 1
7.76503 1
11.1122 1
0.824014 1
5.6125 1
4.49315 1
10.7311 1
6.45385 1
10.7679 1
6.85586 1
3.84407 1
1.43534 1
5.83429 1
5.53064 1
5.16634 1
8.93331 1
5.41261 1
6.09747 1
7.36106 1
5.37882 1
6.68097 1
6.36233 1
2.01784 1
2.2035 1
5.82675 1
2.76977 1
-0.13796 1
9.67401 1
3.8341 1
2.98759 1
6.00466 1
5.65933 1
5.03378 1
9.2893 1
9.40118 1
3.12785 1
5.36485 1
13.8639 1
5.6031 1
5.32492 1
6.15546 1
7.73641 1
4.50346 1
4.15834 1
4.95931 1
3.84162 1
5.30121 1
4.87074 1
11.3122 1
4.98744 1
8.33551 1
6.77858 1
6.4329 1
3.1941 1
4.39072 1
7.39227 1
4.44956 1
12.2568 1
13.7065 1
7.33384 1
12.1232 1
4.85311 1
-2.16492 1
4.88773 1
2.80158 1
1.06238 1
3.62003 1
4.08297 1
4.04694 1
6.21894 1
6.47717 1
4.13471 1
7.03771 1
2.98951 1
6.93449 1
4.45831 1
4.56687 1
6.9914 1
8.23421 1
7.36299 1
5.54451 1
3.98164 1
8.62805 1
5.86433 1
5.57043 1
2.83615 1
-2.35564 1
7.0003 1
8.37604 1
10.597 1
5.05999 1
9.42108 1
7.42485 1
6.03159 1
5.82799 1
6.51446 1
3.9283 1
5.64588 1
7.34508 1
7.04132 1
4.90684 1
5.32877 1
3.63477 1
1.0912 1
5.99235 1
8.94657 1
7.82395 1
6.55882 1
14.0907 1
9.86087 1
11.8221 1
2.06875 1
7.60945 1
4.49581 1
-2.70255 1
8.88997 1
8.89929 1
0.719711 1
6.97833 1
5.34135 1
6.39835 1
0.479055 1
7.98577 1
1.86205 1
5.65017 1
2.04582 1
6.91565 1
0.350162 1
10.8919 1
5.61635 1
7.56268 1
2.92939 1
4.90537 1
11.1073 1
3.49212 1
3.50502 1
11.7155 1
7.98578 1
-2.73281 1
6.86636 1
5.14115 1
3.60375 1
6.8083 1
4.63883 1
8.76298 1
11.0788 1
6.57776 1
8.95016 1
0.689629 1
5.82269 1
3.76215 1
2.49832 1
5.53421 1
4.86744 1
6.1763 1
5.72948 1
4.72313 1
6.37671 1
4.18488 1
11.2804 1
-3.77627 1
10.2538 1
5.46001 1
6.62628 1
1.41927 1
6.24463 1
7.35497 1
5.56873 1
3.9582 1
5.26051 1
6.90854 1
8.12693 1
13.3129 1
4.05635 1
7.53806 1
3.90227 1
6.42906 1
5.55866 1
1.52722 1
6.17305 1
-4.18427 1
3.39666 1
7.9357 1
7.00497 1
-0.137923 1
1.92068 1
7.14048 1
5.64874 1
3.43925 1
5.4572 1
8.89177 1
3.59403 1
6.44895 1
4.88084 1
-3.03815 1
6.37728 1
8.07319 1
6.17314 1
0.480614 1
0.14694 1
5.65176 1
5.43306 1
6.56492 1
12.5489 1
1.34436 1
3.42829 1
5.51234 1
10.6558 1
-4.24621 1
2.71286 1
8.89508 1
4.29392 1
9.59151 1
11.7417 1
6.38834 1
6.68568 1
4.55172 1
2.88288 1
6.32583 1
3.65688 1
11.1819 1
1.30459 1
4.49848 1
6.16035 1
4.26303 1
5.99588 1
5.33707 1
12.9048 1
10.6253 1
4.24426 1
5.87373 1
4.91406 1
8.97498 1
-3.54073 1
-3.37504 1
9.61325 1
4.05298 1
5.2511 1
-1.05237 1
3.55086 1
2.48129 1
8.7119 1
4.17282 1
3.4681 1
6.80805 1
4.89345 1
3.90924 1
-2.33301 1
3.85925 1
6.43866 1
6.98352 1
4.43443 1
12.1799 1
4.29253 1
5.78514 1
5.71885 1
14.5047 1
9.73753 1
6.21975 1
6.15806 1
5.17979 1
4.47404 1
6.28677 1
4.82443 1
8.90817 1
7.35089 1
6.08329 1
6.08182 1
7.5869 1
5.36301 1
1.38203 1
5.16506 1
5.35564 1
7.24994 1
5.08484 1
-1.43795 1
5.53138 1
3.89717 1
3.57266 1
4.91548 1
6.10638 1
6.41407 1
3.27129 1
4.87965 1
-3.30736 1
3.45766 1
4.79181 1
3.48938 1
-1.53396 1
3.38975 1
4.69869 1
4.39899 1
4.20086 1
11.5269 1
4.72364 1
4.27141 1
9.39558 1
7.04033 1
8.91526 1
12.3305 1
2.82311 1
5.38926 1
4.85516 1
9.53587 1
14.6848 1
6.65305 1
10.8487 1
6.04717 1
0.850526 1
4.52535 1
4.54615 1
9.14303 1
6.29845 1
0.589324 1
9.16069 1
6.42654 1
6.86363 1
5.45041 1
7.9207 1
3.35999 1
5.79504 1
8.94943 1
7.08424 1
-3.27734 1
5.74276 1
1.84529 1
3.43119 1
1.74321 1
-0.497317 1
6.83419 1
6.68446 1
12.7172 1
5.16815 1
5.98484 1
3.61244 1
4.75997 1
7.28434 1
4.05762 1
8.53844 1
6.73827 1
5.32592 1
5.32405 1
10.7128 1
5.59877 1
5.25617 1
7.08976 1
6.54565 1
6.41659 1
5.02057 1
5.62892 1
0.956571 1
6.6079 1
6.9992 1
5.91765 1
5.6836 1
5.64302 1
8.05096 1
3.70851 1
6.68394 1
6.22947 1
3.50593 1
6.7743 1
1.17323 1
5.45349 1
6.08124 1
6.65501 1
3.51403 1
8.84875 1
2.6278 1
5.07654 1
4.46206 1
4.63397 1
-2.73426 1
11.9521 1
3.13259 1
4.30497 1
5.02734 1
3.55635 1
2.00799 1
7.84117 1
7.59776 1
4.70949 1
5.07998 1
10.4934 1
8.72944 1
5.40418 1
3.79901 1
9.82166 1
5.33539 1
7.866 1
5.19349 1
14.6279 1
-2.27048 1
0.296408 1
7.16456 1
5.85061 1
4.31069 1
10.4021 1
-1.89459 1
5.5766 1
7.58714 1
4.4375 1
7.30844 1
3.20338 1
3.33746 1
4.23638 1
2.98374 1
1.13252 1
12.0545 1
5.38647 1
2.55903 1
6.24345 1
5.16821 1
4.26412 1
5.16788 1
7.50023 1
3.0111 1
6.45845 1
9.56918 1
7.27054 1
8.09487 1
3.08218 1
8.69898 1
4.66828 1
5.63774 1
5.58316 1
6.47914 1
6.35078 1
6.55834 1
7.62507 1
4.3377 1
1.95703 1
10.6023 1
9.40876 1
8.90111 1
7.17337 1
6.19127 1
2.87544 1
-0.394024 1
6.81386 1
8.18318 1
4.91298 1
0.439997 1
0.513391 1
6.49973 1
7.34711 1
3.90325 1
-0.110419 1
7.72757 1
13.261 1
3.48436 1
7.47929 1
9.17163 1
6.72722 1
4.69885 1
6.01603 1
5.49007 1
14.3244 1
6.59737 1
4.93612 1
1.96194 1
5.54855 1
8.86024 1
3.36018 1
1.80802 1
5.46972 1
6.11902 1
1.86905 1
4.20592 1
5.10237 1
3.64004 1
2.98542 1
7.60325 1
6.79679 1
0.160379 1
2.44538 1
5.19505 1
3.12912 1
-3.06946 1
8.58499 1
4.70063 1
3.25014 1
-0.901876 1
13.2766 1
2.44618 1
7.13352 1
0.320824 1
5.82906 1
5.15773 1
3.97343 1
7.0321 1
4.5646 1
1.00324 1
0.892104 1
2.71295 1
6.0532 1
7.91586 1
9.58926 1
4.51978 1
5.94915 1
3.8926 1
7.84584 1
12.0085 1
8.23373 1
-3.56585 1
5.63134 1
8.13069 1
11.7461 1
4.38506 1
6.66285 1
5.48327 1
8.26658 1
3.72511 1
7.15319 1
6.80959 1
8.00112 1
-1.72251 1
7.68899 1
3.48507 1
6.41627 1
3.15786 1
7.38024 1
6.07164 1
4.82256 1
12.9221 1
7.83427 1
2.5151 1
4.10627 1
6.4586 1
7.0111 1
7.27688 1
4.09095 1
7.24852 1
3.5275 1
1.07228 1
5.52085 1
3.83528 1
1.77734 1
4.84933 1
3.70337 1
7.04625 1
6.57084 1
4.2487 1
10.0195 1
4.33169 1
5.57979 1
5.35689 1
12.0756 1
5.86817 1
11.2577 1
6.98222 1
7.39612 1
3.0904 1
4.74584 1
5.5008 1
3.59551 1
1.14409 1
2.13601 1
-0.637124 1
5.10679 1
6.12384 1
6.59803 1
6.93715 1
11.5656 1
4.47011 1
4.44855 1
6.1575 1
5.61088 1
3.66023 1
8.01924 1
2.60883 1
3.36687 1
2.14671 1
6.21704 1
6.66547 1
6.06405 1
2.41364 1
12.0848 1
8.48188 1
8.91837 1
4.16397 1
7.74407 1
10.16 1
5.65836 1
5.13991 1
6.36181 1
4.35061 1
13.409 1
8.47481 1
2.1666 1
12.435 1
7.15811 1
1.9683 1
4.66193 1
10.9983 1
6.36662 1
5.12426 1
6.05776 1
-4.5925 1
9.61891 1
4.40795 1
3.24302 1
4.26939 1
5.02716 1
9.95265 1
8.665 1
9.57104 1
4.81646 1
6.05649 1
-1.00402 1
5.24605 1
4.2621 1
9.64384 1
5.80936 1
7.30147 1
1.22589 1
5.95738 1
6.05081 1
10.7337 1
3.26235 1
7.58948 1
4.76352 1
10.8303 1
13.1493 1
7.82182 1
6.4294 1
14.4643 1
-1.3998 1
4.79803 1
3.32404 1
-3.43196 1
4.7505 1
8.68753 1
5.65597 1
7.06458 1
6.89652 1
7.44998 1
9.02784 1
7.02912 1
9.37992 1
4.7098 1
6.19215 1
6.32656 1
3.68327 1
5.5853 1
7.60304 1
9.85437 1
0.99928 1
4.6682 1
11.8053 1
4.37433 1
3.68034 1
1.47365 1
4.24257 1
10.1874 1
11.3788 1
6.80167 1
2.37229 1
5.00669 1
4.28038 1
12.6696 1
6.48471 1
14.6414 1
6.03923 1
6.79667 1
5.41358 1
4.27289 1
3.93844 1
-2.506 1
5.90402 1
4.28862 1
9.39649 1
5.01444 1
7.1994 1
6.82631 1
3.36995 1
5.5671 1
2.2655 1
6.82088 1
4.13873 1
1.54033 1
2.18832 1
6.28304 1
6.24635 1
9.88889 1
6.81428 1
-1.04518 1
7.3827 1
8.3611 1
7.02336 1
3.25133 1
6.48519 1
4.85575 1
8.67159 1
4.96063 1
4.52335 1
7.07107 1
6.53583 1
4.78743 1
5.67022 1
7.93927 1
-1.29309 1
7.46208 1
3.28637 1
6.4057 1
4.74107 1
1.43936 1
0.653594 1
6.16033 1
6.40278 1
4.88835 1
8.58373 1
12.4818 1
4.46033 1
-1.10069 1
5.71206 1
7.29425 1
4.3424 1
4.78908 1
4.16917 1
5.46333 1
2.76646 1
5.54359 1
7.41862 1
6.32228 1
7.7222 1
6.41488 1
4.52983 1
4.49394 1
5.44278 1
10.0876 1
12.6679 1
4.50948 1
6.23447 1
3.17203 1
3.30892 1
4.05926 1
6.0368 1
5.00248 1
4.63972 1
6.68168 1
0.341801 1
10.4718 1
5.07558 1
2.6525 1
-2.23534 1
0.81718 1
5.8406 1
0.423226 1
7.05936 1
6.17092 1
-0.0741285 1
9.53469 1
1.46662 1
1.76623 1
6.22589 1
0.21433 1
0.913304 1
9.2747 1
5.95296 1
5.8053 1
6.47433 1
4.1736 1
8.24781 1
-4.60196 1
-1.0608 1
4.80493 1
5.51455 1
-0.420404 1
8.00171 1
9.21487 1
3.50842 1
6.83468 1
4.67918 1
1.34457 1
4.6959 1
4.81551 1
3.21848 1
4.61736 1
8.53461 1
6.95057 1
8.75225 1
5.64958 1
5.59233 1
8.33113 1
2.62949 1
9.38126 1
5.93454 1
6.75602 1
3.84727 1
5.00033 1
4.87359 1
2.94188 1
6.03351 1
2.99899 1
10.3461 1
13.1241 1
3.17758 1
8.31171 1
5.95611 1
6.07986 1
9.71718 1
8.87193 1
6.73488 1
5.4626 1
2.06822 1
12.5443 1
3.23694 1
12 1
4.25337 1
5.20951 1
1.16902 1
6.66686 1
4.17628 1
5.8643 1
6.20872 1
6.40734 1
4.61795 1
3.46387 1
0.912006 1
6.59242 1
5.86711 1
7.17022 1
1.52255 1
4.47866 1
1.47985 1
10.8048 1
4.69835 1
8.58582 1
4.9396 1
8.25931 1
1.54065 1
6.23588 1
1.62911 1
1.21677 1
2.83924 1
5.33011 1
6.38233 1
6.36113 1
4.86928 1
6.01831 1
5.57615 1
9.02694 1
10.0464 1
-0.446091 1
4.62516 1
3.74095 1
7.18515 1
4.39909 1
5.84761 1
6.58116 1
9.46375 1
6.85131 1
5.72639 1
-2.71423 1
2.91287 1
3.2929 1
8.26999 1
7.88447 1
-1.54893 1
4.79211 1
8.49514 1
4.21712 1
3.7918 1
0.708403 1
10.932 1
7.04497 1
0.894296 1
0.405618 1
3.30617 1
5.83454 1
7.28397 1
3.6678 1
6.45011 1
-1.11364 1
4.25481 1
5.68231 1
5.42525 1
-3.26364 1
12.7727 1
6.78989 1
2.60952 1
4.49979 1
6.20813 1
8.02916 1
13.0855 1
5.81976 1
3.13389 1
11.0462 1
12.7789 1
4.62321 1
5.31477 1
4.2115 1
5.30821 1
-2.61755 1
5.41425 1
1.30115 1
3.75133 1
3.10791 1
-0.996882 1
6.73875 1
11.1211 1
4.34862 1
5.3424 1
5.88402 1
2.68016 1
-0.184066 1
2.88115 1
5.04254 1
6.74409 1
11.9335 1
1.47702 1
3.77317 1
9.31632 1
5.24792 1
6.28117 1
6.371 1
4.92797 1
0.63896 1
4.30539 1
3.84355 1
5.41757 1
9.39056 1
7.15155 1
7.19082 1
0.865096 1
-0.897835 1
4.36706 1
9.97729 1
10.4115 1
5.82758 1
6.366 1
1.14579 1
7.25794 1
8.19765 1
2.75025 1
2.82303 1
1.48983 1
5.45085 1
4.61329 1
3.80009 1
13.7311 1
4.92044 1
4.17316 1
4.4248 1
-0.0130606 1
4.52672 1
5.21735 1
5.88798 1
2.24172 1
5.39903 1
8.51858 1
5.10653 1
5.72822 1
5.08396 1
6.25551 1
5.08914 1
5.95079 1
7.86055 1
-2.24648 1
10.4211 1
7.72085 1
-0.914346 1
6.38992 1
-0.0826743 1
10.2201 1
7.35709 1
-0.809118 1
13.0365 1
5.11846 1
-1.64543 1
1.4881 1
5.63664 1
2.03914 1
-3.38437 1
5.53335 1
5.02536 1
1.21395 1
4.13115 1
-2.29148 1
4.22036 1
5.36922 1
6.26611 1
5.69674 1
3.40095 1
4.06732 1
-3.00179 1
10.7842 1
0.666833 1
5.91103 1
5.20456 1
6.19371 1
4.9484 1
4.85385 1
9.05175 1
4.8981 1
2.20749 1
5.08242 1
9.24806 1
1.10953 1
8.93461 1
9.60694 1
3.94708 1
4.50417 1
6.88053 1
3.09142 1
4.70246 1
4.08239 1
5.01868 1
1.8035 1
3.41503 1
8.33806 1
2.39285 1
4.8349 1
6.1681 1
11.8207 1
2.1551 1
6.53529 1
6.3792 1
6.40403 1
5.74819 1
7.19204 1
3.48426 1
6.20912 1
6.42216 1
3.9572 1
5.09426 1
5.66245 1
4.2709 1
6.97475 1
5.84929 1
4.25825 1
9.65798 1
7.14368 1
5.89179 1
5.64024 1
4.46172 1
6.53559 1
5.28504 1
9.77745 1
4.8076 1
0.142184 1
2.75536 1
6.55767 1
7.84849 1
8.26507 1
4.80138 1
6.54098 1
6.92357 1
5.44853 1
6.24068 1
4.96524 1
3.36617 1
4.88617 1
6.84169 1
6.9186 1
7.40159 1
5.33375 1
-1.34897 1
7.79947 1
3.63038 1
5.99078 1
0.055995 1
10.7467 1
5.96449 1
5.22054 1
2.08431 1
5.67033 1
13.6252 1
3.773 1
3.81854 1
6.69026 1
7.16872 1
-1.58476 1
-2.80815 1
3.11378 1
-3.74347 1
13.8045 1
6.25727 1
5.05822 1
11.913 1
4.91278 1
3.13682 1
2.64819 1
10.3334 1
8.66727 1
7.28735 1
7.42659 1
7.97416 1
4.1618 1
7.35022 1
5.29283 1
13.1523 1
4.1195 1
8.84697 1
6.07485 1
0.519268 1
2.46955 1
6.40185 1
3.48858 1
6.38953 1
4.794 1
5.14003 1
6.1434 1
6.4332 1
8.35405 1
8.50272 1
9.27886 1
0.0702162 1
8.50967 1
3.86395 1
5.33382 1
5.66843 1
0.156498 1
5.7532 1
6.07701 1
8.64353 1
7.02449 1
-0.261495 1
9.96911 1
2.83085 1
6.92179 1
6.16012 1
4.11881 1
6.73195 1
5.70595 1
9.82546 1
1.8849 1
13.9922 1
9.97496 1
5.30929 1
1.09222 1
7.83592 1
11.2087 1
11.0885 1
4.74604 1
6.18785 1
5.98602 1
8.78529 1
3.36819 1
7.87166 1
5.43341 1
13.1918 1
5.19393 1
12.707 1
5.88111 1
4.00957 1
5.46552 1
7.79426 1
5.96254 1
2.85707 1
3.23498 1
6.60525 1
3.5801 1
3.68949 1
6.69531 1
8.41967 1
8.05034 1
6.32395 1
2.74231 1
11.2642 1
6.7164 1
0.897975 1
4.54425 1
10.9383 1
5.76314 1
5.19073 1
9.09354 1
9.9228 1
5.84411 1
5.93885 1
6.79289 1
6.50368 1
5.84948 1
6.0327 1
9.7117 1
5.88153 1
5.85992 1
-1.17072 1
2.91569 1
6.43582 1
2.58042 1
-2.80071 1
6.62366 1
8.0129 1
10.8666 1
-0.214416 1
1.30959 1
7.47769 1
5.28626 1
2.38995 1
7.7705 1
5.35355 1
-1.27166 1
0.796548 1
10.8217 1
8.41184 1
10.4729 1
5.25059 1
7.44584 1
5.39257 1
3.4744 1
4.59133 1
-4.09328 1
9.31459 1
5.45748 1
2.41566 1
6.65443 1
6.70484 1
9.08992 1
5.18394 1
6.68477 1
-1.46783 1
4.54217 1
6.53693 1
5.46489 1
-1.72509 1
1.86766 1
5.66348 1
4.62213 1
-3.80477 1
11.8918 1
5.88474 1
4.48077 1
6.04601 1
12.8363 1
6.54731 1
0.655661 1
2.40031 1
10.29 1
-0.0922697 1
3.48835 1
2.69189 1
5.99943 1
9.90103 1
6.25346 1
-4.72943 1
10.0141 1
7.1497 1
11.3029 1
1.80735 1
5.54016 1
5.34 1
8.0083 1
5.80622 1
1.62504 1
7.74731 1
-0.690282 1
7.12467 1
8.8604 1
6.41037 1
6.77662 1
11.4055 1
8.59415 1
4.03235 1
4.64257 1
2.74936 1
6.14988 1
4.07927 1
2.6013 1
2.39786 1
3.38329 1
4.21854 1
6.41007 1
8.74225 1
0.0450986 1
3.93459 1
0.861827 1
3.95876 1
3.6676 1
1.38813 1
4.50639 1
10.2562 1
7.12964 1
5.39834 1
3.93088 1
5.86 1
4.78965 1
3.78789 1
12.7398 1
2.05291 1
-1.24769 1
0.943816 1
9.43036 1
0.635642 1
4.90706 1
5.72469 1
6.59171 1
4.48035 1
-1.55436 1
6.68078 1
0.843613 1
7.61574 1
7.80924 1
6.18182 1
-4.01835 1
4.23164 1
13.1246 1
7.32396 1
12.9676 1
5.50645 1
5.51987 1
5.36248 1
3.38189 1
5.37427 1
5.94538 1
11.7789 1
3.62087 1
6.81312 1
9.14409 1
12.8728 1
2.87014 1
3.67455 1
5.47902 1
3.92992 1
8.78338 1
1.0202 1
6.31869 1
10.0144 1
6.86489 1
4.32313 1
4.80155 1
3.39683 1
7.85449 1
3.01668 1
1.83714 1
6.33908 1
13.0888 1
7.10743 1
6.02477 1
-3.746 1
13.9554 1
13.7021 1
3.88388 1
11.9415 1
4.61318 1
8.36723 1
6.39978 1
-2.42984 1
-0.689646 1
10.0929 1
-1.29769 1
0.891087 1
1.92466 1
7.13816 1
7.07614 1
0.289606 1
3.58796 1
8.12371 1
7.77818 1
9.04223 1
8.07345 1
3.2978 1
2.40298 1
4.94835 1
5.87164 1
-3.05056 1
5.26737 1
5.93739 1
-2.02381 1
3.65724 1
6.84279 1
1.87716 1
7.62806 1
6.38131 1
7.90005 1
1.83211 1
11.5089 1
1.08925 1
2.6986 1
9.52558 1
2.09952 1
5.58596 1
3.87091 1
-2.88768 1
5.70852 1
-3.91815 1
4.17428 1
6.02821 1
-2.30404 1
5.17744 1
11.9214 1
12.7936 1
13.0263 1
8.88086 1
6.34242 1
4.03593 1
3.87706 1
3.82222 1
6.34588 1
6.47181 1
3.99446 1
12.8508 1
4.39618 1
12.4798 1
3.53653 1
4.98314 1
5.28844 1
8.80997 1
-1.2429 1
4.25631 1
2.55192 1
-2.67089 1
0.89258 1
4.4791 1
4.39664 1
7.9809 1
8.228 1
5.45148 1
4.12901 1
1.10887 1
14.1273 1
-3.76826 1
1.55997 1
6.15274 1
0.426854 1
4.94967 1
-0.970362 1
6.5943 1
6.15164 1
2.82059 1
8.9763 1
3.88729 1
2.91289 1
2.33545 1
9.06503 1
6.16124 1
5.35646 1
6.81925 1
-0.738123 1
-0.26245 1
5.8271 1
4.65663 1
3.53947 1
5.2077 1
4.4903 1
-3.01113 1
6.03947 1
6.28687 1
5.50748 1
10.1781 1
7.21522 1
6.00063 1
4.69672 1
6.60426 1
8.18956 1
0.934853 1
1.05708 1
8.23167 1
8.45268 1
5.39832 1
7.38628 1
8.9589 1
5.60129 1
2.63375 1
-4.1376 1
4.06505 1
8.60188 1
4.92125 1
5.66624 1
3.86289 1
6.75604 1
5.47454 1
5.54461 1
5.08749 1
8.12505 1
7.24151 1
4.35922 1
4.39151 1
5.12223 1
-0.633693 1
6.09624 1
4.75665 1
7.32987 1
5.04184 1
6.05948 1
5.74615 1
1.25472 1
8.27395 1
3.95876 1
4.6922 1
5.08534 1
4.89361 1
10.6777 1
7.44521 1
7.82299 1
4.20355 1
5.38502 1
5.80868 1
5.64678 1
1.05296 1
4.39531 1
0.549706 1
4.57071 1
6.40546 1
6.32564 1
6.7126 1
3.4968 1
5.48823 1
8.08393 1
1.04089 1
0.529876 1
5.35218 1
-0.930567 1
9.68342 1
2.77899 1
13.401 1
5.14148 1
8.39826 1
6.4997 1
5.6882 1
0.941678 1
2.79118 1
1.54314 1
9.32467 1
5.39991 1
8.37205 1
2.52706 1
12.1974 1
3.46497 1
4.22542 1
4.38879 1
2.88445 1
7.35077 1
7.52485 1
4.63284 1
2.1281 1
5.9566 1
7.08849 1
12.2774 1
3.66502 1
5.74487 1
5.75028 1
6.67024 1
2.6601 1
7.37933 1
7.52097 1
1.85883 1
7.50807 1
9.7309 1
5.33656 1
3.87997 1
3.28852 1
2.27939 1
12.8943 1
4.13489 1
4.55083 1
1.39512 1
4.95193 1
0.485143 1
8.40611 1
7.10416 1
9.98366 1
2.42988 1
7.84207 1
5.4361 1
9.58695 1
4.3889 1
5.60689 1
4.74972 1
6.95634 1
7.30382 1
7.41107 1
5.44261 1
4.83672 1
5.81571 1
-1.08954 1
7.94585 1
4.57603 1
2.96467 1
4.16758 1
-4.68898 1
5.25232 1
3.46565 1
1.82715 1
8.95277 1
4.42948 1
5.78003 1
5.72544 1
14.5044 1
3.91474 1
6.44959 1
7.65359 1
8.92156 1
-0.460103 1
-0.137582 1
2.44628 1
2.71365 1
8.22018 1
9.44788 1
6.9989 1
6.64637 1
4.20095 1
6.21841 1
12.2105 1
3.93157 1
8.11775 1
5.85745 1
8.28069 1
7.08313 1
2.68707 1
5.18035 1
7.70933 1
11.4047 1
6.63525 1
1.84839 1
6.32585 1
11.0246 1
11.1033 1
13.3354 1
6.68048 1
4.90173 1
2.08966 1
4.19885 1
4.53058 1
5.02034 1
5.25132 1
2.99046 1
11.2372 1
2.49449 1
7.14991 1
3.79408 1
7.63363 1
5.33261 1
4.31653 1
-3.52614 1
6.97902 1
7.5281 1
3.11641 1
2.41639 1
5.5912 1
9.22331 1
3.26514 1
4.97681 1
5.6173 1
5.07913 1
6.15028 1
4.75757 1
4.41986 1
4.99586 1
8.07287 1
2.76901 1
5.46644 1
7.84519 1
4.63009 1
0.966506 1
4.19065 1
13.2889 1
5.90828 1
6.58656 1
4.46222 1
-1.45238 1
6.80279 1
12.9611 1
7.79776 1
2.91132 1
0.909263 1
4.32413 1
7.02806 1
4.31511 1
5.52842 1
8.47077 1
4.67841 1
4.84569 1
5.79108 1
3.14183 1
6.21177 1
5.50522 1
0.584815 1
4.77976 1
9.39014 1
3.91267 1
7.47508 1
10.7623 1
7.18589 1
4.18337 1
2.33462 1
-2.49968 1
5.80926 1
5.14907 1
7.45837 1
7.54253 1
7.97756 1
5.11893 1
11.9216 1
-0.818114 1
6.48828 1
4.82233 1
4.49661 1
6.7636 1
-0.387157 1
6.3063 1
14.2546 1
6.52954 1
2.43637 1
5.01612 1
3.95504 1
-2.25723 1
13.072 1
3.15294 1
6.92491 1
4.43016 1
2.83825 1
5.68385 1
3.0374 1
-0.191943 1
6.36688 1
7.67773 1
12.3127 1
6.18849 1
-1.16732 1
1.72792 1
4.54011 1
4.56627 1
5.26816 1
1.94497 1
3.30767 1
3.56482 1
10.4753 1
10.6274 1
8.16135 1
4.72019 1
10.8425 1
9.43453 1
6.21839 1
5.04165 1
9.5283 1
5.76413 1
6.21511 1
2.8579 1
9.31641 1
5.80367 1
6.16124 1
10.763 1
7.67741 1
14.3014 1
4.7858 1
2.20287 1
3.2153 1
4.84683 1
1.99659 1
5.27319 1
7.52683 1
4.11031 1
14.4757 1
8.35771 1
1.51685 1
5.20359 1
5.71276 1
3.61271 1
3.91026 1
4.25658 1
11.5426 1
6.32258 1
6.54965 1
7.99661 1
6.44638 1
11.9428 1
-4.54544 1
-2.74577 1
7.32292 1
2.79748 1
5.0967 1
5.93628 1
8.33284 1
6.69913 1
3.25485 1
-0.886797 1
-2.98244 1
5.60401 1
12.967 1
5.73045 1
4.6445 1
6.65064 1
13.3538 1
6.66591 1
4.54187 1
-1.09301 1
5.70269 1
5.79356 1
6.58197 1
8.53221 1
7.47945 1
3.1275 1
3.20508 1
2.10539 1
7.37085 1
2.67304 1
3.81194 1
4.5895 1
3.08802 1
6.99823 1
2.00927 1
3.93614 1
6.5121 1
3.20019 1
10.9237 1
-2.65068 1
5.60545 1
6.87494 1
5.86823 1
8.18611 1
2.59394 1
6.25107 1
11.5309 1
4.51939 1
-3.29843 1
12.0333 1
6.50725 1
8.84301 1
3.86224 1
5.37523 1
2.67349 1
8.99022 1
-4.7314 1
5.68325 1
4.96982 1
9.28696 1
3.06269 1
8.66568 1
4.34169 1
3.89282 1
5.01903 1
2.56959 1
6.91163 1
3.8015 1
11.3852 1
6.25339 1
3.30513 1
6.83489 1
4.88006 1
5.44775 1
7.72002 1
10.1032 1
9.4332 1
2.69243 1
-3.61334 1
1.56299 1
5.52166 1
9.87263 1
4.58152 1
6.50805 1
2.01906 1
7.23253 1
6.62739 1
7.29077 1
4.11696 1
6.38258 1
8.53735 1
6.35436 1
5.75513 1
4.95468 1
5.91782 1
3.85878 1
7.89036 1
4.43091 1
5.23274 1
4.30163 1
5.35405 1
6.78904 1
7.72229 1
0.944122 1
7.44541 1
5.48365 1
-1.35342 1
4.09 1
1.27314 1
13.9892 1
3.07127 1
6.50569 1
-2.83596 1
5.09008 1
6.33982 1
1.42768 1
7.55534 1
6.86786 1
0.261173 1
6.20512 1
-1.61944 1
-0.289771 1
-2.95954 1
9.23404 1
3.41719 1
7.37338 1
5.79943 1
3.60778 1
6.42507 1
9.42073 1
12.9461 1
5.10837 1
10.7527 1
7.51923 1
6.39903 1
3.48145 1
7.9269 1
4.29091 1
4.02402 1
3.52215 1
5.43751 1
-0.252751 1
5.64925 1
2.60567 1
1.21046 1
3.05568 1
2.14524 1
4.00535 1
10.3348 1
5.20063 1
5.83258 1
7.46944 1
4.55141 1
5.64207 1
5.80876 1
4.65912 1
3.75408 1
4.06528 1
0.471436 1
6.36048 1
4.10448 1
-2.41451 1
7.4704 1
8.15908 1
4.22944 1
2.93769 1
0.804858 1
1.98056 1
10.1767 1
4.72873 1
-1.03817 1
-1.31555 1
6.69557 1
14.3476 1
6.20533 1
-2.91118 1
8.18711 1
10.1432 1
9.97252 1
4.18977 1
4.19782 1
5.23677 1
4.91855 1
7.49999 1
4.90579 1
6.48254 1
6.02718 1
2.09156 1
4.74122 1
7.64154 1
7.33344 1
5.3786 1
7.43726 1
2.83128 1
10.6024 1
11.868 1
-1.7947 1
1.37975 1
12.6732 1
4.51211 1
8.04581 1
4.39874 1
6.53699 1
5.79219 1
-2.13956 1
2.49864 1
-4.82355 1
3.26705 1
4.17035 1
11.7467 1
6.95426 1
4.84184 1
-1.08054 1
4.10207 1
5.53438 1
6.96504 1
6.40634 1
4.22112 1
9.4301 1
4.76404 1
2.80684 1
4.99604 1
7.19715 1
4.86588 1
6.15785 1
2.7968 1
2.29981 1
5.02288 1
3.45197 1
10.2078 1
1.47255 1
13.6086 1
4.9824 1
4.22536 1
7.07848 1
2.42544 1
0.967555 1
5.78545 1
2.34138 1
5.24033 1
-2.04894 1
5.87054 1
2.16871 1
13.6953 1
0.46438 1
10.2951 1
-1.724 1
6.19228 1
2.45613 1
7.0362 1
7.95128 1
13.2127 1
8.81845 1
5.42865 1
13.4161 1
6.38263 1
4.43942 1
4.67958 1
6.10706 1
9.95296 1
7.60054 1
14.0525 1
7.11974 1
3.16848 1
1.51612 1
-3.12351 1
4.47177 1
9.04215 1
4.60163 1
2.00974 1
4.5337 1
4.16825 1
-3.48284 1
5.10279 1
13.6728 1
4.57531 1
3.21175 1
3.47091 1
-3.09602 1
0.707691 1
7.24469 1
5.77464 1
5.25851 1
4.4157 1
10.7855 1
5.66195 1
5.27495 1
3.76871 1
1.11902 1
-2.5174 1
9.78057 1
8.04601 1
-4.38277 1
-2.22381 1
2.99761 1
13.9167 1
4.9067 1
2.3737 1
6.15415 1
6.93223 1
7.64308 1
0.523726 1
2.73152 1
8.70492 1
8.01396 1
4.6188 1
5.73777 1
2.54028 1
4.57318 1
7.17385 1
12.5783 1
5.10157 1
7.07044 1
1.29717 1
4.95091 1
-0.650957 1
4.73093 1
2.67172 1
11.9055 1
3.56533 1
10.4151 1
6.27476 1
2.40215 1
6.25733 1
3.94417 1
4.62242 1
2.68024 1
5.80578 1
6.85675 1
0.628038 1
10.1002 1
5.06582 1
2.46026 1
3.94184 1
6.91307 1
-1.61076 1
6.4523 1
-2.4384 1
5.06454 1
6.19875 1
3.00348 1
6.37236 1
3.49695 1
8.10955 1
-3.14114 1
7.3236 1
8.52978 1
0.846287 1
11.3146 1
0.957724 1
3.91195 1
4.25392 1
5.99105 1
3.22064 1
1.84337 1
2.47038 1
12.3128 1
3.79814 1
9.32295 1
-4.64678 1
6.1177 1
2.05825 1
4.51909 1
6.13797 1
6.45129 1
5.06719 1
6.67672 1
7.0085 1
8.07503 1
9.7658 1
10.5065 1
7.14358 1
-1.79189 1
3.94272 1
4.9892 1
5.08867 1
2.21788 1
5.82137 1
6.88115 1
6.50853 1
6.39173 1
14.3641 1
3.79673 1
-4.72964 1
14.4336 1
13.2395 1
5.67165 1
-0.185628 1
4.62333 1
8.32727 1
4.29232 1
5.4892 1
8.22956 1
7.00465 1
6.53539 1
3.1458 1
7.3988 1
2.26998 1
1.90385 1
6.49201 1
10.4322 1
7.03455 1
4.73858 1
2.15455 1
5.00985 1
7.34127 1
3.05111 1
1.79252 1
11.3257 1
4.15717 1
12.6154 1
7.10995 1
0.586656 1
7.65181 1
3.40193 1
5.53872 1
4.76765 1
5.54097 1
5.65382 1
8.75106 1
1.44833 1
-1.20053 1
6.70197 1
0.224344 1
3.93248 1
2.12137 1
7.87288 1
4.63024 1
6.42026 1
-2.96464 1
3.50226 1
3.13137 1
2.72154 1
0.199611 1
6.38272 1
1.35405 1
8.5303 1
-2.99972 1
5.80005 1
3.34733 1
8.24687 1
4.80202 1
4.91503 1
3.48079 1
6.75048 1
5.13173 1
5.0077 1
5.42081 1
6.45379 1
9.8806 1
4.6475 1
3.37396 1
-2.92093 1
5.42951 1
9.26188 1
-1.42485 1
2.99664 1
6.82451 1
0.895058 1
11.1508 1
7.54283 1
3.3557 1
3.7971 1
-2.33376 1
7.60798 1
7.6842 1
5.02213 1
7.27296 1
1.48962 1
9.02103 1
1.15431 1
7.91387 1
6.64319 1
14.8522 1
0.200969 1
13.8243 1
6.39092 1
4.43928 1
9.26021 1
6.44678 1
4.93865 1
5.70486 1
1.27487 1
1.77964 1
5.80356 1
3.65288 1
10.3903 1
8.07416 1
2.4163 1
6.72659 1
4.5225 1
10.9439 1
8.6802 1
4.33214 1
10.1966 1
-0.812351 1
5.1877 1
4.21761 1
-2.19302 1
14.8069 1
2.27574 1
0.431548 1
6.57117 1
-2.96855 1
7.43087 1
5.60681 1
9.21041 1
1.73829 1
8.50568 1
3.11366 1
7.64009 1
5.33633 1
3.76522 1
6.40331 1
4.28664 1
4.0041 1
1.41214 1
6.26615 1
5.75468 1
0.869471 1
1.26882 1
4.98538 1
6.19897 1
8.65033 1
6.98133 1
5.04745 1
4.3596 1
6.80683 1
6.15506 1
7.39476 1
3.4204 1
6.55323 1
12.7941 1
1.94425 1
5.9797 1
6.56125 1
3.40877 1
4.04298 1
5.24953 1
7.00945 1
10.9736 1
8.30306 1
2.26498 1
3.98091 1
6.44644 1
5.28885 1
8.49452 1
4.80119 1
9.16308 1
6.00182 1
12.595 1
4.87465 1
4.03234 1
3.57434 1
0.523438 1
5.85319 1
4.14413 1
8.56312 1
5.43747 1
8.03497 1
4.10942 1
-2.95141 1
0.12808 1
4.18261 1
-4.11911 1
5.90188 1
-3.23498 1
4.68073 1
4.25054 1
3.70823 1
4.38479 1
7.5785 1
4.28747 1
7.42794 1
5.90751 1
8.20217 1
6.09105 1
3.03221 1
6.00653 1
3.55355 1
8.31376 1
5.50352 1
6.35752 1
14.5043 1
5.04423 1
8.01001 1
-2.41037 1
4.71272 1
5.1872 1
-0.343857 1
6.42045 1
2.038 1
7.05258 1
2.34158 1
7.51812 1
2.41871 1
2.98887 1
-0.253208 1
8.02692 1
6.94929 1
6.2754 1
5.31353 1
0.83857 1
2.46655 1
9.62852 1
3.70144 1
6.18225 1
1.98618 1
4.48387 1
5.88151 1
4.1304 1
1.5085 1
1.87647 1
6.58705 1
3.38641 1
3.95682 1
4.46681 1
6.8837 1
3.25962 1
3.59226 1
5.99884 1
7.47176 1
2.593 1
3.8902 1
2.07493 1
5.19085 1
0.756035 1
5.00527 1
5.53765 1
7.84295 1
3.35905 1
6.24098 1
3.97484 1
5.95649 1
4.70136 1
6.9918 1
6.36108 1
1.62082 1
13.0355 1
2.97999 1
0.673089 1
8.17955 1
6.9486 1
7.23835 1
5.81631 1
2.84542 1
5.5349 1
7.82344 1
13.3892 1
10.5978 1
-4.34998 1
2.62025 1
4.48188 1
4.97208 1
8.06885 1
5.21836 1
7.85773 1
5.60353 1
3.07969 1
5.35303 1
7.36127 1
5.08156 1
0.411635 1
10.5879 1
3.81063 1
-0.43295 1
0.445691 1
6.46996 1
8.66339 1
4.29828 1
6.23448 1
5.7112 1
8.57838 1
9.77218 1
3.51218 1
7.97634 1
6.58309 1
2.1264 1
11.0226 1
7.47668 1
2.6006 1
5.79171 1
7.66947 1
3.74843 1
6.47593 1
8.84044 1
5.35105 1
0.0165266 1
2.21337 1
7.1366 1
2.64344 1
6.10743 1
4.4921 1
4.62486 1
11.6714 1
4.9136 1
6.43111 1
6.90954 1
10.0581 1
13.9705 1
3.58456 1
9.24307 1
6.58914 1
-4.37501 1
-3.93759 1
0.954104 1
5.56445 1
14.6594 1
5.63188 1
10.0933 1
12.395 1
10.6133 1
-0.0999443 1
4.19417 1
6.44405 1
4.13607 1
10.2953 1
6.04381 1
5.8709 1
8.34814 1
3.51309 1
5.42163 1
5.04122 1
-0.423717 1
10.9137 1
5.66845 1
7.29844 1
4.04453 1
11.9 1
9.01885 1
5.76689 1
5.1218 1
4.37832 1
6.15824 1
4.09723 1
5.60673 1
4.63398 1
5.52164 1
10.02 1
3.54919 1
3.72593 1
-0.145752 1
4.36546 1
12.4714 1
-3.77135 1
4.90333 1
4.03521 1
7.7179 1
5.82051 1
0.334848 1
5.80541 1
3.00415 1
6.67832 1
4.92381 1
3.78516 1
11.8706 1
-1.69223 1
0.914637 1
10.3804 1
7.8004 1
6.66069 1
14.3744 1
9.65433 1
3.81297 1
5.73089 1
5.85677 1
7.0646 1
7.10142 1
6.4659 1
3.61871 1
4.70475 1
10.1696 1
1.79856 1
5.25055 1
9.87564 1
-1.50167 1
2.17714 1
6.47546 1
11.4936 1
6.1153 1
5.90983 1
-0.672469 1
2.20974 1
0.741782 1
3.43789 1
5.90389 1
3.32374 1
8.78188 1
11.682 1
5.57497 1
14.2367 1
7.46794 1
5.29314 1
6.99184 1
5.67153 1
8.15493 1
9.38281 1
10.8765 1
4.90215 1
7.35241 1
-3.9347 1
5.7602 1
11.6089 1
-0.0706858 1
2.55155 1
13.1564 1
5.00086 1
8.71505 1
5.68511 1
8.47466 1
4.58838 1
5.2087 1
9.29161 1
5.08425 1
1.7603 1
6.3191 1
3.61862 1
10.1397 1
1.10333 1
1.39326 1
2.87482 1
14.1398 1
5.28315 1
-4.58059 1
13.745 1
5.85729 1
6.16889 1
3.81408 1
6.42441 1
7.07473 1
3.29773 1
5.05262 1
3.72516 1
3.73899 1
4.49478 1
5.81304 1
6.42908 1
6.21036 1
2.77951 1
7.18069 1
3.38379 1
3.37135 1
3.70259 1
9.18759 1
-4.34847 1
8.69042 1
5.39789 1
-0.234393 1
6.12129 1
3.97507 1
3.89521 1
5.66229 1
8.3255 1
4.19348 1
7.29928 1
0.981667 1
14.6871 1
5.1344 1
4.13103 1
6.0909 1
-3.31333 1
11.7406 1
9.64002 1
5.42745 1
9.76489 1
2.21753 1
8.07007 1
2.92151 1
10.5397 1
6.73235 1
2.68099 1
2.94135 1
5.31647 1
3.85502 1
5.92126 1
-2.19017 1
4.2669 1
9.63138 1
10.1507 1
-1.78306 1
7.6921 1
7.15272 1
10.8257 1
5.25466 1
8.90711 1
3.25596 1
8.773 1
6.72451 1
5.63251 1
-2.08632 1
4.57611 1
9.38934 1
2.63129 1
5.13723 1
5.34796 1
4.89694 1
9.16506 1
3.1598 1
6.72099 1
4.66465 1
0.348646 1
-3.97317 1
0.57953 1
-1.34217 1
7.40615 1
3.06001 1
2.9612 1
8.97392 1
4.70307 1
1.71297 1
6.7465 1
3.20587 1
4.55674 1
4.90072 1
12.1757 1
7.35393 1
4.50397 1
-2.62021 1
9.12417 1
7.0625 1
3.76857 1
5.32909 1
11.695 1
6.84085 1
10.2772 1
1.96897 1
6.60403 1
3.95541 1
4.85193 1
6.76093 1
5.623 1
6.08538 1
10.0502 1
2.00687 1
10.4556 1
6.47067 1
8.39598 1
6.72328 1
0.289797 1
4.75396 1
4.52826 1
14.552 1
3.76797 1
3.94202 1
1.15821 1
-3.0263 1
4.38793 1
8.78201 1
8.13352 1
1.0806 1
7.50505 1
4.4968 1
4.30476 1
5.86632 1
7.62324 1
6.43871 1
4.76583 1
3.39441 1
4.07996 1
4.32304 1
10.2594 1
11.1786 1
5.73787 1
6.57574 1
2.11896 1
1.51952 1
10.8437 1
6.35715 1
5.65862 1
11.2742 1
9.89271 1
6.66916 1
8.55555 1
6.33609 1
5.98842 1
5.51347 1
0.176938 1
9.02621 1
8.06866 1
7.94277 1
0.43051 1
4.88336 1
3.18008 1
0.36895 1
13.2375 1
5.16956 1
3.44701 1
6.95529 1
5.78502 1
4.57291 1
2.34583 1
1.026 1
6.36483 1
9.94641 1
14.0682 1
5.75341 1
2.47101 1
4.50748 1
5.71979 1
4.07534 1
5.46736 1
11.3373 1
4.54038 1
2.43718 1
2.44934 1
6.07354 1
7.60341 1
6.93561 1
3.24145 1
6.36333 1
5.96714 1
1.14751 1
5.7492 1
5.07045 1
7.63467 1
10.7602 1
6.20135 1
9.01394 1
11.9154 1
5.94416 1
11.9153 1
7.42636 1
4.51975 1
2.08966 1
8.13003 1
9.76729 1
4.13351 1
1.32562 1
5.19689 1
10.7396 1
3.87529 1
5.05219 1
3.22501 1
3.70501 1
6.45131 1
6.95448 1
7.30696 1
6.70817 1
4.01384 1
13.9568 1
5.371 1
6.24665 1
7.21376 1
1.44109 1
-1.67754 1
4.97034 1
6.78929 1
13.6184 1
5.71872 1
5.54229 1
6.96724 1
7.23412 1
5.1177 1
6.55977 1
4.97125 1
6.01201 1
7.12831 1
3.21658 1
6.51806 1
-0.0851887 1
5.97759 1
-1.97687 1
3.34621 1
6.8676 1
4.54543 1
4.80512 1
5.7474 1
6.20537 1
4.39189 1
11.8674 1
8.20707 1
6.47129 1
2.02587 1
4.47396 1
6.9073 1
5.52552 1
-4.67024 1
7.15971 1
5.12185 1
6.77526 1
4.06752 1
1.84211 1
2.22434 1
4.18476 1
5.33582 1
5.7573 1
2.68518 1
-3.14797 1
5.87046 1
1.10236 1
12.0435 1
6.65981 1
12.6351 1
2.14221 1
9.14709 1
1.75212 1
6.68009 1
7.63923 1
6.45687 1
8.03721 1
-0.862821 1
6.47216 1
1.48823 1
2.25921 1
8.21362 1
8.24354 1
7.07963 1
-3.48397 1
4.97373 1
-4.35165 1
8.34605 1
1.26543 1
8.09725 1
6.49309 1
6.59738 1
5.10511 1
3.37507 1
2.32642 1
7.70363 1
2.58797 1
3.94293 1
2.89987 1
9.83213 1
2.11814 1
4.33189 1
5.31229 1
3.07039 1
8.65451 1
4.1816 1
3.69067 1
8.85677 1
5.53786 1
3.90479 1
2.13737 1
4.89012 1
5.6346 1
4.7323 1
5.84279 1
12.0619 1
2.15416 1
5.405 1
3.79995 1
14.2658 1
8.02826 1
2.6521 1
4.22078 1
6.78819 1
4.88482 1
3.56899 1
3.10895 1
6.14697 1
6.77096 1
6.53112 1
9.41645 1
6.4229 1
8.21811 1
3.99062 1
7.56385 1
-0.775603 1
0.248033 1
7.28635 1
4.5159 1
7.77769 1
9.70184 1
4.45587 1
6.65531 1
13.0836 1
5.4381 1
10.0393 1
5.99534 1
8.7091 1
-0.0457158 1
2.32099 1
8.81939 1
8.01442 1
13.6866 1
5.80497 1
2.59528 1
6.33968 1
5.39836 1
5.35508 1
9.07715 1
2.79666 1
4.1337 1
9.20266 1
6.89364 1
6.17194 1
-2.33303 1
8.67412 1
2.18846 1
8.08495 1
5.06558 1
5.09436 1
6.24871 1
4.5029 1
-2.7763 1
5.99836 1
1.24192 1
5.17517 1
13.6165 1
7.47956 1
4.37224 1
7.26983 1
14.3554 1
5.93461 1
6.29591 1
3.92159 1
-0.325655 1
-0.7819 1
4.99112 1
-0.515729 1
6.37273 1
7.28251 1
2.78089 1
9.53899 1
5.60195 1
5.75985 1
10.8365 1
5.61213 1
5.92315 1
6.62121 1
4.91867 1
3.71462 1
5.79589 1
5.86906 1
1.68556 1
5.0949 1
4.61157 1
4.98002 1
5.25578 1
7.32088 1
0.815782 1
-1.26822 1
3.51924 1
1.35022 1
5.80078 1
3.82438 1
7.49942 1
8.49356 1
9.28874 1
5.09984 1
7.76265 1
5.53298 1
2.16289 1
8.53882 1
5.24294 1
10.8736 1
0.630551 1
8.03385 1
3.64663 1
4.50042 1
9.26014 1
7.67762 1
-2.55095 1
7.28831 1
11.3386 1
-0.110904 1
5.30129 1
13.6138 1
8.89706 1
7.12817 1
1.74965 1
-1.71249 1
5.98843 1
6.44888 1
2.39183 1
4.98255 1
6.89084 1
0.775756 1
3.21398 1
4.31321 1
5.2837 1
5.6544 1
5.55838 1
0.498699 1
7.7319 1
6.26236 1
3.02339 1
6.07065 1
14.0769 1
6.13079 1
9.74446 1
7.23649 1
2.34034 1
6.11576 1
3.90443 1
11.391 1
5.23704 1
5.05278 1
6.31148 1
4.16002 1
5.75878 1
1.46981 1
6.51538 1
-2.66298 1
5.05213 1
5.57934 1
-0.609062 1
9.29984 1
11.0264 1
6.77332 1
6.45242 1
4.49947 1
3.00756 1
5.77085 1
6.80022 1
5.95138 1
4.54451 1
6.43884 1
10.8202 1
5.2266 1
7.75898 1
11.9797 1
6.6374 1
14.5306 1
14.2872 1
4.38565 1
4.83503 1
6.62912 1
9.41286 1
6.83656 1
7.32731 1
1.4756 1
5.6637 1
6.85572 1
0.14148 1
-2.81303 1
4.33885 1
4.3745 1
2.49329 1
5.60861 1
-3.80152 1
7.10351 1
6.23383 1
6.49628 1
6.24464 1
3.81056 1
3.69931 1
4.05512 1
-1.96704 1
2.4306 1
7.18287 1
6.38296 1
7.10851 1
6.69083 1
6.56938 1
1.45765 1
13.9254 1
6.30134 1
6.75879 1
3.99806 1
6.32018 1
5.79817 1
3.81684 1
1.88338 1
6.33242 1
6.11121 1
5.1793 1
9.25441 1
4.83072 1
6.00283 1
3.20286 1
0.948721 1
2.48584 1
8.51638 1
5.26618 1
4.54008 1
3.46519 1
5.28619 1
4.72963 1
5.9837 1
7.85784 1
7.31927 1
2.57908 1
5.59234 1
5.43877 1
3.24945 1
5.67032 1
7.41441 1
9.79932 1
1.72232 1
5.23454 1
-3.83633 1
4.48712 1
5.8411 1
7.68562 1
4.97505 1
6.61699 1
5.84882 1
1.24802 1
4.58022 1
3.96093 1
2.31017 1
12.638 1
5.7817 1
6.35433 1
9.1452 1
7.52307 1
8.12321 1
4.00762 1
4.81307 1
8.91625 1
10.6907 1
13.8717 1
7.02717 1
-1.44426 1
3.32513 1
3.34901 1
3.449 1
9.6458 1
4.42804 1
5.86097 1
3.85446 1
4.84019 1
5.27241 1
0.472788 1
5.01584 1
7.64764 1
2.32026 1
5.46428 1
6.95683 1
7.58353 1
-2.54178 1
9.86466 1
2.7832 1
2.82573 1
5.60329 1
7.67314 1
3.2468 1
4.13 1
3.56158 1
1.30046 1
3.49502 1
0.215941 1
5.15328 1
7.08626 1
5.8081 1
10.3521 1
5.52295 1
9.4629 1
4.33399 1
4.38667 1
6.65664 1
3.59864 1
3.96906 1
2.08939 1
3.87662 1
-3.36945 1
4.12346 1
4.61478 1
7.43641 1
10.667 1
4.8508 1
7.26148 1
4.79384 1
6.76462 1
4.77108 1
14.1442 1
11.5818 1
8.7234 1
4.52836 1
6.8236 1
5.23285 1
6.44868 1
5.85912 1
7.77165 1
8.48467 1
6.35011 1
5.04015 1
5.4693 1
5.43035 1
6.85571 1
6.64547 1
5.53434 1
9.15817 1
5.83613 1
5.05063 1
-4.15048 1
5.32424 1
5.04732 1
6.0138 1
1.60979 1
11.9487 1
3.52667 1
14.7022 1
7.98074 1
0.365805 1
4.5049 1
1.0565 1
5.35623 1
4.98519 1
7.82015 1
7.47307 1
6.84383 1
4.60895 1
4.66404 1
7.8977 1
4.27927 1
4.99055 1
2.29454 1
5.58326 1
-1.75109 1
5.55678 1
7.09827 1
4.39004 1
6.12525 1
7.05321 1
9.48018 1
10.1797 1
5.44963 1
5.50805 1
4.37217 1
3.52947 1
-1.64236 1
8.54406 1
10.3025 1
2.49943 1
0.730896 1
8.7339 1
3.40003 1
5.40846 1
6.15411 1
2.54397 1
3.02032 1
13.88 1
4.08674 1
7.06809 1
12.3804 1
2.66519 1
11.04 1
6.24778 1
6.16477 1
6.06717 1
3.64258 1
7.04407 1
7.16469 1
6.57475 1
-1.0307 1
1.43859 1
7.9642 1
6.32012 1
6.78209 1
1.96463 1
6.016 1
6.78617 1
6.67479 1
6.08736 1
3.97133 1
0.781216 1
4.18266 1
-0.303183 1
6.5713 1
-1.37171 1
6.37475 1
8.37 1
-0.496828 1
5.23494 1
14.3832 1
2.2305 1
7.97924 1
3.45508 1
2.93822 1
7.41809 1
-1.27983 1
6.17084 1
3.40837 1
3.35065 1
5.80848 1
5.29477 1
0.107086 1
6.22909 1
5.64082 1
8.56311 1
10.3211 1
-3.01467 1
10.0523 1
7.26358 1
5.86354 1
8.91117 1
-1.26323 1
3.122 1
2.26898 1
6.68358 1
0.372136 1
4.70066 1
2.30396 1
5.24601 1
2.49739 1
5.30505 1
2.0521 1
3.56225 1
2.76472 1
3.08982 1
6.14055 1
3.10212 1
2.36445 1
8.97198 1
7.58927 1
-0.209413 1
3.96834 1
1.17069 1
3.85863 1
1.59519 1
5.95314 1
6.58868 1
5.45646 1
7.54619 1
0.725682 1
1.42943 1
12.7853 1
5.93449 1
6.98724 1
3.02925 1
1.23302 1
-1.8601 1
2.27013 1
6.59411 1
4.67277 1
8.60627 1
9.82406 1
5.6125 1
3.37803 1
4.36624 1
3.89961 1
5.17277 1
6.31628 1
4.18431 1
8.48705 1
1.37803 1
-1.8058 1
5.9612 1
5.95865 1
4.97891 1
5.6791 1
9.36321 1
1.96742 1
4.48833 1
7.57169 1
1.59348 1
5.98474 1
-1.83083 1
0.0850528 1
-0.992511 1
4.28704 1
11.1294 1
4.45965 1
5.89306 1
7.43953 1
4.26796 1
3.94182 1
13.8249 1
7.48058 1
6.33824 1
5.09318 1
0.795537 1
6.40229 1
5.85018 1
3.62556 1
3.13132 1
6.55773 1
11.274 1
11.847 1
0.359073 1
4.58564 1
0.918229 1
-1.90832 1
6.06302 1
5.33803 1
13.9392 1
4.78412 1
6.58309 1
13.2528 1
10.0188 1
7.16132 1
2.43058 1
1.13155 1
7.35101 1
3.59918 1
-1.58396 1
5.70758 1
4.51331 1
3.94875 1
6.22717 1
6.10398 1
3.97266 1
10.0855 1
4.29586 1
-3.26388 1
4.52326 1
5.27179 1
-2.19188 1
9.16971 1
3.15211 1
5.84732 1
3.34856 1
3.67651 1
3.33439 1
9.29447 1
5.39194 1
5.3498 1
5.62797 1
4.28448 1
-0.624673 1
5.46609 1
3.51244 1
5.61853 1
3.8202 1
11.3186 1
6.61995 1
6.18119 1
-1.65431 1
2.62485 1
4.2234 1
7.58367 1
10.8578 1
3.12227 1
6.43163 1
2.76889 1
5.05735 1
3.20436 1
5.01784 1
5.56545 1
-0.192116 1
7.809 1
-4.4578 1
11.5464 1
7.12282 1
7.2972 1
3.98772 1
2.65118 1
5.76232 1
7.2577 1
2.5559 1
7.10372 1
6.0825 1
5.63737 1
7.93396 1
3.29881 1
3.49298 1
6.80609 1
5.44613 1
7.33098 1
7.24246 1
4.16052 1
6.00119 1
-1.55912 1
4.07172 1
5.9556 1
4.12889 1
4.48368 1
5.15954 1
6.53511 1
5.40029 1
3.72512 1
5.10876 1
2.12441 1
8.01624 1
6.54829 1
5.55341 1
11.5651 1
9.55798 1
8.56734 1
8.23645 1
7.84411 1
4.99699 1
4.07642 1
1.17296 1
1.17229 1
2.74211 1
5.68226 1
5.31 1
2.10317 1
3.58805 1
1.90883 1
5.11828 1
5.41495 1
3.27749 1
9.13423 1
2.08571 1
7.18547 1
12.1471 1
11.0006 1
2.34395 1
6.37442 1
7.87687 1
5.96875 1
7.4884 1
-2.76783 1
4.41676 1
7.73537 1
0.339908 1
4.59677 1
0.36882 1
7.39795 1
6.77841 1
-0.109015 1
7.08132 1
5.05026 1
7.98985 1
6.56256 1
-3.39275 1
4.84842 1
10.6762 1
9.77731 1
4.56671 1
8.00071 1
8.79132 1
3.857 1
3.45887 1
3.73603 1
8.12302 1
0.775802 1
4.70042 1
2.98914 1
5.14511 1
6.40899 1
-0.039416 1
4.56801 1
6.64924 1
4.9161 1
-1.62429 1
5.22907 1
2.85906 1
7.13242 1
3.47322 1
7.3143 1
6.44915 1
7.16003 1
6.37849 1
3.48584 1
8.20542 1
3.24297 1
7.15022 1
5.84108 1
5.14331 1
6.53831 1
9.41269 1
3.81618 1
6.79399 1
5.44979 1
6.94805 1
6.28462 1
5.42922 1
6.78382 1
6.38778 1
6.45038 1
9.12624 1
4.48681 1
3.78829 1
6.73916 1
7.19418 1
4.53052 1
4.49677 1
6.65652 1
5.82073 1
5.40693 1
9.65855 1
2.09371 1
-1.23291 1
9.61718 1
6.68862 1
5.69803 1
5.51609 1
7.48254 1
3.90128 1
7.75087 1
3.13741 1
4.9284 1
-1.64604 1
4.15777 1
6.46154 1
8.72516 1
6.10274 1
9.80524 1
5.50779 1
2.16031 1
0.631759 1
7.69022 1
5.15034 1
8.85141 1
-0.255024 1
4.65086 1
5.17863 1
4.8561 1
7.15464 1
2.92607 1
3.95413 1
9.06855 1
8.11779 1
4.56771 1
2.32025 1
9.03736 1
0.693455 1
8.68001 1
5.38521 1
7.08912 1
6.96795 1
9.61063 1
11.0347 1
4.19962 1
4.74523 1
5.78053 1
10.9289 1
8.55308 1
2.12874 1
3.65637 1
5.31703 1
7.40147 1
2.29187 1
8.82509 1
2.94655 1
5.92433 1
6.45805 1
7.12995 1
0.998342 1
4.13028 1
4.00387 1
9.43988 1
7.00901 1
7.17482 1
-0.797527 1
4.62066 1
6.20461 1
11.6905 1
5.12063 1
13.9486 1
4.42061 1
6.77822 1
8.33059 1
0.906091 1
6.03524 1
2.42649 1
2.14958 1
0.71083 1
8.21258 1
7.39118 1
8.94797 1
4.33462 1
12.1522 1
6.06801 1
3.79614 1
0.0919064 1
2.41696 1
9.49529 1
-1.37334 1
2.0776 1
5.60585 1
8.07254 1
-1.99461 1
4.4944 1
5.95006 1
1.47639 1
6.97302 1
-4.25547 1
5.71889 1
4.66553 1
9.07581 1
5.93858 1
6.55322 1
6.37148 1
11.5332 1
14.5809 1
6.13576 1
4.40602 1
9.02635 1
-1.94956 1
9.0576 1
3.09811 1
4.05165 1
10.4533 1
2.2033 1
5.38278 1
3.91454 1
6.44881 1
13.9097 1
6.09102 1
6.70171 1
7.36465 1
5.85603 1
5.02154 1
4.30169 1
4.84505 1
6.5229 1
1.29525 1
6.70434 1
7.75263 1
7.8423 1
8.6023 1
7.30451 1
6.68717 1
3.77125 1
2.97465 1
2.0441 1
4.57443 1
7.06497 1
7.27991 1
10.9647 1
2.80271 1
1.62223 1
5.19608 1
4.84702 1
2.71894 1
5.67308 1
4.39511 1
0.271135 1
6.36833 1
-4.75523 1
5.34656 1
1.90852 1
2.49835 1
4.95737 1
2.51123 1
12.6851 1
12.2101 1
5.54576 1
4.8838 1
6.51828 1
-2.0441 1
6.02241 1
-2.34709 1
5.25497 1
9.5701 1
8.17159 1
-2.60898 1
6.43714 1
6.42766 1
1.66997 1
6.82101 1
5.67656 1
4.55148 1
3.96184 1
2.60773 1
4.95182 1
1.30613 1
5.11943 1
10.4266 1
7.36484 1
2.62266 1
-2.59016 1
-4.0157 1
7.42497 1
5.5278 1
8.90083 1
10.08 1
6.4794 1
8.18482 1
2.76294 1
7.86709 1
5.11782 1
3.94062 1
4.68331 1
4.38847 1
7.20945 1
-0.837753 1
3.82723 1
1.71298 1
6.72985 1
12.0077 1
14.5355 1
7.24401 1
6.41229 1
5.77065 1
3.18154 1
8.3576 1
11.2747 1
13.9599 1
10.6349 1
4.24223 1
8.24137 1
8.4054 1
5.90748 1
-0.450875 1
5.29607 1
1.64096 1
6.61488 1
1.10298 1
5.48551 1
10.3016 1
1.49298 1
5.10136 1
6.7055 1
11.2308 1
3.50509 1
7.84755 1
5.1342 1
4.17245 1
6.29658 1
8.56584 1
6.48187 1
6.84658 1
-0.130891 1
5.39225 1
4.29502 1
-1.26498 1
1.1831 1
3.39201 1
7.66064 1
4.75371 1
5.48297 1
2.92303 1
1.09083 1
9.43052 1
10.5549 1
4.64822 1
2.9398 1
4.21641 1
7.31887 1
5.71721 1
7.02524 1
6.10606 1
6.30418 1
3.30472 1
5.17477 1
5.33272 1
11.248 1
5.33967 1
6.1527 1
6.16227 1
3.6916 1
4.46671 1
4.85822 1
5.67608 1
7.94003 1
3.31183 1
8.21195 1
5.00289 1
8.81759 1
4.06571 1
4.18351 1
-0.675907 1
13.4905 1
3.43123 1
2.24139 1
9.04967 1
10.8789 1
8.85327 1
6.71322 1
7.31204 1
7.45592 1
5.35781 1
12.8498 1
5.80393 1
6.0489 1
4.11385 1
1.8345 1
9.82457 1
3.18712 1
6.00826 1
2.93086 1
10.556 1
2.03094 1
5.41494 1
8.47888 1
5.29237 1
6.23856 1
3.28717 1
6.24435 1
4.12189 1
6.2434 1
5.3497 1
4.99341 1
4.46948 1
5.13316 1
4.2872 1
1.83341 1
4.48165 1
7.56417 1
4.76617 1
-2.57385 1
-3.19049 1
9.28946 1
5.06034 1
7.48644 1
4.97225 1
7.06548 1
11.2123 1
4.37611 1
6.16069 1
5.76893 1
7.11688 1
5.81339 1
6.60613 1
7.83923 1
6.14569 1
8.04941 1
4.97584 1
4.24135 1
5.61296 1
5.75147 1
7.88975 1
-0.629075 1
5.09645 1
12.9682 1
7.95423 1
9.08903 1
8.01607 1
12.2206 1
4.70939 1
4.6657 1
3.85751 1
6.71231 1
4.33381 1
1.87066 1
6.60642 1
7.19553 1
3.59564 1
5.99132 1
6.09355 1
5.2377 1
4.96101 1
10.3031 1
3.46661 1
5.51921 1
4.37388 1
5.74197 1
7.07225 1
7.84565 1
6.2399 1
0.0791126 1
3.40201 1
3.94388 1
7.48332 1
6.95225 1
8.49053 1
2.71366 1
7.27746 1
1.59993 1
5.83847 1
7.48222 1
4.42699 1
3.47543 1
9.64317 1
6.6383 1
1.07119 1
3.93978 1
2.38203 1
1.14465 1
4.39431 1
4.24436 1
4.08039 1
8.50748 1
4.11488 1
5.2136 1
3.0304 1
5.72489 1
8.04625 1
-1.50606 1
5.27105 1
5.29674 1
3.81195 1
7.68916 1
4.38823 1
3.62779 1
3.71813 1
5.60325 1
9.80832 1
7.09354 1
6.85814 1
0.22329 1
11.1198 1
5.95726 1
7.62634 1
3.46941 1
5.69957 1
8.23642 1
1.59895 1
9.63571 1
1.02684 1
6.41861 1
3.72221 1
4.6006 1
3.14662 1
6.41662 1
-0.976068 1
7.88736 1
6.08339 1
1.73441 1
7.04695 1
1.71449 1
-3.32549 1
4.06295 1
13.9666 1
6.65402 1
4.64708 1
5.20655 1
5.27893 1
5.5113 1
5.85487 1
5.70803 1
6.63604 1
6.57614 1
5.01037 1
-4.58713 1
-1.61019 1
2.27396 1
9.20473 1
6.80876 1
-1.30593 1
2.98676 1
6.79605 1
6.30739 1
4.92234 1
5.41071 1
6.53965 1
2.61795 1
3.29606 1
14.0638 1
5.90349 1
4.39978 1
5.55986 1
7.71318 1
1.91828 1
2.3722 1
3.13187 1
4.22948 1
4.45401 1
14.8387 1
4.84553 1
4.44911 1
8.15665 1
-0.979272 1
2.72394 1
5.40586 1
-0.791209 1
6.1132 1
0.752685 1
8.46856 1
8.12075 1
3.82964 1
12.0241 1
8.25698 1
8.53432 1
1.41375 1
4.33425 1
7.90385 1
0.606486 1
1.53106 1
2.93076 1
3.41917 1
4.56914 1
7.64184 1
0.158439 1
5.00994 1
7.44484 1
4.67858 1
12.7884 1
10.2333 1
6.97657 1
6.4549 1
7.99351 1
2.025 1
2.64262 1
5.32932 1
8.5939 1
4.55618 1
2.52189 1
-0.411878 1
2.56132 1
6.62691 1
2.72869 1
5.23354 1
4.44082 1
3.82222 1
6.22843 1
-2.78724 1
9.92241 1
3.95086 1
6.68285 1
6.43201 1
8.51479 1
6.556 1
-2.07132 1
4.94362 1
8.83715 1
2.35564 1
1.16198 1
6.48679 1
1.66623 1
7.93298 1
5.09462 1
8.06961 1
7.46785 1
0.826832 1
1.2828 1
0.107697 1
4.177 1
8.23864 1
6.42778 1
1.4755 1
6.12968 1
5.4033 1
14.287 1
11.8411 1
2.89247 1
6.01212 1
5.1683 1
6.63183 1
-2.87337 1
4.87837 1
7.92224 1
6.08398 1
11.5045 1
4.55928 1
6.49871 1
12.4899 1
-0.545032 1
5.58622 1
-0.704012 1
6.92315 1
3.83304 1
5.00558 1
2.56726 1
8.33468 1
4.41139 1
3.16418 1
4.05844 1
4.70371 1
10.1223 1
3.31171 1
-2.50493 1
6.68633 1
7.6258 1
3.47087 1
3.96718 1
4.06823 1
10.9965 1
7.65212 1
1.24571 1
1.14694 1
8.64806 1
8.27256 1
6.42886 1
5.40281 1
5.99587 1
11.5065 1
0.748547 1
4.41112 1
3.95919 1
3.90115 1
4.6253 1
2.72571 1
6.05196 1
4.60945 1
-1.64593 1
-0.627524 1
4.10963 1
7.16666 1
5.79908 1
3.95958 1
6.73745 1
6.53958 1
4.04143 1
5.90371 1
12.4438 1
7.14667 1
5.59401 1
1.02393 1
3.83042 1
4.26317 1
5.75236 1
11.1131 1
4.61354 1
6.26032 1
8.82801 1
4.58907 1
-2.70976 1
3.36757 1
6.16401 1
9.09126 1
3.24602 1
8.95348 1
-1.40112 1
6.64762 1
-0.0339136 1
7.51116 1
8.93524 1
7.0897 1
5.81277 1
5.6425 1
4.27292 1
8.03031 1
6.18307 1
5.17536 1
7.89298 1
2.90365 1
6.46619 1
3.72474 1
6.63316 1
4.48982 1
7.32506 1
13.9642 1
5.27481 1
10.2163 1
-4.01095 1
5.90344 1
4.71429 1
6.65451 1
6.55858 1
7.79966 1
2.78402 1
0.701261 1
7.73147 1
5.21776 1
6.50028 1
3.99763 1
5.31413 1
6.79702 1
8.75256 1
5.50592 1
7.79436 1
6.70275 1
4.26335 1
1.67209 1
-0.240258 1
5.81373 1
6.10852 1
4.90551 1
7.89383 1
6.59695 1
5.85838 1
7.9239 1
7.07674 1
5.41436 1
7.02815 1
8.03314 1
6.02711 1
9.39083 1
6.30146 1
4.70358 1
-4.52378 1
-0.0795083 1
3.33149 1
0.142432 1
6.17382 1
9.99682 1
-1.8012 1
5.6699 1
4.40401 1
6.14916 1
6.23908 1
7.25637 1
8.905 1
5.57322 1
1.36275 1
1.62698 1
6.07508 1
7.48134 1
1.24937 1
6.01721 1
-1.48861 1
6.3685 1
1.22299 1
7.53684 1
0.672665 1
4.74256 1
5.04798 1
8.06332 1
12.4995 1
7.28288 1
13.0131 1
-4.08316 1
2.21862 1
4.83723 1
5.78649 1
7.95931 1
7.54313 1
11.9781 1
6.16873 1
3.48631 1
6.52818 1
3.11643 1
4.153 1
-1.25263 1
2.96045 1
5.241 1
5.47449 1
9.11934 1
6.64066 1
14.7068 1
3.04542 1
4.87724 1
8.22253 1
6.92742 1
3.47055 1
2.17478 1
5.49998 1
5.59816 1
1.61283 1
3.31742 1
3.22705 1
4.72948 1
6.33684 1
6.28719 1
2.73555 1
5.3491 1
6.53464 1
4.78761 1
5.51856 1
5.12154 1
4.93012 1
9.69485 1
2.98939 1
5.31405 1
7.50267 1
4.95445 1
6.61783 1
0.0868812 1
5.24714 1
5.84508 1
12.5553 1
4.45575 1
5.09896 1
2.89592 1
7.91691 1
7.39954 1
9.46444 1
8.2428 1
0.105507 1
4.14629 1
4.28022 1
-0.485425 1
7.86418 1
4.62304 1
3.68918 1
2.13903 1
6.03566 1
4.05719 1
7.27596 1
1.64025 1
8.8464 1
6.86815 1
10.0874 1
5.80809 1
6.04629 1
4.14199 1
-3.05082 1
-0.308833 1
5.36852 1
4.98675 1
4.36171 1
4.47974 1
12.8239 1
4.29571 1
4.69776 1
2.61452 1
4.00004 1
5.79852 1
3.22368 1
6.82216 1
8.84468 1
5.22167 1
7.72332 1
2.99239 1
-3.09493 1
6.06693 1
10.3779 1
11.0564 1
-1.60227 1
6.55535 1
1.05349 1
4.10033 1
5.92117 1
4.22517 1
8.28717 1
8.97416 1
0.72509 1
-0.185025 1
10.2638 1
-0.952074 1
7.12106 1
2.3553 1
7.82018 1
1.23603 1
2.93225 1
9.82872 1
4.1072 1
6.9364 1
3.2293 1
3.87927 1
6.64647 1
9.71474 1
4.09497 1
0.324913 1
4.10828 1
6.08899 1
7.76721 1
6.39949 1
8.53763 1
8.13978 1
4.99286 1
14.3414 1
9.28735 1
2.87233 1
4.11287 1
3.73517 1
6.15549 1
4.66896 1
2.56219 1
0.76749 1
7.32518 1
6.69821 1
4.81393 1
6.04193 1
3.81937 1
7.88061 1
7.84723 1
6.40316 1
1.63591 1
13.4608 1
6.06642 1
7.69298 1
2.34019 1
5.15102 1
8.3143 1
-4.14429 1
0.657558 1
9.54461 1
5.78741 1
2.50334 1
3.521 1
6.8608 1
2.64389 1
6.90641 1
-0.14529 1
5.09053 1
7.18512 1
6.10804 1
4.91929 1
-3.66862 1
12.8115 1
3.63462 1
3.92437 1
4.45459 1
5.13746 1
10.6719 1
5.50549 1
-1.34854 1
12.9653 1
1.94473 1
4.79218 1
9.1334 1
2.68315 1
3.68055 1
10.8117 1
5.38972 1
7.1132 1
6.33746 1
2.49457 1
4.02793 1
6.78649 1
3.05264 1
13.2041 1
3.75465 1
5.84418 1
5.7932 1
2.93057 1
1.79547 1
6.12636 1
2.20308 1
-1.11359 1
4.86998 1
6.48008 1
6.42922 1
-3.59663 1
9.32068 1
7.15273 1
6.85168 1
1.98421 1
6.00723 1
7.03702 1
2.13305 1
3.5567 1
8.22304 1
5.74576 1
4.06609 1
0.989275 1
14.6688 1
11.2882 1
4.64762 1
2.8645 1
6.04136 1
-1.67326 1
3.40496 1
5.11352 1
5.37232 1
7.28805 1
1.89676 1
5.00831 1
6.35881 1
4.63364 1
5.56702 1
5.60453 1
5.53932 1
5.78157 1
-0.124738 1
6.24277 1
5.47324 1
5.67913 1
3.74131 1
4.71147 1
8.9827 1
8.29302 1
6.10875 1
0.0292898 1
4.93078 1
4.17472 1
8.7364 1
5.24849 1
6.5344 1
5.25823 1
2.81399 1
5.82499 1
9.88143 1
5.16226 1
2.80387 1
5.35157 1
4.18397 1
0.395159 1
8.09372 1
4.18897 1
7.12675 1
6.23465 1
5.17663 1
3.98544 1
4.79062 1
4.31124 1
1.34938 1
4.44186 1
0.694675 1
6.85435 1
10.0632 1
4.9343 1
2.85235 1
4.31808 1
8.68277 1
7.06815 1
3.7685 1
5.42651 1
7.06126 1
1.19443 1
5.00111 1
4.75283 1
6.69397 1
5.12842 1
6.05896 1
6.23012 1
10.7589 1
6.72341 1
1.64836 1
4.42749 1
6.83865 1
0.279203 1
5.54602 1
0.163624 1
7.63106 1
12.5639 1
3.31102 1
5.1801 1
2.70404 1
-4.59981 1
5.7848 1
1.2795 1
6.37282 1
8.3617 1
5.32104 1
7.07476 1
6.27719 1
1.8206 1
6.95793 1
7.67345 1
3.69644 1
5.44963 1
3.72612 1
8.55715 1
10.538 1
5.32651 1
8.85267 1
2.484 1
-0.386098 1
10.8551 1
2.24529 1
-2.18038 1
5.34438 1
7.8624 1
7.87921 1
7.01147 1
6.13468 1
4.41948 1
-0.592554 1
2.45108 1
3.70952 1
6.96791 1
5.92358 1
6.15049 1
8.91709 1
6.07232 1
7.78503 1
7.04882 1
-0.0973936 1
4.30745 1
6.82013 1
4.95146 1
6.74369 1
2.58029 1
5.05805 1
5.64477 1
6.38537 1
5.55055 1
5.75313 1
6.19831 1
5.41183 1
6.44279 1
1.65626 1
4.92275 1
6.03959 1
7.82362 1
4.42946 1
4.70303 1
6.07661 1
4.96873 1
0.537482 1
3.42425 1
6.92157 1
8.75225 1
4.33605 1
9.68625 1
4.36778 1
2.72753 1
5.06819 1
11.1259 1
1.03864 1
0.441411 1
0.180784 1
7.34978 1
9.61171 1
5.38997 1
6.27241 1
6.42295 1
4.15192 1
5.7509 1
6.43185 1
5.11741 1
6.63508 1
6.13436 1
7.90003 1
10.3786 1
5.32055 1
5.81815 1
5.39979 1
5.66293 1
7.9913 1
8.95712 1
6.30097 1
7.51565 1
8.86515 1
4.47439 1
10.0855 1
6.55984 1
4.30566 1
-3.61166 1
10.023 1
4.26654 1
1.74694 1
5.06842 1
11.5152 1
1.22607 1
6.64881 1
4.02084 1
3.06379 1
8.29545 1
3.63875 1
6.24083 1
6.95744 1
-4.05408 1
6.7498 1
3.35982 1
4.66604 1
4.9945 1
3.42028 1
4.51468 1
5.09925 1
0.980282 1
6.1493 1
5.97489 1
1.88586 1
7.6626 1
8.57127 1
4.78156 1
-1.22657 1
8.8883 1
3.08454 1
4.58815 1
3.31557 1
9.86426 1
4.57154 1
2.16668 1
4.01754 1
4.65971 1
0.468203 1
5.53479 1
-4.11083 1
6.01468 1
-0.946636 1
-0.119772 1
1.3924 1
5.98731 1
3.77771 1
-4.18739 1
4.79681 1
3.95889 1
-1.27639 1
6.23046 1
5.91613 1
4.58413 1
6.65041 1
