1.19664 1
3.78534 1
0.703555 1
6.72936 1
2.41231 1
8.10323 1
6.16768 1
7.81484 1
3.59736 1
7.9317 1
1.29259 1
5.12774 1
5.25455 1
7.10023 1
4.89354 1
7.18855 1
-4.30815 1
8.42697 1
5.14875 1
3.75964 1
5.3526 1
-0.55829 1
5.54347 1
4.67374 1
6.65009 1
7.34126 1
5.10192 1
7.88048 1
2.28583 1
4.5358 1
6.74773 1
5.99618 1
5.51183 1
5.22547 1
3.7411 1
2.57916 1
5.60494 1
6.1351 1
3.47655 1
7.32715 1
6.51583 1
3.8702 1
5.55057 1
6.21345 1
4.71924 1
5.35043 1
7.8941 1
4.95279 1
-0.21642 1
5.3045 1
5.74783 1
6.45248 1
6.91777 1
4.71971 1
3.00331 1
3.9984 1
7.09946 1
7.4571 1
0.158929 1
1.50053 1
12.9061 1
7.64147 1
5.11997 1
3.05574 1
3.51154 1
4.94935 1
8.18835 1
5.23883 1
3.2066 1
5.94544 1
3.98199 1
9.86467 1
9.92213 1
4.62514 1
7.78632 1
9.42007 1
4.18253 1
6.52423 1
4.63131 1
2.71323 1
4.79184 1
6.16533 1
11.8405 1
3.44327 1
2.17271 1
2.61147 1
11.5143 1
1.44614 1
4.95044 1
6.03409 1
10.5333 1
5.08789 1
3.26917 1
0.694834 1
4.76396 1
10.5631 1
6.73289 1
5.81476 1
3.25427 1
6.33264 1
6.65364 1
5.57534 1
7.01014 1
2.29367 1
3.99612 1
2.55478 1
6.42325 1
-1.83511 1
14.4235 1
8.62783 1
7.67904 1
6.08812 1
0.498637 1
3.99546 1
1.42226 1
9.94699 1
4.51346 1
-2.93285 1
4.61866 1
-2.10838 1
3.32581 1
3.28799 1
8.08908 1
6.19772 1
4.75786 1
5.02393 1
5.32336 1
4.11463 1
3.24566 1
0.553551 1
1.74011 1
7.1867 1
5.68209 1
3.61033 1
3.12862 1
5.60895 1
12.8352 1
1.52285 1
8.60617 1
8.06133 1
6.4654 1
7.85791 1
1.93393 1
4.48241 1
1.80764 1
3.44606 1
6.32766 1
2.89578 1
6.943 1
2.64785 1
7.78433 1
-1.86024 1
2.83085 1
4.91544 1
6.53659 1
5.06578 1
8.124 1
5.92722 1
4.37617 1
6.39273 1
4.99891 1
3.90996 1
5.03362 1
6.85271 1
7.40751 1
10.2008 1
5.37672 1
11.6044 1
5.50838 1
1.83092 1
7.62911 1
2.503 1
1.18762 1
4.83995 1
4.75591 1
5.53554 1
5.77669 1
4.4445 1
4.09544 1
14.4942 1
0.156697 1
7.07822 1
6.44047 1
5.72653 1
4.02831 1
-3.18623 1
8.47498 1
3.91017 1
5.52304 1
0.562798 1
5.70032 1
-1.51298 1
5.54863 1
4.85497 1
4.59104 1
2.13616 1
1.69316 1
7.13104 1
1.7315 1
5.11733 1
3.5426 1
12.5886 1
6.09864 1
5.95896 1
3.96431 1
6.30431 1
7.57674 1
3.03343 1
14.1701 1
4.05894 1
5.18701 1
4.26382 1
5.78463 1
4.72516 1
7.132 1
1.35846 1
1.52 1
13.5418 1
3.89328 1
9.59656 1
3.70387 1
4.93439 1
7.48885 1
4.70292 1
3.63741 1
5.98273 1
5.17206 1
4.86718 1
3.47374 1
2.57725 1
6.76287 1
-1.80212 1
4.74227 1
5.83838 1
8.62305 1
-0.823512 1
2.61281 1
5.05353 1
5.97912 1
6.69103 1
4.78739 1
0.554308 1
3.12912 1
5.70592 1
10.5938 1
11.3014 1
9.99212 1
8.28539 1
1.84273 1
4.86105 1
4.31279 1
3.98468 1
10.1987 1
10.0175 1
10.5643 1
7.55192 1
1.98237 1
6.11488 1
1.22418 1
6.45505 1
8.66411 1
2.00687 1
13.704 1
6.47037 1
6.45347 1
-2.8708 1
5.45622 1
12.8881 1
7.71515 1
-1.58829 1
3.11974 1
4.38858 1
5.31309 1
13.3324 1
6.63709 1
1.3808 1
8.73193 1
0.877866 1
7.21539 1
1.80388 1
3.92332 1
2.67456 1
10.3867 1
6.1705 1
2.32015 1
5.20056 1
0.559565 1
11.643 1
6.27088 1
-3.70579 1
6.69544 1
5.22096 1
10.6415 1
6.06061 1
6.2763 1
3.54135 1
-0.242148 1
2.51256 1
3.21211 1
3.23114 1
3.46139 1
5.73006 1
4.138 1
6.09075 1
9.81556 1
12.6246 1
4.29705 1
5.90923 1
4.74952 1
4.62203 1
5.45442 1
3.48133 1
3.30198 1
0.981371 1
4.97962 1
1.1641 1
6.03657 1
12.9096 1
3.8043 1
8.31546 1
5.99835 1
4.33271 1
3.30231 1
3.81934 1
2.09025 1
4.7089 1
7.60096 1
8.82755 1
2.10766 1
6.185 1
8.3957 1
10.2857 1
4.51644 1
5.25484 1
4.62748 1
4.67524 1
7.37701 1
0.669002 1
12.7021 1
10.0743 1
5.60481 1
3.6841 1
7.79318 1
5.44671 1
11.092 1
2.54496 1
3.94405 1
10.6482 1
1.29982 1
5.11142 1
6.63211 1
5.53116 1
-2.59962 1
5.25347 1
2.27281 1
2.28016 1
2.8355 1
7.49391 1
-1.9978 1
12.4796 1
9.35718 1
3.99013 1
6.50442 1
-0.724544 1
9.57471 1
4.5428 1
4.37954 1
8.83183 1
11.8967 1
3.80176 1
4.62699 1
6.09818 1
11.9289 1
4.06833 1
5.84266 1
2.48888 1
7.20837 1
8.63246 1
7.09065 1
4.87752 1
2.58069 1
4.6035 1
5.64673 1
6.2569 1
9.95079 1
7.08142 1
6.00102 1
6.33336 1
2.5787 1
4.74243 1
6.44536 1
2.73011 1
3.19076 1
3.56626 1
5.14972 1
5.08801 1
5.79764 1
3.57881 1
9.13594 1
9.15375 1
0.118574 1
5.11847 1
6.91028 1
3.08889 1
3.61007 1
11.4792 1
4.21127 1
4.10202 1
5.7547 1
3.59844 1
5.79178 1
2.00214 1
1.05275 1
2.78135 1
1.98184 1
2.07028 1
8.14746 1
9.04683 1
8.57287 1
-3.58534 1
7.18479 1
-0.891274 1
6.0926 1
-3.79768 1
9.8913 1
11.6177 1
10.2448 1
9.22085 1
4.29104 1
9.90129 1
4.29256 1
6.00522 1
5.21233 1
8.42301 1
7.17243 1
7.76905 1
-0.232774 1
2.45471 1
4.64487 1
4.94963 1
3.53201 1
5.08795 1
4.87153 1
7.85847 1
-1.1658 1
6.4875 1
3.41971 1
2.14876 1
10.6314 1
3.52427 1
4.87002 1
3.11005 1
5.78977 1
4.98373 1
7.27828 1
0.538829 1
6.95738 1
8.76816 1
4.28675 1
5.51571 1
7.14719 1
5.89539 1
8.65931 1
5.77525 1
3.18082 1
-1.46332 1
5.7936 1
4.15979 1
3.70484 1
4.66154 1
7.19746 1
2.57478 1
2.59799 1
4.52088 1
6.98268 1
2.68321 1
7.56054 1
2.72043 1
6.9255 1
-1.98934 1
9.58964 1
3.90739 1
4.26591 1
8.76939 1
6.283 1
5.24598 1
5.1803 1
1.26088 1
12.3387 1
6.31694 1
5.1069 1
5.34228 1
5.26064 1
7.40156 1
4.56661 1
-1.39026 1
3.74127 1
4.63307 1
1.04189 1
2.81776 1
12.5799 1
6.74615 1
-0.878807 1
-0.142629 1
4.62932 1
10.8646 1
12.6958 1
3.40572 1
7.48726 1
6.65253 1
7.69252 1
2.78022 1
2.24739 1
3.73693 1
3.14082 1
6.62199 1
1.91646 1
-3.9068 1
12.5683 1
-1.98443 1
6.4139 1
5.19456 1
4.20904 1
3.39874 1
2.47161 1
4.67063 1
-1.54696 1
6.93586 1
-0.261794 1
5.47454 1
6.44444 1
2.53192 1
2.15295 1
3.57712 1
1.3331 1
10.7431 1
1.80983 1
3.39217 1
2.29592 1
5.96717 1
6.98438 1
-1.43678 1
12.8199 1
4.82246 1
-0.969627 1
5.56358 1
5.52898 1
7.29786 1
12.2943 1
6.25768 1
4.99598 1
2.99843 1
3.59866 1
6.16251 1
5.58537 1
5.23283 1
4.85358 1
4.27514 1
5.58773 1
3.36292 1
7.13981 1
4.46248 1
6.62384 1
6.10234 1
5.035 1
5.79509 1
12.4599 1
4.44043 1
3.27598 1
1.06555 1
7.55833 1
-0.496601 1
2.62289 1
4.58215 1
7.92532 1
10.3132 1
6.29529 1
5.82806 1
4.84514 1
2.39709 1
5.5831 1
3.19727 1
6.11677 1
5.6679 1
-0.938871 1
5.99985 1
4.82004 1
5.68145 1
0.959081 1
3.9962 1
3.68876 1
7.94016 1
6.00568 1
6.20636 1
-0.745839 1
2.64715 1
4.93193 1
8.96762 1
4.36205 1
4.51559 1
11.0454 1
4.91841 1
1.86828 1
7.76921 1
9.33756 1
2.46486 1
10.475 1
5.80762 1
6.48084 1
5.19653 1
4.89713 1
0.751215 1
3.19525 1
2.92428 1
-1.01118 1
3.47788 1
3.97189 1
6.64704 1
4.90783 1
11.296 1
-1.20915 1
4.24234 1
0.44576 1
4.62908 1
10.0274 1
3.16612 1
-0.252692 1
7.71059 1
5.08581 1
4.66372 1
4.49038 1
6.64293 1
8.94254 1
4.19718 1
-0.865926 1
8.4222 1
6.09907 1
0.703232 1
6.55301 1
11.0848 1
7.11898 1
4.3665 1
1.74847 1
-0.864353 1
6.18766 1
8.89112 1
3.8117 1
9.3174 1
6.27572 1
5.37719 1
3.38295 1
11.5265 1
7.71382 1
-1.10158 1
3.31803 1
2.79038 1
4.54571 1
4.89139 1
9.48502 1
4.02161 1
5.71418 1
6.61836 1
9.31722 1
8.92293 1
4.57196 1
2.7528 1
3.44582 1
5.60275 1
5.76321 1
5.89348 1
7.61929 1
9.02968 1
6.47319 1
4.94559 1
8.21499 1
0.379447 1
-2.97953 1
9.6786 1
6.59622 1
7.43207 1
5.6831 1
4.54433 1
9.33438 1
4.48 1
2.62032 1
12.2114 1
9.54035 1
7.63453 1
3.91453 1
4.32366 1
3.4538 1
4.52309 1
5.96499 1
5.97019 1
7.96017 1
2.55237 1
5.50207 1
1.40773 1
9.90946 1
10.4252 1
6.01638 1
1.31527 1
3.42344 1
4.38149 1
5.80942 1
3.43388 1
8.32208 1
2.99011 1
2.33032 1
0.757622 1
8.49509 1
5.35862 1
3.67571 1
8.46868 1
6.35328 1
7.66627 1
8.39265 1
1.44835 1
4.82714 1
4.73431 1
4.73789 1
3.92641 1
7.51452 1
-0.881023 1
6.46269 1
10.8788 1
13.041 1
0.421389 1
8.44955 1
4.82944 1
-4.59863 1
4.44533 1
6.0864 1
-2.46638 1
4.2646 1
3.10966 1
7.58652 1
4.04655 1
6.74902 1
11.3137 1
5.03304 1
4.87644 1
7.27103 1
11.7168 1
4.69166 1
6.1999 1
7.57219 1
10.0755 1
12.4419 1
5.22355 1
2.07846 1
6.10593 1
5.20545 1
2.15619 1
3.04727 1
2.83343 1
5.67869 1
5.87776 1
1.25158 1
2.71991 1
11.9706 1
6.99098 1
3.15257 1
3.57892 1
3.62177 1
4.07167 1
1.11163 1
-1.40553 1
10.4934 1
0.519938 1
10.6658 1
5.70053 1
6.33058 1
4.13664 1
5.68791 1
5.45706 1
3.76161 1
5.1975 1
0.899532 1
12.7938 1
6.88629 1
4.7813 1
2.01685 1
-4.84868 1
12.4305 1
0.501574 1
5.93948 1
-0.431657 1
1.63535 1
5.97674 1
3.29567 1
4.23858 1
2.58696 1
2.36675 1
9.65851 1
-0.98725 1
-1.79466 1
2.48864 1
6.79722 1
1.21464 1
4.80304 1
3.85292 1
0.892522 1
8.9892 1
6.39336 1
7.05412 1
6.88178 1
13.1166 1
-1.8561 1
5.89177 1
-0.452405 1
6.81306 1
7.26879 1
-2.53528 1
7.2493 1
5.9264 1
3.41673 1
7.63494 1
4.14076 1
9.65202 1
-2.17774 1
1.641 1
7.01678 1
0.593368 1
11.2834 1
2.97883 1
4.83856 1
0.605491 1
8.40669 1
11.4435 1
4.6403 1
5.69649 1
8.26265 1
1.90165 1
11.1218 1
9.46585 1
4.46945 1
7.20118 1
5.33836 1
5.44988 1
3.8362 1
2.40224 1
9.0847 1
5.56359 1
6.22144 1
10.5416 1
5.49054 1
-1.5677 1
4.23579 1
4.60778 1
6.21918 1
5.52768 1
3.91381 1
9.90764 1
13.0031 1
5.69671 1
6.75544 1
5.03521 1
-4.20763 1
3.01063 1
0.0923324 1
3.61209 1
11.2528 1
-1.27691 1
8.24727 1
6.79107 1
5.74893 1
6.51569 1
4.75008 1
7.6044 1
6.05781 1
-1.94645 1
12.9438 1
8.02599 1
6.68431 1
5.77786 1
0.298108 1
5.88488 1
5.09395 1
4.01612 1
5.43115 1
5.65924 1
7.09503 1
7.22118 1
10.1651 1
3.05998 1
0.108499 1
11.832 1
-0.69388 1
-2.78951 1
7.78481 1
8.10255 1
-2.99477 1
5.75836 1
4.26075 1
11.9185 1
-0.0304303 1
-2.76425 1
3.40036 1
4.92602 1
2.8184 1
7.72337 1
1.83543 1
2.30129 1
8.67854 1
5.18701 1
5.18704 1
5.41742 1
1.9917 1
4.35309 1
11.4408 1
7.18282 1
8.61623 1
7.43944 1
6.69052 1
6.63705 1
3.69123 1
5.53845 1
2.50371 1
3.13653 1
5.56323 1
2.9341 1
1.90967 1
7.63469 1
3.72905 1
4.64613 1
10.07 1
7.2294 1
4.83065 1
10.0213 1
5.94955 1
-2.1341 1
3.25896 1
4.04212 1
4.22351 1
1.93223 1
5.33038 1
6.08089 1
3.60852 1
7.66019 1
0.762389 1
9.11622 1
5.21063 1
8.83629 1
3.63685 1
4.65097 1
6.21905 1
7.87567 1
-2.66483 1
9.66078 1
11.5664 1
9.71158 1
3.71009 1
4.20983 1
6.28898 1
1.12846 1
6.45931 1
7.86902 1
8.07693 1
3.60528 1
1.92852 1
3.47914 1
2.42482 1
3.24718 1
4.20682 1
5.94561 1
7.3821 1
3.34848 1
1.2778 1
7.29912 1
5.19953 1
1.52788 1
4.62945 1
9.21406 1
8.74969 1
0.286622 1
10.0776 1
5.55098 1
3.81785 1
7.91075 1
4.8159 1
4.5056 1
9.09806 1
3.59257 1
5.33502 1
5.63987 1
6.31269 1
2.40376 1
-4.44211 1
7.45051 1
8.49172 1
12.3807 1
3.95187 1
1.63704 1
5.51982 1
2.53325 1
4.98408 1
7.22072 1
4.65316 1
0.116478 1
1.07396 1
3.00363 1
8.24863 1
4.97645 1
3.10996 1
4.16039 1
5.26118 1
6.34033 1
4.97035 1
9.7327 1
6.40115 1
4.13214 1
2.83407 1
7.89785 1
6.41716 1
-0.118967 1
13.4844 1
-3.37822 1
6.17096 1
5.81635 1
5.57868 1
4.45347 1
4.58546 1
5.21819 1
3.97341 1
4.55316 1
7.47375 1
-3.9305 1
3.77989 1
7.44293 1
2.86762 1
10.2598 1
-3.23549 1
4.38266 1
4.49907 1
5.34971 1
4.62857 1
-2.9824 1
6.83337 1
7.75199 1
1.4236 1
8.34994 1
5.54493 1
4.13468 1
8.61665 1
3.48419 1
-0.842986 1
6.78577 1
6.22572 1
2.0637 1
1.19795 1
8.1302 1
4.49727 1
6.77859 1
5.77887 1
6.15811 1
5.9536 1
-1.73793 1
7.27769 1
7.09955 1
3.92514 1
12.9287 1
4.56682 1
6.04729 1
6.86993 1
4.49166 1
5.51722 1
6.78931 1
5.85947 1
13.3258 1
1.17173 1
6.53281 1
5.0124 1
4.3114 1
1.12061 1
5.312 1
2.8423 1
2.37461 1
11.5419 1
0.889052 1
5.89807 1
6.74087 1
7.69201 1
6.33202 1
6.68432 1
5.76071 1
5.14953 1
5.66809 1
6.2421 1
1.71399 1
6.31952 1
4.58812 1
4.59138 1
13.6214 1
2.60875 1
2.17115 1
3.9184 1
11.8833 1
7.54594 1
7.69526 1
6.74621 1
5.42011 1
9.65967 1
-4.06037 1
7.60866 1
4.81173 1
1.57596 1
1.59563 1
11.5631 1
10.9658 1
2.30871 1
10.9993 1
5.33459 1
4.62002 1
10.1602 1
5.2118 1
8.05449 1
9.07139 1
6.56179 1
9.10136 1
-0.309621 1
3.12781 1
1.19214 1
8.13613 1
4.59876 1
8.88537 1
8.2079 1
0.217246 1
2.37934 1
1.52432 1
5.24824 1
4.76043 1
0.314713 1
2.37062 1
7.84934 1
-0.331835 1
4.81578 1
12.3366 1
4.45937 1
4.16495 1
7.48322 1
6.23204 1
6.99238 1
-1.90664 1
3.60472 1
3.88616 1
5.0195 1
8.466 1
-2.07504 1
11.8596 1
5.75851 1
4.75067 1
11.3766 1
5.5782 1
4.52686 1
4.43437 1
6.7284 1
4.08786 1
3.48882 1
6.97225 1
-4.30063 1
6.12918 1
10.2453 1
5.36391 1
10.293 1
9.19282 1
3.70038 1
7.97075 1
7.00927 1
9.5006 1
6.93079 1
-0.263996 1
5.92205 1
5.61457 1
10.0416 1
6.26656 1
6.10497 1
4.18952 1
3.95283 1
5.79937 1
5.23862 1
12.0298 1
6.05448 1
10.5163 1
9.57473 1
11.7359 1
5.91571 1
11.7281 1
12.3222 1
3.26492 1
-2.25505 1
7.14715 1
5.41991 1
3.83704 1
1.50398 1
-0.727561 1
7.68634 1
8.67341 1
8.93095 1
4.85027 1
9.73702 1
2.59331 1
9.94524 1
6.80674 1
11.177 1
4.4625 1
4.89402 1
0.031943 1
-2.28736 1
4.94629 1
4.15645 1
5.23025 1
7.41197 1
5.24801 1
6.91601 1
4.67743 1
7.49392 1
6.4385 1
5.21247 1
1.47467 1
5.42386 1
5.25752 1
-2.45714 1
9.09477 1
9.90837 1
10.4483 1
5.7241 1
5.36081 1
2.82507 1
6.52535 1
6.53675 1
5.09189 1
5.3875 1
10.2 1
13.8445 1
13.2719 1
7.75626 1
5.70459 1
-1.28417 1
6.57834 1
8.67797 1
1.62368 1
0.795229 1
6.73016 1
6.04913 1
13.1524 1
4.50467 1
2.08932 1
4.35397 1
4.88347 1
2.14289 1
3.63 1
0.729488 1
6.21339 1
4.67395 1
9.98983 1
7.77174 1
1.79282 1
6.22311 1
9.54292 1
7.27396 1
3.8355 1
5.06777 1
7.03174 1
8.09368 1
5.5834 1
4.94715 1
4.34834 1
4.94073 1
6.29572 1
9.99027 1
3.00526 1
1.50494 1
4.58641 1
8.60437 1
5.47749 1
-3.34903 1
5.43888 1
3.14613 1
1.57155 1
5.11916 1
5.9944 1
11.5735 1
3.72974 1
10.7537 1
13.7972 1
5.51173 1
3.75533 1
4.04589 1
4.42071 1
10.6533 1
6.01588 1
3.56651 1
7.28526 1
-1.70253 1
8.17982 1
6.42376 1
7.02358 1
5.87411 1
7.11421 1
12.0487 1
3.51705 1
3.97153 1
1.69833 1
-2.36138 1
13.6625 1
5.40073 1
11.065 1
14.0726 1
5.3345 1
9.73916 1
-0.664929 1
6.1397 1
9.68295 1
3.93327 1
8.97045 1
4.13364 1
5.59696 1
6.44838 1
3.58703 1
7.48921 1
1.24909 1
-1.24246 1
3.2106 1
6.31973 1
7.7967 1
3.62299 1
3.26806 1
6.42543 1
2.58838 1
5.11605 1
5.18538 1
5.50289 1
5.80654 1
7.61134 1
3.09438 1
8.12739 1
14.5206 1
5.75628 1
9.54938 1
6.28756 1
1.81498 1
5.62271 1
9.18971 1
4.42562 1
11.0855 1
1.79333 1
7.15219 1
3.4856 1
13.2096 1
3.31378 1
6.00748 1
10.9364 1
1.20707 1
2.24465 1
3.96563 1
5.28615 1
14.6929 1
3.52789 1
6.88817 1
-2.44834 1
2.92664 1
14.8312 1
4.80944 1
4.35087 1
4.34356 1
9.87938 1
2.05751 1
6.35037 1
6.4553 1
7.56465 1
5.51815 1
2.81674 1
7.10591 1
2.8384 1
-0.0734858 1
4.75238 1
4.70533 1
6.88032 1
3.67077 1
5.27715 1
7.22768 1
4.32607 1
10.4827 1
5.68598 1
6.5816 1
2.16842 1
4.32349 1
9.31094 1
5.11161 1
2.22324 1
8.87881 1
3.50655 1
3.73833 1
8.471 1
4.91476 1
7.07032 1
4.89414 1
5.48682 1
6.1988 1
5.67981 1
-2.33079 1
14.1889 1
-0.989632 1
5.97624 1
3.11253 1
10.6713 1
3.59411 1
-0.357039 1
5.6446 1
6.41225 1
2.99178 1
5.93387 1
9.48644 1
3.85873 1
9.3801 1
5.13986 1
6.78321 1
4.34785 1
5.7946 1
10.7412 1
6.1246 1
3.71989 1
6.77953 1
3.01344 1
10.2373 1
7.8858 1
4.15391 1
4.80628 1
3.90878 1
1.37821 1
0.448698 1
2.2422 1
3.96788 1
6.57096 1
5.77233 1
2.73378 1
5.59367 1
4.19026 1
7.35228 1
8.06871 1
7.9157 1
13.2509 1
4.1277 1
9.57539 1
8.75229 1
2.96257 1
9.60519 1
9.04087 1
5.65282 1
-2.44224 1
6.04201 1
3.82455 1
5.33862 1
4.70741 1
6.54361 1
11.9889 1
4.04138 1
3.13632 1
6.76907 1
9.26902 1
5.9488 1
8.88627 1
8.97503 1
7.21555 1
7.45806 1
4.56961 1
2.40718 1
7.4058 1
3.05659 1
2.9752 1
4.05972 1
4.65923 1
6.14455 1
6.11401 1
6.09983 1
6.2374 1
4.12318 1
4.11379 1
4.04477 1
5.66212 1
-2.30418 1
2.83134 1
6.3802 1
6.41362 1
6.63941 1
5.48154 1
11.5515 1
5.42993 1
7.08787 1
9.20502 1
4.72531 1
6.9837 1
11.0619 1
1.97182 1
5.42206 1
2.76108 1
5.23951 1
7.13405 1
5.76077 1
5.98553 1
7.48384 1
3.73515 1
5.26823 1
5.27547 1
4.73136 1
4.44586 1
3.18313 1
4.87947 1
2.20996 1
1.70867 1
6.52228 1
3.96277 1
7.18792 1
4.85169 1
5.3309 1
1.6725 1
3.24367 1
-0.423539 1
4.1139 1
5.41413 1
10.0671 1
3.13356 1
-0.611176 1
5.00525 1
-1.66391 1
9.33018 1
4.63967 1
5.60605 1
0.63814 1
5.60006 1
6.36232 1
3.03882 1
14.5362 1
6.03097 1
10.733 1
4.79912 1
4.47111 1
1.53299 1
1.37507 1
4.14008 1
7.93592 1
3.56473 1
2.98092 1
5.02997 1
4.78413 1
2.78614 1
1.01056 1
3.17446 1
5.86592 1
5.28443 1
3.73057 1
8.90222 1
2.84587 1
5.06199 1
2.18194 1
4.53165 1
4.80323 1
8.53348 1
4.24057 1
4.40948 1
13.3174 1
6.20252 1
8.5638 1
5.58939 1
4.27687 1
9.83603 1
10.2138 1
-1.49069 1
9.6604 1
6.37456 1
8.65739 1
1.97321 1
3.75792 1
4.48237 1
1.95048 1
8.58656 1
0.0366023 1
13.2341 1
6.47917 1
8.48067 1
7.3874 1
10.0737 1
6.13065 1
4.6126 1
2.59632 1
5.98518 1
2.59373 1
8.60517 1
7.42946 1
5.52882 1
2.85697 1
5.51825 1
5.28717 1
5.74389 1
6.89242 1
2.72145 1
4.86582 1
2.86282 1
0.444844 1
13.7941 1
4.62417 1
6.67534 1
7.26688 1
6.51108 1
3.18242 1
-3.46275 1
5.94606 1
9.78293 1
6.10541 1
5.39233 1
3.87923 1
3.77517 1
12.0277 1
3.55544 1
7.96525 1
6.53097 1
7.35627 1
2.86197 1
-0.82487 1
8.89415 1
6.85962 1
6.50179 1
7.03322 1
12.2998 1
-1.99378 1
5.56788 1
5.16221 1
4.46869 1
3.07997 1
3.32162 1
2.53104 1
1.86005 1
10.6322 1
0.464657 1
3.63115 1
1.78528 1
4.92254 1
4.94284 1
7.49772 1
8.40009 1
3.30383 1
7.94007 1
4.55364 1
11.1088 1
13.018 1
4.75943 1
5.27006 1
4.99545 1
13.4378 1
3.07074 1
9.70388 1
2.4054 1
8.41115 1
2.56792 1
-1.10536 1
9.29037 1
-0.617953 1
3.30774 1
3.60059 1
4.11281 1
5.65846 1
9.56375 1
3.84791 1
3.30622 1
14.2852 1
7.10662 1
4.64757 1
11.7873 1
7.45085 1
0.56496 1
2.89149 1
8.84142 1
3.09605 1
7.62511 1
4.01445 1
3.84869 1
6.45482 1
4.87217 1
6.16533 1
5.2429 1
1.57472 1
2.44688 1
-1.80882 1
10.1354 1
5.56198 1
6.43844 1
4.94512 1
4.54645 1
1.84226 1
8.16725 1
10.2301 1
2.1865 1
3.5947 1
6.95246 1
3.48957 1
6.00011 1
4.52807 1
3.90615 1
5.74254 1
-1.3786 1
6.24578 1
7.2236 1
3.65821 1
4.39145 1
9.63853 1
6.54553 1
-0.26062 1
4.7982 1
-3.91224 1
5.8573 1
4.36409 1
6.39063 1
5.6856 1
3.6299 1
3.56707 1
3.4617 1
-2.56979 1
-1.43172 1
4.62557 1
6.28866 1
3.61944 1
5.67317 1
5.98578 1
9.3923 1
6.09643 1
2.68289 1
3.53173 1
1.93756 1
3.50112 1
4.73061 1
7.58354 1
0.143496 1
1.89104 1
2.72656 1
5.03248 1
7.14907 1
5.41984 1
3.88065 1
6.2073 1
5.61123 1
7.34438 1
10.5592 1
11.5426 1
-1.18139 1
-3.547 1
4.41075 1
4.40774 1
6.49188 1
10.061 1
0.932678 1
7.21961 1
6.23827 1
13.4215 1
5.1923 1
1.69782 1
5.25038 1
8.29227 1
-1.04706 1
4.07293 1
4.44564 1
5.23501 1
-0.836086 1
5.80639 1
10.3269 1
2.27601 1
5.31556 1
2.87724 1
6.43319 1
2.12316 1
2.53021 1
3.73744 1
5.33574 1
4.85872 1
-3.77822 1
4.54879 1
5.7842 1
-1.83818 1
6.21781 1
-0.188798 1
-1.8632 1
4.72776 1
11.2251 1
-1.52139 1
4.05477 1
3.65513 1
2.23163 1
4.47552 1
10.7255 1
6.60127 1
3.62458 1
7.68388 1
6.30811 1
8.4681 1
2.08398 1
4.59604 1
6.23961 1
12.3509 1
0.216325 1
7.28976 1
4.73022 1
5.19178 1
2.86141 1
6.79315 1
2.8968 1
3.17659 1
9.54771 1
4.93609 1
14.5458 1
4.33371 1
3.21836 1
7.72383 1
1.45411 1
3.86499 1
-1.04538 1
8.25092 1
3.65981 1
1.57775 1
4.79005 1
6.44275 1
5.26735 1
8.86637 1
-3.05689 1
1.68549 1
3.83409 1
1.63068 1
6.97266 1
7.12141 1
4.20551 1
5.31265 1
-1.03512 1
3.76178 1
10.814 1
2.91189 1
4.16681 1
2.6752 1
5.30916 1
2.00879 1
4.86916 1
5.07441 1
2.73122 1
5.46165 1
2.72706 1
2.73484 1
5.74661 1
2.2072 1
3.27933 1
4.74156 1
1.71055 1
-4.85608 1
5.79896 1
1.91594 1
3.45639 1
4.74196 1
-4.87168 1
-0.545533 1
4.00994 1
4.43291 1
5.52778 1
5.07595 1
5.99411 1
4.54465 1
7.13136 1
6.20602 1
1.69818 1
9.33167 1
2.53323 1
6.23325 1
13.2024 1
7.35097 1
6.47335 1
3.33307 1
1.63969 1
-3.67458 1
6.02235 1
3.78158 1
3.18794 1
6.95762 1
0.164626 1
1.85547 1
5.98994 1
2.5355 1
4.38776 1
4.9109 1
10.3244 1
5.47635 1
2.103 1
14.358 1
3.35729 1
5.45565 1
5.21523 1
1.80156 1
4.74658 1
6.64559 1
0.731202 1
4.00362 1
-0.389744 1
6.64057 1
3.87114 1
9.54182 1
5.88747 1
9.02721 1
3.99083 1
7.40236 1
3.30052 1
2.55877 1
4.97877 1
3.49663 1
4.22545 1
8.35562 1
4.81018 1
2.77183 1
-3.10625 1
-3.94485 1
11.5692 1
-0.343593 1
4.85181 1
3.30031 1
10.2615 1
5.90497 1
4.27136 1
1.23133 1
7.0825 1
4.08669 1
3.54962 1
2.97575 1
8.23496 1
4.96221 1
4.01429 1
4.17084 1
1.00027 1
6.93242 1
11.4566 1
1.54234 1
10.4694 1
8.58132 1
3.88836 1
4.54819 1
3.74148 1
5.45914 1
3.17542 1
7.21308 1
6.46382 1
-0.0433001 1
6.0308 1
5.63674 1
2.51139 1
2.44676 1
4.79344 1
6.7979 1
1.94501 1
2.4385 1
9.84169 1
2.01072 1
3.22956 1
5.84204 1
4.72984 1
7.51792 1
5.19517 1
2.81943 1
5.67079 1
3.89499 1
3.73831 1
6.86195 1
8.90293 1
5.80899 1
0.271626 1
3.64704 1
13.1823 1
6.47774 1
8.89951 1
2.58611 1
6.3909 1
4.73273 1
4.56353 1
3.96847 1
3.6448 1
4.84335 1
4.91836 1
5.25257 1
9.33377 1
1.29057 1
5.3422 1
6.79493 1
13.0978 1
-1.72725 1
13.3684 1
8.97991 1
-2.508 1
7.08305 1
6.31934 1
4.99801 1
4.93351 1
8.05812 1
9.06767 1
8.37431 1
2.13183 1
4.93551 1
7.06566 1
4.97264 1
3.07083 1
11.7914 1
8.33686 1
2.34512 1
4.24754 1
2.20294 1
3.28923 1
13.2379 1
5.46338 1
4.68825 1
4.62647 1
2.44911 1
5.54735 1
5.204 1
5.21919 1
2.73593 1
5.68493 1
7.41448 1
9.03645 1
9.0146 1
5.60437 1
7.10603 1
-0.0837661 1
0.037771 1
7.1215 1
5.82309 1
5.56879 1
4.0934 1
4.76649 1
1.64068 1
3.47322 1
3.99794 1
10.3995 1
3.85973 1
3.32036 1
7.10633 1
8.08069 1
4.70391 1
6.24125 1
1.08599 1
3.34675 1
-1.70196 1
9.94072 1
4.0134 1
-0.945788 1
4.00017 1
7.81727 1
8.4822 1
5.08593 1
3.70512 1
2.76329 1
4.06175 1
4.39716 1
1.92979 1
2.19167 1
10.958 1
-0.982153 1
1.86795 1
-1.28627 1
6.17274 1
8.49047 1
4.51489 1
6.24314 1
-2.61057 1
5.66157 1
5.96282 1
4.29502 1
3.06931 1
7.27635 1
-1.4812 1
4.24747 1
2.89842 1
3.14182 1
4.04384 1
1.10054 1
-2.17965 1
1.75328 1
2.04412 1
6.28605 1
12.684 1
6.45779 1
-0.569952 1
0.231886 1
3.01327 1
2.83698 1
2.94118 1
7.40028 1
8.3157 1
4.6882 1
3.12103 1
1.95922 1
6.63249 1
3.55168 1
5.79251 1
2.9199 1
7.3172 1
-2.63002 1
5.40369 1
3.37101 1
4.68202 1
10.1749 1
0.792488 1
-1.02002 1
6.97113 1
8.15947 1
6.03945 1
6.15396 1
5.45026 1
6.86276 1
5.56932 1
4.28031 1
9.38361 1
14.4038 1
4.68767 1
5.61827 1
6.91654 1
3.15427 1
4.89141 1
4.91319 1
5.58375 1
0.792994 1
9.5124 1
5.54658 1
13.3505 1
4.29157 1
3.18396 1
10.9923 1
6.73338 1
3.14246 1
1.7327 1
10.0361 1
4.24713 1
6.84387 1
-2.61366 1
6.87994 1
6.54801 1
5.06294 1
2.81471 1
6.92795 1
5.00943 1
5.93115 1
6.17796 1
8.99167 1
4.14772 1
4.42246 1
2.83895 1
4.19824 1
3.86599 1
6.85209 1
10.0228 1
7.98624 1
6.12322 1
8.89072 1
5.61561 1
2.6649 1
-3.84953 1
5.48378 1
3.79038 1
7.89027 1
6.50364 1
8.49185 1
4.7119 1
6.3126 1
0.726476 1
7.00341 1
6.29621 1
6.98002 1
5.19721 1
7.23274 1
0.19034 1
3.85291 1
7.11852 1
1.62259 1
6.05585 1
-0.115824 1
4.74819 1
2.11092 1
2.69038 1
4.11803 1
2.43381 1
4.50222 1
7.74455 1
5.53668 1
9.51498 1
2.19485 1
4.54097 1
8.06959 1
2.9777 1
5.76103 1
6.66554 1
6.34933 1
11.7308 1
10.2698 1
5.84417 1
7.91203 1
7.96373 1
3.75679 1
2.99001 1
8.66832 1
9.23263 1
6.66843 1
12.5845 1
-4.7587 1
4.95801 1
1.92631 1
-2.3347 1
9.27298 1
1.87003 1
7.3118 1
6.20213 1
5.7156 1
10.4322 1
3.69507 1
-2.46016 1
6.88088 1
2.91715 1
4.81069 1
0.470795 1
6.14053 1
2.17115 1
6.61994 1
-2.89263 1
9.15221 1
6.34266 1
-0.420085 1
7.30314 1
2.00744 1
5.83582 1
9.87093 1
6.98667 1
0.350701 1
10.5119 1
3.96587 1
6.27434 1
4.70837 1
-3.39724 1
6.19939 1
-2.76796 1
5.92829 1
-0.550886 1
5.74667 1
4.71622 1
-1.38865 1
5.82792 1
1.46125 1
4.8891 1
4.1328 1
5.17034 1
0.358622 1
0.694335 1
4.5998 1
7.12407 1
-1.76194 1
7.94697 1
9.52674 1
3.44824 1
5.67496 1
-1.79072 1
4.98003 1
-0.00988232 1
-0.303919 1
3.24221 1
10.2356 1
5.48247 1
8.45749 1
5.95342 1
9.93764 1
-3.73023 1
4.68848 1
6.17714 1
-1.20854 1
7.51106 1
9.29671 1
5.42274 1
7.80867 1
6.49518 1
7.02652 1
4.04404 1
2.99585 1
-3.40778 1
0.446928 1
4.52554 1
9.8275 1
10.8693 1
7.31528 1
4.87172 1
2.58382 1
11.0729 1
8.07762 1
4.54182 1
5.3528 1
5.44728 1
4.97871 1
5.79878 1
3.19508 1
6.33196 1
6.60403 1
5.56346 1
12.5825 1
4.18775 1
4.67325 1
7.56852 1
1.5583 1
3.34563 1
6.9535 1
4.25739 1
5.20706 1
9.41955 1
6.32113 1
7.44105 1
3.92071 1
13.4991 1
4.71196 1
4.59572 1
7.47394 1
-0.577487 1
6.26522 1
8.90897 1
4.82155 1
4.25105 1
5.89455 1
1.1953 1
1.87786 1
8.80992 1
8.74485 1
4.96252 1
4.48201 1
6.2903 1
5.46844 1
1.21193 1
2.90733 1
-3.34555 1
4.8987 1
-1.67867 1
2.7335 1
5.62841 1
5.11807 1
-2.86741 1
9.31904 1
5.49691 1
0.200403 1
12.7603 1
9.03037 1
1.40096 1
7.00839 1
5.02478 1
6.5958 1
5.94422 1
4.5667 1
6.42674 1
-3.52919 1
-0.849909 1
4.78142 1
3.079 1
5.88329 1
8.07198 1
1.34726 1
7.25135 1
4.67396 1
4.23199 1
11.3963 1
5.02125 1
12.3346 1
4.83477 1
5.46723 1
6.48652 1
6.33209 1
1.88012 1
6.76332 1
1.57475 1
5.50125 1
1.89604 1
5.61618 1
4.66444 1
-0.147727 1
3.28726 1
2.13253 1
4.61189 1
4.95312 1
13.2322 1
9.00876 1
12.4849 1
6.03468 1
4.22287 1
11.6859 1
2.8309 1
4.06717 1
-1.44526 1
3.32667 1
-0.744348 1
3.38386 1
3.60037 1
5.4471 1
3.094 1
13.899 1
3.18098 1
5.50483 1
-1.41142 1
4.10275 1
8.46961 1
2.47487 1
-1.41849 1
3.28249 1
7.32121 1
4.95595 1
8.23884 1
4.84162 1
4.19685 1
2.13657 1
-1.40442 1
6.33701 1
5.44396 1
4.95157 1
7.8749 1
5.22585 1
2.2411 1
5.92883 1
3.19081 1
4.86933 1
12.4856 1
5.25558 1
2.87844 1
6.99418 1
6.33526 1
3.52426 1
6.17732 1
7.55236 1
5.35992 1
6.79808 1
4.88559 1
4.53032 1
6.88216 1
5.1365 1
4.07873 1
9.90673 1
7.82233 1
0.79119 1
6.35916 1
4.07966 1
0.354692 1
8.04081 1
2.16123 1
4.56444 1
1.62735 1
5.74612 1
4.0357 1
3.93153 1
10.8134 1
-2.28125 1
5.68555 1
9.32483 1
4.24447 1
3.73922 1
6.17973 1
3.87079 1
0.0940153 1
8.27482 1
7.90136 1
3.60121 1
4.59442 1
-3.91755 1
7.05177 1
2.13038 1
-1.86291 1
5.02605 1
9.1748 1
4.0752 1
-2.43626 1
6.74263 1
1.00185 1
4.55084 1
6.06597 1
6.50788 1
5.23447 1
4.80795 1
2.46317 1
5.32881 1
5.68391 1
6.49249 1
1.7033 1
4.81247 1
5.40217 1
-0.546619 1
7.15765 1
0.611875 1
5.04446 1
1.86281 1
13.2615 1
1.75298 1
6.28925 1
6.57973 1
4.50124 1
3.74592 1
3.17292 1
6.07225 1
2.23202 1
-4.75862 1
3.86528 1
-4.46296 1
6.1034 1
4.5158 1
7.87679 1
-1.17237 1
11.5846 1
5.98377 1
5.20451 1
8.02019 1
3.7162 1
4.85786 1
1.40422 1
2.84517 1
7.77962 1
7.33058 1
5.78935 1
9.23707 1
4.5137 1
-1.00818 1
3.42381 1
5.66174 1
4.85562 1
3.97163 1
12.3848 1
3.09768 1
-1.38803 1
4.03849 1
5.51102 1
5.14255 1
8.169 1
5.78051 1
9.89434 1
9.46172 1
5.50405 1
13.6702 1
2.66106 1
10.2997 1
6.03288 1
8.48408 1
5.57258 1
7.27901 1
7.24322 1
-2.95289 1
8.40901 1
4.51922 1
6.57961 1
7.02965 1
11.6255 1
4.59939 1
9.20657 1
12.5961 1
10.2062 1
3.49068 1
5.40382 1
12.9192 1
6.7176 1
8.72686 1
1.5168 1
4.05536 1
5.09063 1
4.80546 1
6.28635 1
7.84261 1
2.01604 1
0.507909 1
6.96735 1
4.10341 1
4.81866 1
13.6293 1
3.92499 1
3.8804 1
5.71802 1
0.334167 1
5.48318 1
3.7564 1
1.55148 1
6.89847 1
9.83986 1
4.14545 1
5.45296 1
2.98353 1
12.1025 1
5.03005 1
4.88551 1
0.416432 1
6.43341 1
4.92195 1
0.47555 1
7.22916 1
1.79847 1
-1.13766 1
9.78957 1
4.83749 1
3.52413 1
3.02077 1
4.94016 1
3.70597 1
5.55593 1
0.450545 1
-1.24312 1
7.19048 1
6.34395 1
7.13724 1
6.36122 1
3.9787 1
5.45408 1
4.6822 1
4.76611 1
-2.2108 1
5.22909 1
1.19436 1
-4.18712 1
0.855385 1
6.62246 1
7.10529 1
3.04308 1
3.21186 1
3.05938 1
9.40817 1
3.02608 1
7.58139 1
7.86777 1
3.07269 1
3.31421 1
-1.154 1
3.81739 1
4.15749 1
5.61105 1
2.88177 1
11.8669 1
1.64235 1
13.0568 1
2.17291 1
6.03231 1
4.2804 1
2.95914 1
3.10277 1
4.94427 1
3.6989 1
7.2151 1
10.6698 1
4.13072 1
-1.25611 1
6.87354 1
2.00284 1
2.4147 1
4.91542 1
2.41283 1
5.98468 1
4.16864 1
6.90221 1
4.45706 1
0.151217 1
7.45607 1
7.44445 1
8.16359 1
5.5824 1
3.42876 1
7.55495 1
7.36708 1
8.40679 1
2.50563 1
-1.76065 1
2.69485 1
12.9918 1
-4.69133 1
2.27641 1
8.82958 1
2.97613 1
8.84969 1
12.5953 1
5.02735 1
-1.61421 1
3.39349 1
2.98099 1
-3.77055 1
7.99336 1
7.24054 1
8.38809 1
2.35684 1
2.94151 1
6.6943 1
6.26486 1
5.38815 1
5.31942 1
0.434542 1
8.89906 1
12.101 1
5.07204 1
2.52881 1
6.12543 1
-0.466331 1
5.42953 1
6.97223 1
-3.2941 1
4.28787 1
6.54745 1
6.0391 1
11.2385 1
3.24891 1
3.85309 1
5.5544 1
5.48514 1
-0.0922553 1
5.01422 1
9.66859 1
7.45237 1
5.07924 1
6.93604 1
4.6882 1
10.2032 1
6.95255 1
6.52413 1
10.9075 1
2.59165 1
3.50693 1
5.35796 1
4.71162 1
6.65325 1
6.5224 1
4.54576 1
5.49568 1
4.3113 1
7.09614 1
1.04887 1
10.2624 1
6.9759 1
5.17613 1
3.90598 1
11.1315 1
-0.174985 1
6.21856 1
-4.81567 1
2.2324 1
5.81848 1
4.50344 1
4.83798 1
4.79157 1
11.8814 1
9.50962 1
7.3586 1
6.33775 1
5.06993 1
7.15767 1
5.82404 1
-1.78864 1
5.20881 1
8.60806 1
4.49272 1
4.0457 1
9.27199 1
4.70064 1
6.67032 1
5.49311 1
2.21364 1
4.51364 1
8.80002 1
5.63476 1
4.71965 1
7.56573 1
4.53134 1
-1.0626 1
8.2269 1
9.69906 1
6.54219 1
-3.86095 1
2.80128 1
6.12554 1
7.73422 1
5.32942 1
10.2379 1
7.11042 1
7.78625 1
3.16497 1
2.616 1
5.51733 1
-3.98359 1
1.83092 1
7.91859 1
-2.82281 1
5.57751 1
-0.492477 1
4.72651 1
12.1937 1
4.65505 1
11.8943 1
5.6927 1
2.02883 1
6.92466 1
7.42653 1
5.05426 1
11.3845 1
4.24899 1
10.3255 1
5.61437 1
6.55596 1
10.9491 1
11.6183 1
4.02207 1
10.2995 1
3.29805 1
1.26863 1
2.59639 1
13.3073 1
5.95711 1
8.45446 1
5.0418 1
1.26213 1
-2.64115 1
9.76649 1
8.32233 1
5.91706 1
11.3975 1
7.97442 1
6.18941 1
-0.783694 1
6.88313 1
0.500689 1
2.58726 1
7.01027 1
3.1904 1
-1.97752 1
7.39177 1
10.1214 1
3.90043 1
8.89626 1
5.13911 1
2.42521 1
9.83371 1
6.50862 1
-0.914121 1
2.01162 1
4.14694 1
-1.84852 1
6.74777 1
0.811612 1
9.64692 1
2.87947 1
-1.51451 1
6.90343 1
5.89783 1
5.23005 1
7.46875 1
2.90315 1
8.2437 1
5.65453 1
4.05886 1
5.07919 1
6.90942 1
0.391565 1
0.88822 1
3.59497 1
2.32748 1
2.94078 1
3.17121 1
7.96713 1
3.11039 1
6.76964 1
4.15131 1
6.58416 1
5.51452 1
1.2062 1
10.452 1
0.670318 1
8.07265 1
8.945 1
2.79758 1
3.83023 1
-4.60565 1
3.46486 1
6.48785 1
6.11182 1
9.30409 1
3.81051 1
4.62996 1
9.20658 1
7.22516 1
5.92717 1
1.49153 1
6.91048 1
7.5774 1
6.27252 1
5.12582 1
1.37651 1
5.39367 1
8.53745 1
7.40711 1
1.45699 1
1.99334 1
4.10737 1
7.23369 1
2.94079 1
8.0638 1
2.10189 1
4.22683 1
9.89208 1
5.59458 1
4.48689 1
0.064057 1
4.94465 1
-4.84261 1
5.9386 1
5.5732 1
3.30448 1
4.93691 1
10.0693 1
2.37174 1
5.11381 1
3.84793 1
7.49949 1
5.98571 1
2.00726 1
0.975895 1
-0.668315 1
8.16537 1
0.268533 1
3.22704 1
8.94205 1
4.78674 1
5.73916 1
5.69526 1
-3.60466 1
5.98349 1
4.65907 1
4.37494 1
4.80739 1
3.82347 1
0.313173 1
12.9422 1
6.43595 1
8.32547 1
6.02997 1
4.10306 1
4.84524 1
7.48861 1
-1.82838 1
12.8156 1
0.86742 1
4.48782 1
10.5521 1
1.81177 1
5.09015 1
6.12961 1
5.92639 1
2.42661 1
4.44236 1
5.01713 1
2.98311 1
-0.314842 1
1.0963 1
7.89963 1
4.24069 1
-0.581975 1
7.66189 1
6.43409 1
-2.89089 1
9.71298 1
2.61297 1
2.34078 1
1.64376 1
6.17206 1
5.32132 1
4.47619 1
6.0159 1
6.32284 1
3.18118 1
8.18287 1
3.85643 1
5.34746 1
3.59176 1
4.80121 1
5.09146 1
6.67374 1
-2.01362 1
1.81426 1
6.34036 1
2.28255 1
6.80477 1
5.29863 1
3.31687 1
12.8489 1
8.20627 1
6.78578 1
4.76782 1
11.9687 1
4.16505 1
4.60482 1
4.60997 1
4.12454 1
5.04118 1
1.72422 1
5.99921 1
12.9559 1
5.05908 1
7.86786 1
6.21388 1
5.91718 1
3.05326 1
9.83985 1
6.59437 1
5.75417 1
5.72482 1
6.41215 1
5.11578 1
6.55374 1
4.73726 1
4.2646 1
0.889025 1
2.43704 1
1.39786 1
-1.56187 1
0.380562 1
7.77655 1
3.16521 1
5.69937 1
8.46553 1
1.75933 1
5.10733 1
2.48607 1
6.58507 1
6.92319 1
3.08988 1
5.79597 1
3.68527 1
-0.239927 1
4.62254 1
0.381024 1
8.37371 1
-3.81365 1
4.23212 1
5.2079 1
4.15237 1
5.16272 1
-3.79205 1
0.0997541 1
3.65835 1
11.6677 1
-3.33752 1
6.77742 1
4.11202 1
-1.24006 1
5.77523 1
4.56878 1
6.77351 1
3.93878 1
5.2637 1
-0.531693 1
4.42642 1
3.47232 1
5.34383 1
6.11307 1
7.49905 1
2.3789 1
3.40046 1
10.9731 1
4.12305 1
4.17168 1
5.14838 1
5.68435 1
12.3937 1
2.7476 1
3.15431 1
14.13 1
11.046 1
5.08965 1
6.16288 1
3.5629 1
7.41053 1
4.45147 1
8.97362 1
0.893176 1
4.28165 1
2.71016 1
3.45566 1
10.7187 1
3.94972 1
7.14174 1
4.28873 1
4.04959 1
4.1881 1
9.75658 1
11.2162 1
2.06942 1
8.10055 1
4.99182 1
6.34772 1
4.27438 1
3.70018 1
-3.95218 1
4.23468 1
4.71827 1
5.16765 1
4.66811 1
8.10776 1
2.35861 1
4.3913 1
7.78827 1
5.53629 1
4.55783 1
6.45018 1
2.3972 1
3.0875 1
5.66574 1
10.0467 1
9.82458 1
6.01317 1
6.64921 1
4.92381 1
4.23315 1
6.57362 1
3.59397 1
4.83023 1
4.16111 1
-0.687694 1
6.93706 1
6.01015 1
12.5937 1
6.29841 1
-0.413954 1
6.64318 1
5.01933 1
4.78026 1
3.09337 1
2.93375 1
3.96545 1
4.20178 1
6.27059 1
7.71324 1
5.79595 1
6.6733 1
0.01603 1
4.83188 1
10.7765 1
4.99397 1
7.54615 1
5.82003 1
5.56478 1
7.184 1
2.13737 1
10.2956 1
4.54179 1
4.72228 1
8.89575 1
3.42026 1
4.67105 1
3.11238 1
3.78414 1
7.08878 1
4.73793 1
3.50076 1
6.33833 1
-1.779 1
6.75039 1
4.30179 1
6.17836 1
9.37454 1
6.76565 1
5.69267 1
5.92462 1
7.62549 1
2.23284 1
6.0151 1
3.26911 1
2.96776 1
1.92395 1
5.98327 1
2.41004 1
4.01712 1
1.05604 1
4.67862 1
7.79355 1
5.36426 1
8.22598 1
5.93843 1
5.90765 1
3.58123 1
6.63831 1
4.72835 1
-1.36522 1
7.73398 1
6.30756 1
7.63269 1
7.80853 1
8.81083 1
5.15946 1
6.03137 1
2.76507 1
3.92762 1
5.08096 1
3.47211 1
-2.1745 1
3.60771 1
6.594 1
6.68558 1
5.48067 1
4.45362 1
5.34582 1
3.90699 1
9.16197 1
-1.50388 1
4.96675 1
4.49257 1
7.44792 1
-0.527008 1
7.57753 1
7.30392 1
4.49432 1
5.78077 1
8.99684 1
2.14908 1
7.26893 1
9.10378 1
4.11734 1
4.49219 1
0.250161 1
4.48286 1
3.86832 1
7.80136 1
4.43889 1
10.2943 1
4.64145 1
4.68844 1
-0.810814 1
6.41812 1
3.1721 1
5.29358 1
9.84817 1
6.72384 1
4.32231 1
4.88574 1
7.02317 1
6.78213 1
10.8741 1
1.21551 1
-3.30468 1
0.185986 1
4.52198 1
1.89391 1
1.91589 1
3.85486 1
3.78235 1
0.456678 1
7.05037 1
11.862 1
-3.11454 1
-1.76129 1
2.59551 1
6.95687 1
1.92092 1
3.93505 1
2.17656 1
3.69773 1
-1.446 1
-1.45906 1
4.20229 1
9.49652 1
2.48505 1
5.11587 1
5.66033 1
0.847064 1
7.33102 1
5.35634 1
5.76374 1
9.86315 1
9.62667 1
3.3125 1
7.83359 1
4.1149 1
8.71554 1
1.76489 1
2.04018 1
-1.13274 1
6.24712 1
5.84958 1
7.97802 1
4.90577 1
6.03266 1
3.06445 1
9.47764 1
2.8793 1
8.71969 1
8.30321 1
3.90803 1
5.63579 1
8.12286 1
6.42128 1
-0.866966 1
-0.485232 1
5.67898 1
3.6174 1
7.57984 1
5.03608 1
6.12635 1
-3.14332 1
3.96063 1
7.05871 1
2.95124 1
-1.11088 1
7.68651 1
5.95398 1
6.25118 1
6.18576 1
5.61611 1
6.2037 1
5.28053 1
9.60788 1
3.49045 1
8.84406 1
5.47927 1
5.7471 1
0.769804 1
7.09632 1
3.92567 1
5.42374 1
6.6078 1
1.92342 1
1.62349 1
5.72717 1
5.85198 1
6.16542 1
6.18452 1
6.96562 1
6.26632 1
12.2525 1
0.365435 1
5.4534 1
0.953591 1
7.30204 1
4.89964 1
6.86457 1
6.14241 1
3.65939 1
3.58686 1
6.52953 1
8.1101 1
11.2448 1
4.95218 1
9.05281 1
-2.78587 1
4.17291 1
8.38662 1
12.9069 1
3.17786 1
-0.485256 1
9.2359 1
6.48435 1
6.5817 1
6.90511 1
-2.21659 1
3.78739 1
5.75761 1
11.1982 1
5.63889 1
1.16209 1
7.59317 1
3.46915 1
9.16295 1
6.41323 1
2.4976 1
2.57649 1
4.18524 1
5.70421 1
4.3694 1
6.2082 1
6.30652 1
4.58988 1
10.2252 1
11.497 1
-0.180549 1
1.10272 1
10.0922 1
6.02617 1
4.20884 1
3.67218 1
-1.2095 1
10.1262 1
7.10356 1
5.64831 1
4.84969 1
6.3054 1
3.5253 1
-3.15337 1
4.38029 1
9.01086 1
5.3071 1
3.38614 1
7.46159 1
5.09736 1
5.78421 1
8.1894 1
8.02524 1
5.76089 1
6.92271 1
7.21221 1
2.38948 1
1.99472 1
5.26911 1
1.78128 1
8.24698 1
7.22117 1
4.86865 1
14.272 1
-0.0495366 1
2.4496 1
11.1585 1
7.77172 1
6.42271 1
1.99883 1
-1.1225 1
6.76366 1
6.40156 1
1.59256 1
6.09638 1
3.1547 1
9.1585 1
-3.82868 1
5.05477 1
4.90132 1
9.10054 1
3.04564 1
4.52436 1
-1.59574 1
-0.116634 1
5.50639 1
3.67952 1
3.31012 1
6.11352 1
6.68175 1
13.7987 1
3.04631 1
9.03503 1
4.42877 1
10.3916 1
4.71382 1
9.11381 1
3.07898 1
2.35972 1
5.61151 1
2.83648 1
6.23112 1
6.66465 1
1.60587 1
8.37753 1
9.48104 1
5.05281 1
7.03433 1
14.6579 1
3.60426 1
2.93114 1
3.33105 1
6.97582 1
5.41004 1
3.57919 1
4.13178 1
3.76427 1
6.97232 1
-2.57435 1
6.23951 1
7.25546 1
4.72896 1
6.14034 1
7.09539 1
5.59528 1
11.3727 1
8.62038 1
4.83093 1
6.88532 1
14.5393 1
2.39811 1
8.79295 1
12.8126 1
13.4112 1
3.84366 1
5.40603 1
3.80694 1
5.06845 1
8.00428 1
3.48623 1
8.46949 1
3.62369 1
4.25266 1
4.89669 1
5.59259 1
3.31544 1
6.96416 1
-2.2348 1
6.6329 1
6.31148 1
6.66335 1
6.3953 1
1.4953 1
6.04967 1
4.79339 1
5.74992 1
2.72449 1
2.55811 1
5.49719 1
6.8796 1
5.01723 1
5.9117 1
5.50134 1
6.09177 1
13.733 1
6.008 1
8.15575 1
10.974 1
5.8353 1
5.8583 1
5.44458 1
6.24412 1
3.07729 1
-0.392741 1
0.182244 1
4.79908 1
0.365654 1
1.1222 1
10.0041 1
7.91961 1
5.74717 1
0.341022 1
4.7512 1
8.28417 1
6.59127 1
6.66791 1
9.97739 1
1.31864 1
6.99243 1
3.34314 1
0.553941 1
5.42206 1
9.06655 1
7.5307 1
0.100565 1
2.7746 1
-0.808827 1
5.00977 1
2.83839 1
7.16668 1
2.33368 1
2.52573 1
5.9974 1
14.1534 1
4.5492 1
2.05368 1
3.04574 1
6.8898 1
5.11085 1
5.13498 1
6.63533 1
5.93106 1
2.36645 1
-3.02047 1
9.72792 1
7.28887 1
6.68544 1
9.71371 1
6.56651 1
10.9766 1
5.25523 1
-4.72359 1
7.73764 1
8.57865 1
5.10425 1
10.6454 1
3.65256 1
7.51739 1
-0.471958 1
2.23303 1
14.1409 1
-1.49687 1
3.96564 1
3.88375 1
5.20958 1
3.41282 1
5.28142 1
4.97004 1
5.9175 1
5.46195 1
8.03507 1
4.26624 1
5.94188 1
3.44811 1
6.23266 1
2.38626 1
5.1088 1
-3.21308 1
0.732892 1
3.76014 1
7.07021 1
6.83179 1
5.03825 1
2.0825 1
5.73406 1
6.69233 1
3.87381 1
0.807272 1
4.16468 1
5.71425 1
6.56703 1
5.25223 1
2.05315 1
7.25402 1
5.82441 1
4.49255 1
3.06162 1
4.03818 1
5.70817 1
4.45684 1
-1.00287 1
6.32926 1
4.45019 1
7.53368 1
3.32091 1
10.4855 1
5.08799 1
3.96567 1
3.54384 1
2.87809 1
1.93877 1
8.89835 1
12.3842 1
9.02196 1
-1.53615 1
-2.17649 1
3.7092 1
6.90001 1
2.20327 1
4.75121 1
1.97165 1
6.1904 1
8.81496 1
1.17146 1
4.52997 1
4.51902 1
5.81239 1
5.76357 1
3.20836 1
1.67652 1
5.86924 1
5.49395 1
4.20645 1
1.52719 1
4.53749 1
4.69079 1
5.64999 1
4.54433 1
1.65875 1
2.82839 1
3.36376 1
5.3757 1
8.8355 1
6.78813 1
6.03169 1
8.0252 1
4.78671 1
7.52974 1
4.76241 1
1.52717 1
6.3638 1
6.23515 1
6.65869 1
-0.711536 1
-0.97438 1
4.10139 1
3.65412 1
4.88152 1
6.53272 1
6.98208 1
6.8024 1
4.88057 1
-0.014993 1
7.30046 1
8.34201 1
-1.39418 1
5.79842 1
5.05196 1
-0.40034 1
1.31593 1
7.53057 1
6.43356 1
6.84071 1
4.68274 1
9.87445 1
7.26372 1
8.37933 1
4.85142 1
5.79665 1
4.67008 1
5.58053 1
2.03972 1
6.55959 1
4.7902 1
2.88428 1
5.42991 1
2.79193 1
9.61531 1
3.59435 1
8.02633 1
10.0659 1
5.32887 1
4.75598 1
-2.19446 1
6.3069 1
5.15299 1
9.37696 1
3.77669 1
6.19537 1
0.628658 1
5.53051 1
4.60043 1
3.48102 1
5.98113 1
7.14387 1
1.19745 1
4.91369 1
3.40108 1
6.1234 1
3.96453 1
4.00768 1
3.99627 1
6.00201 1
-0.903017 1
5.45453 1
5.58795 1
5.29867 1
4.76162 1
-3.64252 1
7.03339 1
5.70933 1
5.80764 1
5.60127 1
1.97887 1
4.68685 1
3.47655 1
-0.25641 1
4.46687 1
6.96762 1
3.73734 1
7.60161 1
4.49736 1
2.73653 1
5.58514 1
9.45371 1
5.99208 1
5.17335 1
2.49841 1
-0.647589 1
4.13311 1
4.58503 1
1.56093 1
4.52462 1
4.26031 1
0.874361 1
2.92954 1
9.54054 1
6.02055 1
3.81445 1
5.02063 1
2.40143 1
1.88579 1
12.0592 1
3.21065 1
4.92546 1
3.94617 1
0.859223 1
4.28409 1
6.95743 1
-2.06942 1
8.17247 1
5.80757 1
13.6486 1
6.4063 1
9.81144 1
2.45996 1
6.53078 1
-1.64288 1
1.8156 1
4.54315 1
6.46064 1
-0.00711281 1
7.82687 1
7.9128 1
4.96678 1
5.88035 1
3.10853 1
4.09733 1
8.83566 1
3.21266 1
6.3229 1
12.6885 1
2.71137 1
3.99309 1
4.16199 1
3.16083 1
9.92725 1
3.36954 1
-1.49775 1
7.20061 1
3.84369 1
4.07556 1
0.895814 1
-3.20105 1
9.27327 1
5.00539 1
2.03619 1
4.74103 1
-1.70248 1
9.04204 1
8.65591 1
8.70959 1
7.54886 1
5.85518 1
5.71581 1
9.96876 1
5.27924 1
9.89767 1
7.6356 1
4.56753 1
9.5112 1
4.82305 1
-1.25586 1
11.9896 1
5.44826 1
1.78083 1
12.3601 1
5.16238 1
5.34427 1
4.35349 1
10.6028 1
3.1989 1
7.78325 1
7.87344 1
4.69555 1
1.96912 1
8.20587 1
1.91433 1
10.8679 1
1.18373 1
10.6943 1
-0.107642 1
6.17698 1
10.8876 1
13.3061 1
1.98237 1
8.04898 1
10.3114 1
5.55202 1
11.6794 1
4.47435 1
3.95216 1
8.1477 1
6.92523 1
6.00249 1
2.99759 1
14.4422 1
9.28663 1
4.37272 1
4.13199 1
2.87254 1
2.85503 1
5.25695 1
4.81431 1
4.76839 1
0.577392 1
7.26027 1
4.0282 1
7.03023 1
7.59926 1
9.89791 1
1.69223 1
3.35954 1
0.0770777 1
1.42777 1
11.7394 1
-1.68461 1
8.48839 1
4.47016 1
10.1927 1
9.52643 1
4.48516 1
1.22704 1
4.00827 1
2.27467 1
7.05752 1
5.17639 1
3.73793 1
-3.6077 1
4.60551 1
7.04938 1
6.80423 1
7.69136 1
9.2642 1
5.23004 1
0.552283 1
4.304 1
4.75298 1
1.57484 1
4.60774 1
2.60362 1
3.39333 1
6.45918 1
-0.119182 1
2.85042 1
4.96633 1
5.08635 1
3.52086 1
8.02155 1
11.103 1
2.3761 1
12.6678 1
6.37813 1
4.25266 1
5.11113 1
4.50852 1
4.52756 1
11.2849 1
8.82163 1
-0.60888 1
7.6826 1
7.11564 1
4.18049 1
6.52072 1
9.24178 1
3.95193 1
2.35297 1
2.9829 1
6.54789 1
6.12203 1
4.78487 1
-1.86754 1
3.59426 1
1.51666 1
9.09344 1
5.67174 1
3.95551 1
1.32154 1
7.46199 1
11.9047 1
3.31383 1
7.52426 1
4.64799 1
4.34677 1
9.34579 1
11.81 1
3.99413 1
6.47859 1
1.79549 1
3.42571 1
5.86883 1
5.83123 1
3.94185 1
3.67393 1
10.5469 1
5.35852 1
9.80464 1
7.15273 1
4.24376 1
1.16091 1
6.21656 1
-0.212048 1
1.72364 1
5.79269 1
5.25859 1
3.46907 1
3.10486 1
1.6858 1
-4.46669 1
3.29239 1
1.83248 1
9.09383 1
4.33878 1
9.73555 1
6.32283 1
3.90562 1
-4.01109 1
-4.65243 1
7.70031 1
5.29986 1
-1.43558 1
2.74179 1
14.4104 1
4.60432 1
3.82396 1
6.58238 1
5.99 1
7.52293 1
12.5222 1
13.0001 1
7.78109 1
4.79379 1
5.36389 1
4.41902 1
9.94809 1
-4.20055 1
12.4433 1
3.07435 1
12.4397 1
4.90393 1
7.27024 1
6.17986 1
0.975394 1
4.18285 1
0.165998 1
4.93372 1
3.76713 1
5.03461 1
6.28863 1
4.28144 1
8.01064 1
-1.18218 1
7.07765 1
1.67913 1
4.76397 1
4.7715 1
1.91426 1
2.38058 1
6.92087 1
7.1759 1
7.11987 1
1.80139 1
5.67375 1
4.06418 1
5.52087 1
12.4856 1
4.17302 1
6.85462 1
6.69593 1
-0.848266 1
5.30167 1
4.83813 1
3.03452 1
7.13333 1
4.26295 1
10.5886 1
4.8563 1
4.59849 1
4.3811 1
5.07378 1
2.53713 1
5.37675 1
1.78039 1
2.42284 1
7.18227 1
3.40645 1
5.04957 1
8.83448 1
3.31263 1
-1.14089 1
-0.991448 1
1.67481 1
-0.717192 1
0.591373 1
3.97274 1
2.6474 1
7.07722 1
2.45356 1
5.6002 1
7.82473 1
-0.430226 1
6.46596 1
8.18105 1
4.53422 1
7.05324 1
1.22986 1
9.92348 1
5.87499 1
10.2446 1
13.1422 1
6.89269 1
14.2403 1
8.54531 1
5.62382 1
3.08031 1
4.52298 1
6.91385 1
0.566063 1
3.61769 1
4.37237 1
-4.22814 1
3.17945 1
9.25889 1
10.9267 1
8.39351 1
5.37895 1
3.54953 1
8.25496 1
2.95552 1
9.06021 1
7.09094 1
3.20738 1
4.67537 1
8.10314 1
6.25304 1
11.3494 1
3.43749 1
12.5529 1
3.84114 1
9.40671 1
2.51547 1
10.8438 1
7.63225 1
12.632 1
-1.34474 1
2.33041 1
2.05006 1
4.69579 1
3.70299 1
1.94245 1
3.33948 1
11.0842 1
5.60211 1
5.0956 1
-2.41642 1
7.65513 1
3.38012 1
2.79749 1
1.58531 1
-0.117831 1
5.96413 1
5.57213 1
4.93259 1
6.67936 1
5.78147 1
4.65483 1
14.5219 1
5.10376 1
6.57036 1
7.70649 1
4.66362 1
10.2662 1
11.0355 1
8.39177 1
5.786 1
4.5411 1
-4.36287 1
6.83561 1
0.37357 1
8.49369 1
4.69689 1
6.58098 1
9.61093 1
2.1676 1
4.9235 1
4.8116 1
10.4312 1
4.29055 1
10.2681 1
4.19649 1
5.87364 1
4.83373 1
4.67195 1
3.1327 1
7.79213 1
5.3903 1
8.35543 1
6.29826 1
6.34819 1
6.33378 1
5.16527 1
2.91016 1
4.92669 1
-1.97532 1
2.61726 1
0.725137 1
8.36716 1
10.6197 1
2.59368 1
6.92168 1
4.11103 1
3.10398 1
1.12699 1
8.16443 1
5.68726 1
12.2055 1
3.38119 1
0.972485 1
5.05062 1
1.3244 1
1.90402 1
1.51444 1
10.852 1
3.79535 1
0.9704 1
7.71626 1
1.74699 1
8.32711 1
3.57998 1
4.92583 1
8.69199 1
3.86497 1
0.783593 1
2.6925 1
4.44556 1
9.09408 1
2.43295 1
1.85498 1
6.77738 1
5.88527 1
6.87258 1
4.18987 1
1.86826 1
7.04951 1
4.48374 1
3.40053 1
4.24466 1
6.17006 1
6.90105 1
12.6009 1
4.00464 1
10.6493 1
1.60901 1
6.23378 1
10.8046 1
3.23757 1
2.99288 1
5.22761 1
7.76197 1
5.80443 1
4.12702 1
7.31718 1
11.8177 1
7.70295 1
4.53772 1
4.58021 1
6.37715 1
7.38465 1
8.35517 1
11.5548 1
4.24587 1
7.97679 1
2.76284 1
5.24092 1
6.59578 1
5.9971 1
1.97453 1
2.35672 1
1.58332 1
-4.42292 1
5.21966 1
6.33446 1
5.27829 1
4.75207 1
8.054 1
7.79487 1
3.68438 1
-0.435017 1
3.38789 1
3.40018 1
4.6346 1
4.99626 1
3.13602 1
7.50107 1
0.462694 1
3.77251 1
4.34794 1
2.21751 1
10.8673 1
1.73617 1
10.2813 1
4.65351 1
7.34422 1
7.17122 1
-1.28591 1
0.984191 1
6.97546 1
6.00506 1
6.10288 1
5.77859 1
5.96745 1
3.75595 1
5.37281 1
4.77542 1
5.70667 1
5.76836 1
14.3602 1
-1.15785 1
2.51092 1
5.92657 1
3.90774 1
4.21699 1
5.19192 1
2.74381 1
-1.72751 1
6.37035 1
6.32438 1
4.89973 1
5.71843 1
9.41649 1
-1.49403 1
0.0984148 1
10.4334 1
6.20027 1
-0.293839 1
4.69283 1
7.88358 1
-0.119817 1
4.72073 1
4.87856 1
5.51058 1
5.27473 1
5.06631 1
2.00138 1
4.77105 1
11.0749 1
6.43316 1
6.04029 1
8.95746 1
5.03349 1
9.45598 1
3.27571 1
3.95962 1
2.04943 1
8.26786 1
5.33232 1
8.16065 1
10.4846 1
4.32185 1
-1.18233 1
6.76824 1
8.99294 1
6.80062 1
5.05791 1
4.14988 1
9.39045 1
5.05932 1
3.06574 1
4.55445 1
7.46152 1
6.70602 1
10.1808 1
4.65994 1
4.25098 1
7.54568 1
7.28358 1
8.85053 1
1.06666 1
11.4562 1
3.31583 1
3.67958 1
6.0922 1
5.13161 1
13.9267 1
3.60247 1
9.04086 1
4.88195 1
10.8985 1
0.787564 1
4.72178 1
2.51873 1
7.28448 1
-3.63737 1
1.85285 1
3.34439 1
5.46708 1
7.00365 1
6.68437 1
4.275 1
6.22588 1
5.30222 1
4.73893 1
6.14988 1
12.9252 1
9.18669 1
4.36714 1
5.36952 1
6.34279 1
12.1779 1
1.73659 1
5.15291 1
4.40207 1
7.18473 1
4.74244 1
5.1987 1
2.89859 1
5.8036 1
7.12784 1
3.43731 1
1.997 1
10.1592 1
4.97762 1
7.11189 1
5.45551 1
3.56169 1
4.73466 1
3.85412 1
4.95877 1
4.55911 1
-3.65238 1
-1.22859 1
9.78683 1
5.69137 1
1.37836 1
6.1265 1
4.96808 1
3.84049 1
8.72864 1
4.9304 1
5.1813 1
4.12991 1
-0.495867 1
2.4683 1
5.00262 1
5.69204 1
4.70307 1
2.28091 1
9.64707 1
7.66159 1
2.43889 1
5.12956 1
8.11388 1
9.53212 1
2.89084 1
6.33351 1
8.80347 1
8.90163 1
14.5513 1
1.1706 1
6.43445 1
4.66043 1
13.1526 1
7.54941 1
9.26336 1
2.42862 1
3.16147 1
-3.35334 1
6.9062 1
8.0999 1
3.11259 1
6.56464 1
3.95352 1
9.6967 1
7.39734 1
-0.9494 1
4.3657 1
3.3819 1
10.6212 1
8.46068 1
6.9838 1
1.21064 1
-0.703965 1
6.36236 1
7.06227 1
7.27872 1
4.11295 1
6.93319 1
2.86789 1
1.29592 1
6.08469 1
1.76521 1
4.24688 1
10.2181 1
6.45433 1
5.51101 1
3.97483 1
10.3421 1
4.59743 1
5.98363 1
5.44096 1
7.41082 1
5.17732 1
0.41751 1
1.98528 1
6.40062 1
3.07817 1
7.63565 1
-1.62206 1
8.0403 1
9.90636 1
4.39305 1
3.67757 1
6.71187 1
12.8061 1
10.0977 1
7.49377 1
1.09609 1
4.8738 1
7.03425 1
5.33344 1
2.5049 1
7.53296 1
1.1457 1
3.66037 1
0.607637 1
0.64406 1
-0.61539 1
14.0538 1
7.25797 1
8.9999 1
2.8564 1
1.28312 1
2.85943 1
7.88614 1
-1.18501 1
6.04405 1
-4.00903 1
12.1163 1
9.34723 1
1.47252 1
2.35899 1
2.86368 1
8.01666 1
11.6112 1
5.62627 1
12.6331 1
1.24354 1
4.97279 1
-1.9955 1
4.74697 1
7.1427 1
8.79559 1
5.13798 1
7.97242 1
6.34829 1
7.43534 1
2.88715 1
7.33633 1
6.75034 1
6.20031 1
6.78982 1
0.901915 1
2.44705 1
2.61839 1
4.87466 1
8.31999 1
5.12019 1
4.80813 1
-0.0188696 1
3.61928 1
8.75898 1
2.37231 1
-0.876803 1
8.43847 1
0.939716 1
5.38732 1
3.75109 1
0.244794 1
7.94814 1
2.34297 1
3.83279 1
4.37741 1
0.292853 1
8.32756 1
-1.32377 1
6.33975 1
4.65373 1
10.5984 1
4.82885 1
2.44105 1
2.05144 1
9.10606 1
3.77464 1
6.39943 1
0.537156 1
5.94671 1
5.69955 1
7.55744 1
3.40354 1
4.4086 1
3.58526 1
2.99253 1
4.89569 1
12.3753 1
3.80286 1
4.23576 1
1.58431 1
4.47578 1
4.68955 1
8.69887 1
9.25589 1
5.60773 1
6.13422 1
-1.9206 1
7.40387 1
-0.246898 1
4.1524 1
4.48463 1
7.48919 1
-4.87535 1
5.31862 1
10.5834 1
1.77221 1
1.08492 1
9.05921 1
1.22332 1
5.49843 1
3.98288 1
7.06002 1
6.21365 1
3.60164 1
5.42795 1
3.18701 1
-3.35858 1
3.73499 1
7.18972 1
8.03486 1
7.12736 1
3.69222 1
1.62978 1
0.743434 1
-1.0246 1
0.472838 1
2.06865 1
8.24713 1
-1.44481 1
4.05688 1
7.55619 1
3.78763 1
3.30177 1
-0.808757 1
5.8367 1
3.98598 1
4.25611 1
4.69412 1
8.87783 1
10.1183 1
5.16886 1
5.29906 1
1.58351 1
6.49975 1
2.35799 1
12.7235 1
7.02615 1
5.14593 1
5.09968 1
10.3669 1
4.24468 1
4.16427 1
7.67918 1
2.68711 1
4.25857 1
9.73648 1
6.48697 1
2.20904 1
3.32521 1
5.11318 1
5.33712 1
11.2563 1
4.5849 1
4.06044 1
5.99021 1
8.63273 1
2.68111 1
5.6589 1
3.07321 1
-1.50489 1
4.63088 1
4.46539 1
5.5369 1
10.2756 1
5.3009 1
9.58406 1
7.70047 1
5.60631 1
3.76608 1
2.17077 1
7.1106 1
6.98405 1
4.76034 1
7.85495 1
9.18878 1
5.88645 1
6.70967 1
9.99195 1
7.93826 1
4.85198 1
8.80162 1
5.54476 1
8.21631 1
-4.64367 1
0.630827 1
0.777291 1
7.16041 1
5.79545 1
2.03916 1
-0.6772 1
3.92931 1
2.62004 1
7.64402 1
0.330522 1
3.09744 1
3.21617 1
10.107 1
3.49586 1
5.36084 1
2.21088 1
0.428391 1
0.541277 1
6.91414 1
6.24821 1
7.88725 1
8.85187 1
-0.621851 1
4.10354 1
7.14793 1
-3.41357 1
-4.08541 1
5.56196 1
1.64952 1
4.97177 1
10.8979 1
14.6723 1
3.76813 1
-1.71361 1
4.66037 1
5.19877 1
6.48741 1
11.065 1
7.72894 1
2.13467 1
7.05378 1
0.704476 1
4.41189 1
4.53701 1
5.41887 1
9.23354 1
4.71654 1
3.54286 1
3.19838 1
14.7998 1
3.20323 1
-2.32727 1
3.53524 1
2.36722 1
7.3647 1
7.70466 1
5.63546 1
4.75814 1
8.30047 1
4.17502 1
0.390193 1
3.1748 1
3.87212 1
6.13152 1
6.99102 1
11.9297 1
4.46699 1
6.61915 1
5.52502 1
1.15486 1
4.88593 1
6.90511 1
6.39446 1
5.40653 1
4.65795 1
6.9121 1
2.12498 1
4.27239 1
9.48385 1
7.66206 1
6.05312 1
-0.482729 1
-4.53066 1
4.74557 1
-4.09269 1
0.299279 1
8.7174 1
10.5531 1
1.65267 1
9.6788 1
5.91949 1
9.91002 1
5.65469 1
3.53717 1
3.10681 1
13.1765 1
9.10484 1
0.0142654 1
3.39075 1
8.97489 1
6.50514 1
5.24975 1
5.07851 1
6.60754 1
5.68473 1
5.64556 1
5.90353 1
4.98807 1
2.55705 1
4.50672 1
3.31861 1
3.24327 1
7.45557 1
0.321371 1
6.11243 1
3.83232 1
11.9694 1
-1.39774 1
4.10439 1
-0.0398969 1
-0.652447 1
4.81135 1
9.03339 1
3.23052 1
7.75722 1
1.85183 1
1.7932 1
4.17772 1
2.12642 1
4.2901 1
3.07103 1
0.359342 1
0.767111 1
2.66206 1
6.68313 1
4.60959 1
3.65447 1
7.63859 1
8.04919 1
5.41891 1
5.09107 1
4.6742 1
5.61409 1
14.5913 1
5.03954 1
3.27242 1
4.10905 1
14.1437 1
3.46604 1
6.11037 1
8.53761 1
7.86615 1
4.65482 1
5.39602 1
5.65822 1
7.00704 1
8.29172 1
4.10273 1
5.22195 1
7.69526 1
7.70709 1
5.25488 1
9.68422 1
13.0617 1
2.79009 1
6.65362 1
11.3867 1
0.663955 1
9.29912 1
-0.66309 1
5.0488 1
5.05331 1
5.85531 1
7.1028 1
-4.49582 1
5.34941 1
2.26978 1
1.08355 1
5.01923 1
4.70156 1
5.70385 1
4.12611 1
3.5584 1
9.83418 1
5.8961 1
4.30974 1
4.17048 1
3.49751 1
1.7547 1
4.76735 1
5.65107 1
1.374 1
1.68159 1
7.51184 1
8.39292 1
10.3046 1
0.881613 1
7.38993 1
5.70115 1
4.04886 1
8.31275 1
7.84517 1
5.92148 1
6.2353 1
7.51714 1
7.01574 1
6.11061 1
3.45578 1
8.49791 1
3.91259 1
1.41142 1
4.6435 1
6.84215 1
11.2202 1
5.85591 1
4.52602 1
5.84104 1
0.91424 1
1.1253 1
5.28424 1
7.40436 1
5.71339 1
3.43355 1
12.1657 1
9.82491 1
5.55751 1
6.35188 1
11.2338 1
12.1193 1
-2.13184 1
4.63713 1
3.14879 1
11.0931 1
8.20786 1
3.81787 1
3.28758 1
7.10489 1
2.79449 1
1.48865 1
4.50811 1
1.01213 1
2.79231 1
3.38287 1
7.99731 1
6.12184 1
5.38902 1
5.60876 1
-3.52015 1
1.0883 1
4.33925 1
11.0071 1
2.10929 1
5.73121 1
10.8461 1
3.54531 1
0.361725 1
11.7298 1
5.32196 1
1.07386 1
5.66968 1
10.9451 1
7.41706 1
5.34622 1
-0.315282 1
14.55 1
4.47465 1
11.7505 1
2.51642 1
6.73393 1
4.33396 1
9.40197 1
1.13968 1
5.7015 1
14.1112 1
3.60828 1
4.59078 1
12.5357 1
6.78269 1
3.8454 1
-4.60901 1
4.67918 1
4.92702 1
-3.03992 1
7.74187 1
5.44671 1
8.83509 1
5.62882 1
0.901703 1
-1.52719 1
7.74291 1
3.19345 1
10.2691 1
4.11878 1
7.51284 1
3.81973 1
4.18987 1
3.17686 1
9.05085 1
3.86099 1
8.71399 1
6.17624 1
3.89321 1
6.15096 1
3.47896 1
-0.931009 1
11.9202 1
5.90032 1
4.69428 1
6.37485 1
7.02935 1
7.74152 1
2.39735 1
5.06649 1
6.66628 1
6.39489 1
4.30929 1
5.12314 1
3.33013 1
6.95535 1
1.08661 1
6.02963 1
4.32456 1
4.03816 1
7.66554 1
3.47389 1
8.95164 1
3.21102 1
5.48682 1
8.71182 1
2.95579 1
8.92307 1
5.26128 1
4.54367 1
8.62418 1
4.40614 1
-2.56071 1
4.58741 1
9.9391 1
7.55134 1
5.86615 1
0.670732 1
7.25912 1
2.931 1
3.68056 1
7.85295 1
3.9612 1
7.18857 1
6.13605 1
4.53596 1
7.84737 1
6.47406 1
6.97266 1
5.03254 1
4.8301 1
4.5563 1
5.64228 1
11.5786 1
8.2109 1
2.85548 1
4.34128 1
10.8744 1
5.08214 1
4.71579 1
9.49064 1
5.74865 1
-0.981875 1
12.0038 1
4.46281 1
5.74579 1
-0.731912 1
8.20323 1
7.93413 1
7.93404 1
10.6227 1
7.94206 1
4.23354 1
2.29241 1
3.84233 1
7.14998 1
6.13434 1
2.14696 1
2.95148 1
3.52726 1
5.8366 1
4.17782 1
4.91333 1
8.05096 1
-0.088307 1
5.00873 1
6.69248 1
10.7447 1
3.00707 1
9.99232 1
-0.301616 1
9.82545 1
5.16208 1
2.77294 1
11.2234 1
7.97159 1
6.09469 1
3.74407 1
7.92518 1
7.60057 1
4.17324 1
3.89075 1
5.0853 1
2.34014 1
2.33348 1
4.18826 1
6.00276 1
5.89805 1
6.65482 1
3.56696 1
8.58173 1
6.20501 1
0.717663 1
1.77424 1
5.92077 1
0.594566 1
4.98586 1
4.95026 1
1.83829 1
7.95773 1
-4.08473 1
4.93165 1
5.02596 1
4.88187 1
-3.40915 1
3.2596 1
2.76303 1
4.63018 1
0.364187 1
-1.50242 1
7.14932 1
3.02847 1
4.70065 1
4.01916 1
0.258674 1
6.04197 1
4.71455 1
6.38254 1
8.03383 1
0.954978 1
-0.232198 1
1.34412 1
3.41546 1
8.05235 1
13.1105 1
4.57685 1
9.11696 1
1.3412 1
5.13492 1
6.04734 1
5.83568 1
6.16222 1
-3.83358 1
3.51214 1
7.69131 1
3.02956 1
9.57464 1
2.43341 1
0.989994 1
4.72433 1
10.9049 1
8.75299 1
1.61126 1
7.37073 1
1.20011 1
0.327548 1
-1.15175 1
-0.678271 1
3.05241 1
2.29371 1
10.0803 1
4.14829 1
3.61077 1
4.5259 1
7.01758 1
0.047813 1
7.49446 1
3.24809 1
4.41953 1
5.08003 1
-1.60784 1
10.0688 1
6.83485 1
10.7279 1
4.13324 1
3.22104 1
1.18818 1
14.485 1
3.15795 1
-4.17672 1
9.87593 1
0.518754 1
5.2161 1
5.24961 1
11.9211 1
-2.85819 1
7.01193 1
8.1187 1
5.18694 1
5.67978 1
2.23425 1
2.6572 1
7.61542 1
5.10784 1
7.55074 1
7.73991 1
9.33774 1
2.10047 1
12.1462 1
-0.811976 1
5.14972 1
5.04152 1
5.65876 1
5.39882 1
2.60544 1
8.56019 1
7.23888 1
11.7433 1
2.49162 1
10.6811 1
6.33793 1
4.23443 1
4.62594 1
4.48398 1
7.10295 1
8.91736 1
6.42052 1
5.80247 1
9.47404 1
5.27666 1
4.57865 1
10.3555 1
8.53117 1
6.48474 1
3.28011 1
3.13171 1
4.06123 1
10.6569 1
1.64987 1
3.32054 1
14.0462 1
5.08647 1
3.91894 1
6.19844 1
5.09131 1
4.78393 1
4.36785 1
1.42586 1
-0.501946 1
10.0403 1
5.62698 1
4.91434 1
6.55014 1
6.23239 1
4.01015 1
4.5156 1
6.78764 1
3.89118 1
9.56883 1
11.1349 1
-2.14369 1
5.87476 1
6.01028 1
5.34135 1
4.28921 1
7.12758 1
5.35705 1
5.43881 1
-0.13169 1
2.41251 1
7.78919 1
6.06471 1
-1.52803 1
9.8021 1
-0.324543 1
7.82348 1
1.19868 1
9.68254 1
6.44181 1
2.31446 1
6.7126 1
4.58432 1
10.1061 1
8.52336 1
6.68914 1
8.42656 1
-1.91586 1
2.53819 1
5.04903 1
11.9753 1
8.41888 1
7.0764 1
2.70193 1
7.38259 1
7.14481 1
6.80214 1
-0.798997 1
-3.11103 1
7.15107 1
2.8702 1
-4.48886 1
-4.01252 1
4.20917 1
2.41656 1
6.2084 1
14.2318 1
5.02097 1
10.4512 1
3.28856 1
6.17051 1
8.75636 1
12.1043 1
2.88237 1
-0.548288 1
7.54017 1
5.99114 1
7.73026 1
4.28417 1
4.17767 1
8.906 1
0.17964 1
8.66216 1
-0.763832 1
5.28724 1
4.0913 1
0.000230275 1
0.833932 1
2.94946 1
8.53024 1
7.61125 1
-2.15036 1
2.49947 1
1.48816 1
8.99628 1
4.84333 1
4.67192 1
9.18462 1
4.45188 1
10.3984 1
7.41609 1
6.38697 1
10.1863 1
-0.162992 1
4.76046 1
9.76378 1
3.84888 1
6.90731 1
2.50499 1
-2.17535 1
7.46604 1
10.5547 1
6.42456 1
4.58139 1
4.92695 1
8.71909 1
3.56294 1
10.9034 1
4.13684 1
3.03541 1
-2.41054 1
5.71546 1
8.76479 1
2.50704 1
2.79524 1
8.23986 1
9.22919 1
5.61951 1
8.18777 1
6.31587 1
6.1365 1
3.89539 1
1.14317 1
4.89669 1
5.5769 1
4.68287 1
-0.988328 1
7.98873 1
6.64757 1
13.5144 1
1.02463 1
4.76788 1
-2.21551 1
2.76806 1
5.03042 1
5.48084 1
3.84444 1
3.62601 1
7.45643 1
8.00574 1
1.71192 1
4.05566 1
9.8869 1
14.0337 1
1.89215 1
-3.51591 1
3.81638 1
6.63678 1
3.48552 1
6.68751 1
4.54557 1
4.49149 1
7.08502 1
1.3295 1
6.21169 1
9.8723 1
4.30346 1
6.21311 1
8.21181 1
5.46611 1
4.2797 1
14.1738 1
4.44695 1
7.15419 1
9.45896 1
4.5147 1
1.01988 1
9.62784 1
5.67372 1
0.462866 1
5.29716 1
7.11791 1
6.50382 1
10.1781 1
4.63561 1
4.35704 1
4.41169 1
5.22886 1
14.7777 1
2.55684 1
3.04309 1
6.78435 1
8.84479 1
4.38207 1
4.53161 1
5.86778 1
9.01984 1
9.28958 1
5.23442 1
5.19968 1
7.39813 1
-1.17118 1
5.44636 1
8.18681 1
2.93696 1
-0.636383 1
3.40588 1
13.1056 1
7.22645 1
2.97462 1
4.98988 1
6.6618 1
3.91525 1
2.4151 1
-2.11638 1
3.96678 1
-1.89186 1
4.39629 1
2.79587 1
5.37946 1
6.9172 1
-3.65939 1
12.3183 1
3.27386 1
2.76467 1
10.5903 1
-4.67288 1
6.0983 1
-2.4616 1
2.26982 1
-0.00439193 1
6.00562 1
6.39552 1
2.89961 1
9.866 1
3.03879 1
4.34614 1
4.22187 1
8.22648 1
6.01572 1
5.33906 1
4.24351 1
6.88217 1
6.9431 1
7.64566 1
7.30948 1
5.44989 1
3.36562 1
7.42201 1
3.10673 1
7.37126 1
5.01228 1
2.50464 1
6.23663 1
2.66841 1
9.38202 1
9.07915 1
9.51856 1
5.32081 1
5.18782 1
5.35153 1
3.98806 1
7.82294 1
6.96428 1
1.46489 1
4.3048 1
6.44461 1
4.31973 1
5.531 1
4.1188 1
4.33986 1
-1.30932 1
3.6053 1
6.79531 1
-1.4928 1
3.68598 1
10.1471 1
2.51688 1
6.68938 1
5.28157 1
5.37578 1
10.4248 1
-1.85635 1
3.49867 1
8.08429 1
6.49912 1
5.30628 1
3.70846 1
1.88182 1
6.12437 1
6.3657 1
5.18212 1
8.025 1
6.94967 1
10.5773 1
5.61469 1
6.10539 1
5.27466 1
0.0467374 1
9.59611 1
0.298984 1
9.73198 1
4.49656 1
2.97367 1
2.62087 1
5.52059 1
-0.631233 1
11.2447 1
7.54032 1
6.29916 1
2.39021 1
7.17087 1
9.66237 1
4.63894 1
1.86927 1
8.34418 1
7.22365 1
4.78369 1
5.74013 1
6.23307 1
9.1587 1
4.51282 1
9.32536 1
7.57906 1
-1.72743 1
3.64835 1
5.87054 1
-0.393973 1
-3.7888 1
3.86618 1
4.63096 1
3.86706 1
-0.759655 1
7.31591 1
7.48255 1
13.8592 1
4.40862 1
7.07352 1
5.14755 1
7.13913 1
6.86076 1
2.97246 1
8.90286 1
9.11258 1
3.18733 1
1.75077 1
4.62989 1
5.68178 1
2.77416 1
6.3732 1
8.57199 1
9.39052 1
4.3303 1
6.13904 1
5.09531 1
4.55053 1
7.06856 1
6.97219 1
5.53811 1
5.22316 1
1.7692 1
7.90616 1
8.27629 1
7.95167 1
12.6522 1
9.662 1
5.13517 1
2.68422 1
6.27856 1
3.79022 1
3.70649 1
4.48488 1
3.9697 1
5.57054 1
5.54183 1
0.917201 1
6.09815 1
7.30961 1
6.29243 1
2.82167 1
-2.14915 1
-0.705016 1
0.315462 1
2.69034 1
2.70674 1
5.13627 1
7.59075 1
-0.182889 1
2.49649 1
5.41643 1
5.44969 1
4.7282 1
6.70262 1
13.2095 1
1.95231 1
5.42433 1
5.68268 1
5.21043 1
12.9603 1
4.41904 1
0.256023 1
2.00852 1
5.40408 1
8.93388 1
2.47651 1
6.62066 1
5.3631 1
4.98757 1
5.97946 1
3.0334 1
11.3106 1
2.62436 1
3.92959 1
6.48557 1
6.24624 1
0.64601 1
1.7402 1
3.82735 1
1.69584 1
5.86258 1
5.1312 1
4.43556 1
4.39453 1
1.67029 1
7.27605 1
4.74407 1
-0.25168 1
8.10828 1
-0.761014 1
5.84994 1
5.22668 1
10.6842 1
12.3112 1
11.2289 1
4.41855 1
6.70011 1
7.03546 1
14.5846 1
5.91909 1
1.70303 1
5.50195 1
5.86436 1
3.37284 1
-3.99287 1
5.22611 1
5.02364 1
13.9152 1
-1.93231 1
4.25257 1
-2.90872 1
4.41649 1
5.42689 1
6.31261 1
5.8199 1
2.70286 1
3.53063 1
0.716141 1
7.72849 1
0.820077 1
4.93874 1
5.88456 1
4.72618 1
5.90789 1
5.72376 1
5.02076 1
-4.36035 1
4.62414 1
3.81118 1
8.33051 1
4.70725 1
3.58652 1
5.54951 1
6.76655 1
6.95949 1
12.086 1
13.4056 1
6.31335 1
4.63211 1
3.83703 1
10.1363 1
-0.528987 1
3.72908 1
-0.22515 1
5.28677 1
6.04178 1
7.26749 1
5.46698 1
3.44765 1
0.892557 1
5.79663 1
6.6379 1
7.14201 1
5.37791 1
2.29448 1
6.21649 1
2.92285 1
1.10427 1
5.67586 1
12.479 1
8.34231 1
3.61707 1
8.49088 1
-4.04829 1
7.07608 1
8.65349 1
5.16827 1
2.56361 1
6.40764 1
3.9418 1
4.04378 1
8.27416 1
-1.83368 1
2.95702 1
-0.191007 1
10.4004 1
5.83519 1
11.3136 1
2.07429 1
4.04296 1
2.63923 1
8.5588 1
8.62137 1
4.71392 1
2.53608 1
5.93328 1
3.76739 1
5.24191 1
4.85747 1
7.35998 1
6.42507 1
1.59134 1
5.59583 1
9.01131 1
4.50196 1
5.68436 1
4.28572 1
0.852536 1
12.9622 1
6.82483 1
-0.0824439 1
4.71847 1
7.44889 1
-2.35504 1
6.52305 1
0.995304 1
9.99598 1
14.2967 1
-1.27374 1
5.71531 1
6.80786 1
8.98729 1
4.78656 1
6.28557 1
4.51851 1
4.04542 1
10.3807 1
0.201091 1
6.86437 1
4.93437 1
14.159 1
5.14329 1
4.35052 1
6.54126 1
4.78284 1
6.65041 1
4.66251 1
5.38651 1
3.36056 1
5.03499 1
7.09261 1
6.80342 1
7.92826 1
5.35066 1
7.39891 1
8.21827 1
3.67566 1
5.26213 1
7.11182 1
4.17425 1
6.85283 1
-0.317324 1
3.69608 1
9.02666 1
6.57806 1
5.7419 1
1.94404 1
1.90419 1
7.73546 1
4.29291 1
11.5085 1
4.68416 1
4.06497 1
5.83101 1
0.871549 1
3.59589 1
3.83503 1
2.64557 1
6.71014 1
4.57411 1
12.1903 1
9.48448 1
3.39853 1
9.30115 1
4.45578 1
5.08332 1
4.795 1
4.76044 1
-4.66151 1
5.79194 1
1.84391 1
6.00714 1
0.179034 1
3.64066 1
8.31803 1
-2.22293 1
5.78675 1
7.42572 1
8.26084 1
4.98056 1
10.2088 1
5.2698 1
5.88367 1
7.36826 1
4.51756 1
4.29039 1
2.35908 1
4.7533 1
10.672 1
0.152603 1
2.89679 1
2.15872 1
7.8979 1
3.59185 1
-2.19385 1
12.345 1
4.53338 1
0.125682 1
7.40129 1
4.87402 1
13.9777 1
7.14282 1
4.10477 1
5.74455 1
10.7589 1
0.425562 1
4.03641 1
6.15172 1
5.46369 1
13.3841 1
4.49568 1
10.534 1
5.58783 1
4.50507 1
7.7918 1
6.64473 1
12.156 1
1.70571 1
2.02566 1
5.55302 1
5.95199 1
7.74429 1
5.2737 1
6.47353 1
5.10447 1
0.829638 1
6.88969 1
6.84984 1
0.268838 1
6.73961 1
5.00866 1
5.25568 1
4.52337 1
14.1812 1
7.08175 1
6.82327 1
7.82032 1
10.0691 1
-1.80168 1
2.59598 1
1.61701 1
8.68281 1
3.94438 1
-2.12848 1
5.17718 1
6.867 1
5.97989 1
1.24478 1
4.62037 1
10.8637 1
2.44354 1
3.69892 1
2.41277 1
4.68605 1
7.22852 1
6.58768 1
4.37343 1
4.18522 1
10.2059 1
2.32118 1
5.20494 1
10.3813 1
-2.76704 1
6.8626 1
5.59193 1
7.88506 1
-1.68149 1
9.98814 1
7.05667 1
5.54206 1
5.65666 1
5.15115 1
4.29209 1
7.19698 1
2.55012 1
3.52546 1
5.90369 1
6.51179 1
9.1003 1
2.30228 1
7.49408 1
0.854323 1
9.26434 1
8.66852 1
9.8777 1
4.09084 1
-1.11653 1
3.87996 1
4.73536 1
1.30135 1
1.54356 1
3.08983 1
1.84211 1
3.46173 1
4.30371 1
3.15642 1
5.92693 1
2.04453 1
1.44243 1
5.85436 1
6.66066 1
8.41866 1
2.27252 1
5.46327 1
7.64418 1
4.29387 1
3.72735 1
5.95456 1
6.59253 1
6.07216 1
2.94611 1
1.571 1
10.7004 1
0.0747424 1
7.60639 1
5.79153 1
2.69401 1
4.2368 1
5.92628 1
3.78573 1
5.0141 1
-4.42875 1
3.70711 1
10.3261 1
2.87692 1
4.34427 1
3.43431 1
5.14437 1
13.7089 1
8.31708 1
6.72457 1
2.48897 1
2.73088 1
2.0709 1
8.17016 1
5.78636 1
4.97087 1
-3.01408 1
6.29834 1
4.35426 1
2.89395 1
0.842741 1
6.91407 1
1.81606 1
5.52763 1
4.96773 1
3.88201 1
3.7391 1
3.81165 1
-0.24573 1
5.66032 1
5.22837 1
7.13926 1
3.96748 1
7.07422 1
2.63305 1
5.20809 1
4.59697 1
3.91988 1
9.07623 1
10.4334 1
5.49521 1
6.14132 1
7.31701 1
4.45688 1
11.0339 1
3.97941 1
7.03986 1
5.59516 1
5.94003 1
10.8491 1
14.2054 1
-1.77888 1
7.30948 1
4.9888 1
4.34659 1
9.27382 1
5.77335 1
5.71717 1
6.78771 1
6.80189 1
8.5131 1
8.57879 1
-2.61886 1
4.66014 1
3.36625 1
4.86687 1
3.49408 1
3.16911 1
11.4664 1
5.95033 1
3.24523 1
4.96332 1
2.52944 1
11.1225 1
-0.991966 1
4.69186 1
5.44344 1
1.31605 1
5.24025 1
0.243559 1
-1.38196 1
13.0345 1
3.4584 1
11.5238 1
10.9076 1
-3.37485 1
1.5964 1
1.61434 1
1.70374 1
8.69483 1
-1.21789 1
3.21396 1
10.7709 1
6.88824 1
11.4221 1
13.4631 1
5.07276 1
5.26847 1
4.20156 1
5.78394 1
0.950181 1
4.95569 1
6.80298 1
5.79091 1
2.94558 1
4.28773 1
8.5226 1
3.36225 1
5.58357 1
4.11557 1
4.36689 1
3.21891 1
7.8722 1
3.49536 1
1.38367 1
5.57098 1
-0.841655 1
-4.05247 1
5.7497 1
7.10264 1
10.5787 1
-4.13873 1
8.04205 1
2.68078 1
5.03154 1
5.35384 1
7.32506 1
11.1995 1
4.30982 1
4.28494 1
2.30625 1
2.80085 1
2.22255 1
-3.28464 1
7.51791 1
5.46028 1
5.24919 1
8.6235 1
5.52595 1
6.82529 1
4.27697 1
12.7096 1
4.1568 1
5.51883 1
7.10913 1
7.7878 1
8.51482 1
4.77777 1
6.41714 1
7.59183 1
2.21081 1
5.47295 1
7.95181 1
9.3379 1
-0.74357 1
0.588383 1
14.1548 1
7.26047 1
6.31305 1
1.7695 1
4.33769 1
9.41148 1
1.84272 1
7.09777 1
6.60888 1
2.09464 1
-0.104467 1
4.68856 1
8.89627 1
9.38254 1
0.957057 1
5.149 1
-2.23182 1
6.2614 1
11.2226 1
1.78408 1
5.39701 1
6.33758 1
-0.288638 1
4.42804 1
3.58474 1
3.95753 1
5.20699 1
6.07267 1
-0.990289 1
9.25623 1
9.76055 1
2.30712 1
4.5423 1
3.93083 1
4.03892 1
5.35526 1
6.55113 1
0.333628 1
4.2028 1
2.3366 1
-0.815763 1
6.45183 1
7.85271 1
3.73634 1
1.68149 1
7.06079 1
11.6342 1
8.03278 1
4.92751 1
3.15615 1
-4.40431 1
3.5555 1
11.5373 1
3.17978 1
5.54858 1
2.20778 1
4.41293 1
4.28919 1
4.79207 1
3.72684 1
0.0865628 1
5.15234 1
13.8374 1
5.22614 1
6.01299 1
6.10088 1
5.62723 1
1.20239 1
7.65571 1
7.07351 1
3.61733 1
10.3906 1
4.80322 1
-2.55074 1
2.44724 1
13.8646 1
3.94262 1
4.52109 1
3.24174 1
2.06707 1
4.91247 1
6.84373 1
7.73885 1
10.9597 1
10.4766 1
4.20983 1
4.71824 1
4.42961 1
13.2872 1
5.45414 1
4.09996 1
-1.30555 1
-0.839863 1
5.72014 1
5.80057 1
5.61948 1
8.72175 1
4.20354 1
7.65192 1
2.11502 1
5.04032 1
1.39037 1
4.24195 1
6.79448 1
-0.872687 1
5.21503 1
6.95191 1
0.795771 1
9.15186 1
6.99144 1
4.02953 1
5.64045 1
10.5255 1
5.67446 1
6.0277 1
10.836 1
3.27545 1
5.24505 1
3.58887 1
4.07884 1
4.09111 1
6.12035 1
3.95067 1
4.76839 1
2.41569 1
4.10061 1
5.69814 1
10.9001 1
12.3971 1
6.73669 1
6.19346 1
2.30434 1
6.21378 1
3.06831 1
10.7373 1
8.89311 1
8.14195 1
2.96878 1
2.56709 1
4.19641 1
4.42591 1
-0.186651 1
4.60975 1
4.18167 1
3.27316 1
5.19849 1
7.43974 1
4.6609 1
4.87443 1
9.14305 1
4.35939 1
6.49256 1
1.5557 1
9.11301 1
13.1873 1
4.02618 1
-0.166004 1
3.56357 1
1.22042 1
6.71327 1
1.79317 1
4.30141 1
6.68156 1
8.93071 1
8.53798 1
5.7443 1
2.43447 1
-2.85092 1
4.49292 1
0.708521 1
1.10643 1
4.36293 1
6.82084 1
4.72269 1
4.17115 1
10.483 1
12.9708 1
-4.41566 1
4.52507 1
11.6887 1
5.66227 1
7.01771 1
4.24219 1
8.27903 1
0.275746 1
12.4805 1
7.61207 1
4.3014 1
3.41944 1
6.72155 1
4.80331 1
8.48572 1
5.13117 1
7.11898 1
4.60863 1
3.00179 1
5.0442 1
1.57028 1
8.96865 1
6.52559 1
1.93945 1
2.52525 1
3.81219 1
7.94041 1
2.75868 1
1.62444 1
5.53563 1
7.38766 1
5.87512 1
9.50223 1
10.8673 1
5.95248 1
0.126395 1
2.59504 1
2.98944 1
3.34319 1
5.5816 1
5.00812 1
5.39503 1
9.34858 1
5.8862 1
5.10823 1
4.50201 1
5.80192 1
4.81151 1
-0.923737 1
5.4295 1
5.26187 1
0.83969 1
4.92142 1
0.232576 1
0.872929 1
4.08327 1
3.65816 1
2.20296 1
-2.54246 1
4.26105 1
6.98735 1
7.02604 1
4.27798 1
2.17212 1
5.53757 1
6.01896 1
0.308839 1
8.0189 1
4.17121 1
9.53782 1
3.91911 1
12.2075 1
1.55599 1
5.21307 1
5.57582 1
6.77978 1
3.56144 1
8.01755 1
14.7252 1
4.46691 1
5.33698 1
5.1138 1
6.41887 1
3.00599 1
4.28048 1
5.02972 1
5.45851 1
5.24599 1
8.43466 1
7.46467 1
1.55427 1
4.89339 1
-2.92296 1
-4.22772 1
6.90717 1
3.91903 1
5.56817 1
4.97613 1
8.56612 1
12.9113 1
3.23133 1
3.82581 1
1.90899 1
3.40544 1
6.6752 1
3.48306 1
5.75122 1
8.42446 1
5.41005 1
5.86157 1
5.82927 1
7.14794 1
4.90593 1
0.402867 1
3.31266 1
6.23142 1
6.85659 1
5.40919 1
10.2341 1
6.10227 1
8.34344 1
4.84338 1
-3.97688 1
8.58269 1
5.53872 1
3.57936 1
10.4547 1
3.92965 1
5.28562 1
1.64703 1
9.24538 1
13.5635 1
6.50976 1
5.24921 1
0.989812 1
3.16423 1
3.57896 1
1.03444 1
3.60243 1
4.79035 1
6.54336 1
4.59666 1
2.79373 1
-2.79042 1
3.54193 1
6.07911 1
5.27389 1
4.45595 1
1.35838 1
4.50276 1
5.53001 1
5.71537 1
9.67191 1
7.10409 1
5.38113 1
9.2596 1
7.12786 1
5.34969 1
2.47451 1
11.3282 1
4.31671 1
1.82609 1
4.59932 1
3.76955 1
8.26257 1
5.94404 1
2.89416 1
7.07546 1
11.169 1
5.06335 1
4.8892 1
7.3516 1
-2.97544 1
-1.53734 1
3.34568 1
9.70118 1
4.47423 1
8.04658 1
6.31884 1
5.33025 1
3.22458 1
5.98294 1
4.02055 1
4.73587 1
5.96956 1
2.89059 1
10.0352 1
-3.91422 1
7.26463 1
2.76383 1
5.55479 1
8.12124 1
6.5786 1
3.24253 1
11.4974 1
2.42168 1
9.67098 1
4.29814 1
5.73822 1
3.58705 1
6.80391 1
3.90989 1
5.47553 1
3.6855 1
0.297987 1
8.88791 1
7.05266 1
1.64028 1
1.37664 1
3.03957 1
7.03174 1
4.48979 1
4.39202 1
-3.06004 1
6.37211 1
3.48065 1
8.39151 1
6.32061 1
4.72511 1
8.27276 1
5.05712 1
5.8957 1
11.4883 1
2.05804 1
8.13281 1
2.70017 1
6.68736 1
0.5706 1
6.64119 1
8.76937 1
3.2797 1
3.18484 1
7.23081 1
6.11205 1
2.0857 1
4.42572 1
5.23292 1
5.15506 1
4.14829 1
11.8047 1
6.87157 1
4.6402 1
6.45413 1
4.1168 1
7.51855 1
7.00666 1
4.2334 1
1.73851 1
1.62958 1
3.81012 1
4.62809 1
6.80492 1
5.71016 1
3.26657 1
4.8004 1
2.75335 1
-3.68671 1
5.73887 1
5.15363 1
-4.61553 1
5.71511 1
5.77144 1
7.08894 1
7.86811 1
5.97512 1
3.33622 1
6.55335 1
3.15257 1
7.22386 1
9.69794 1
9.17052 1
5.19359 1
4.24102 1
10.2225 1
3.61801 1
6.64129 1
4.46084 1
0.342371 1
2.57801 1
7.06457 1
-0.140302 1
7.77707 1
4.14338 1
3.18283 1
4.84702 1
-2.1426 1
8.47399 1
4.87835 1
6.56822 1
9.59253 1
5.20698 1
-2.95814 1
7.32825 1
1.51091 1
4.78596 1
-1.73551 1
5.33382 1
-3.77739 1
1.88752 1
6.20404 1
2.82026 1
12.8845 1
3.96604 1
4.23868 1
0.446021 1
1.53898 1
-4.17062 1
6.84811 1
5.29827 1
5.79722 1
6.876 1
6.35534 1
11.1572 1
4.03589 1
9.50145 1
8.5239 1
5.64899 1
5.74497 1
11.0237 1
3.44153 1
5.39088 1
-0.979168 1
1.8454 1
4.99687 1
-2.27249 1
-3.78927 1
5.05494 1
13.0249 1
3.81883 1
11.074 1
12.6848 1
9.48613 1
10.3668 1
-0.458607 1
3.46394 1
5.00125 1
3.00742 1
6.108 1
1.4397 1
0.613047 1
6.94379 1
8.27806 1
10.3138 1
5.14773 1
3.49207 1
1.39744 1
7.37786 1
7.37803 1
4.39956 1
5.44936 1
9.07168 1
6.25725 1
-4.37197 1
3.51632 1
4.58918 1
9.58064 1
3.00086 1
4.77181 1
7.30474 1
4.49535 1
7.55793 1
-2.20323 1
5.18881 1
4.77106 1
7.09068 1
-0.527822 1
1.27844 1
9.48562 1
4.6108 1
4.10463 1
7.22465 1
5.41263 1
10.4417 1
4.94541 1
4.89201 1
4.99178 1
7.58075 1
5.21648 1
3.53924 1
-2.66872 1
7.50213 1
5.10876 1
8.84613 1
6.24634 1
3.9263 1
7.38162 1
3.67204 1
11.3874 1
6.9479 1
9.28282 1
5.20209 1
6.42776 1
-2.73363 1
1.41213 1
-4.52926 1
6.08242 1
2.49751 1
6.76694 1
6.99729 1
8.44755 1
4.03432 1
4.01741 1
5.73299 1
1.1246 1
6.5013 1
1.62541 1
3.52403 1
8.44265 1
7.19599 1
8.95981 1
2.12435 1
7.27693 1
14.4183 1
5.8541 1
5.74304 1
7.50852 1
5.24323 1
2.63914 1
5.79386 1
5.83638 1
7.48401 1
4.84463 1
10.9178 1
9.69352 1
2.58434 1
7.14047 1
6.91282 1
-1.97605 1
5.67235 1
5.62248 1
8.07818 1
11.5534 1
12.1719 1
5.03637 1
4.90564 1
3.0173 1
7.63133 1
3.30469 1
4.10112 1
7.18579 1
5.86068 1
4.0108 1
6.37649 1
8.24435 1
3.67593 1
6.49393 1
3.63206 1
7.58666 1
4.55045 1
-0.581522 1
5.05856 1
2.52139 1
4.60117 1
0.212633 1
5.5693 1
6.11798 1
8.13473 1
2.56346 1
5.87997 1
0.585619 1
2.24778 1
5.45817 1
6.99263 1
6.07946 1
8.00875 1
4.27612 1
3.7028 1
4.01576 1
8.65313 1
9.62094 1
7.84735 1
6.88541 1
-4.38625 1
6.56978 1
6.34795 1
12.4636 1
5.33144 1
12.5123 1
11.1136 1
6.42251 1
7.78828 1
5.46817 1
3.44968 1
5.90101 1
5.86133 1
5.64784 1
6.91618 1
6.40471 1
11.8744 1
2.56118 1
5.81085 1
1.99297 1
-0.500403 1
6.92021 1
10.3908 1
5.53287 1
12.9892 1
9.40129 1
8.00907 1
7.6255 1
4.76617 1
3.47712 1
5.97592 1
4.06012 1
4.89844 1
7.67617 1
3.95689 1
4.49011 1
3.7918 1
9.17812 1
1.78115 1
6.39516 1
9.87061 1
4.50621 1
2.6192 1
3.78814 1
-2.18773 1
-4.45161 1
6.05073 1
6.43681 1
5.85065 1
-0.595603 1
5.47666 1
1.89397 1
10.4721 1
3.3667 1
5.03562 1
4.75194 1
3.96489 1
5.11314 1
3.12221 1
3.5517 1
4.99208 1
5.64922 1
7.08489 1
4.75959 1
7.8286 1
2.01022 1
6.37052 1
13.4215 1
5.15097 1
7.52233 1
2.39951 1
4.37991 1
4.99833 1
5.45056 1
-3.66002 1
2.09755 1
3.238 1
4.50002 1
7.96624 1
7.03082 1
0.374605 1
3.99098 1
4.18264 1
6.40863 1
1.72016 1
3.92816 1
4.66559 1
3.70311 1
1.3708 1
5.825 1
7.80037 1
11.2265 1
4.02882 1
3.62361 1
7.68311 1
7.39363 1
12.9565 1
5.67085 1
6.94522 1
-0.754102 1
6.28671 1
8.06574 1
-0.184333 1
6.23642 1
13.7614 1
6.45843 1
12.471 1
2.86008 1
4.50937 1
3.79353 1
-0.375431 1
0.433467 1
1.48659 1
3.45637 1
-3.88512 1
0.441708 1
5.995 1
1.10057 1
2.35159 1
6.6887 1
14.8154 1
5.54964 1
7.76436 1
2.87986 1
-2.57553 1
7.79643 1
6.11283 1
11.1508 1
6.1812 1
7.23765 1
2.1842 1
4.47631 1
1.45659 1
2.99296 1
0.398381 1
3.24517 1
5.08619 1
-0.467364 1
5.34942 1
8.47016 1
8.6209 1
5.28246 1
3.9876 1
5.41318 1
12.1482 1
4.4136 1
7.56811 1
5.37403 1
2.04835 1
8.24462 1
3.14859 1
5.74299 1
5.10415 1
-2.9876 1
6.27318 1
3.29391 1
6.63252 1
7.81285 1
-1.22434 1
2.68803 1
9.1455 1
7.93289 1
7.30298 1
5.54447 1
7.61819 1
6.7947 1
3.95046 1
1.53229 1
3.4666 1
8.14774 1
1.88293 1
11.3836 1
2.82908 1
5.65369 1
6.75465 1
4.48972 1
6.61291 1
-1.05133 1
3.4841 1
2.83922 1
4.63839 1
5.92061 1
7.94928 1
7.37908 1
1.49821 1
1.06086 1
4.50645 1
2.92362 1
5.37652 1
4.14037 1
-0.147756 1
5.91091 1
9.137 1
4.9835 1
6.50749 1
14.2382 1
6.64755 1
8.85933 1
-3.44491 1
7.20894 1
1.08344 1
6.6917 1
9.21383 1
2.11218 1
2.50614 1
7.98054 1
4.40607 1
1.80664 1
3.96913 1
8.82571 1
-2.42354 1
1.1681 1
6.22737 1
4.67587 1
-3.19519 1
14.6106 1
8.99484 1
1.72312 1
6.14608 1
3.70785 1
4.39736 1
0.0706456 1
-2.42969 1
4.28184 1
-0.426954 1
1.52274 1
2.56773 1
2.09802 1
6.20763 1
-0.541138 1
3.98373 1
8.11107 1
3.76172 1
0.791677 1
1.19635 1
5.28007 1
5.17196 1
6.10845 1
5.44261 1
6.91998 1
4.34309 1
5.77506 1
6.82358 1
3.27012 1
6.54539 1
4.18686 1
7.12746 1
2.60913 1
7.29753 1
5.96316 1
5.0801 1
2.88054 1
2.8838 1
12.0886 1
8.36748 1
1.2632 1
6.00999 1
6.52995 1
4.71436 1
-2.20282 1
-1.3065 1
5.90813 1
-0.608879 1
3.7477 1
7.0326 1
5.71134 1
7.50131 1
5.17431 1
-0.305436 1
8.15733 1
1.35268 1
7.9089 1
-1.39165 1
-1.88962 1
4.15427 1
3.86046 1
6.01852 1
3.02727 1
5.81402 1
2.65015 1
0.187394 1
6.64057 1
1.3193 1
5.7881 1
7.57821 1
9.86023 1
1.46569 1
3.1634 1
9.74326 1
4.96974 1
-0.621984 1
3.23607 1
5.44097 1
7.73749 1
4.48587 1
-0.993043 1
5.58812 1
4.13459 1
8.53945 1
6.23444 1
5.87751 1
5.72245 1
8.0757 1
4.5478 1
7.28799 1
8.34933 1
3.44712 1
6.87257 1
5.98243 1
3.55887 1
9.66014 1
-4.3462 1
7.01248 1
5.29333 1
5.86795 1
2.85163 1
5.73103 1
8.36265 1
0.740705 1
3.76142 1
11.6208 1
10.8541 1
12.49 1
7.68718 1
8.18818 1
8.27611 1
2.60721 1
5.90372 1
7.9434 1
-3.28852 1
6.02578 1
4.10032 1
-3.245 1
6.67342 1
1.55766 1
2.64272 1
5.35861 1
4.07361 1
5.72438 1
4.96043 1
8.98273 1
4.51787 1
9.35501 1
9.44662 1
8.28362 1
3.50018 1
7.50136 1
5.89805 1
9.30178 1
5.13614 1
6.79595 1
10.5244 1
5.63568 1
7.33445 1
6.54245 1
-4.6346 1
4.11143 1
6.82538 1
4.85782 1
6.12695 1
4.55103 1
5.00477 1
6.69495 1
7.49337 1
4.43672 1
3.41981 1
7.98325 1
5.70814 1
2.78813 1
5.06856 1
2.81857 1
-0.368818 1
11.8169 1
5.85391 1
5.69369 1
7.48334 1
1.06423 1
7.28602 1
4.60499 1
10.0921 1
10.576 1
3.97086 1
7.79407 1
10.5364 1
9.2932 1
2.22373 1
4.39114 1
2.6805 1
5.27688 1
4.4295 1
3.74014 1
6.83626 1
7.57778 1
4.40767 1
-0.575659 1
14.7961 1
9.94554 1
6.14936 1
5.2243 1
3.05831 1
3.59374 1
5.55442 1
-3.02757 1
8.90619 1
-0.707119 1
5.17563 1
7.73183 1
10.5442 1
5.55108 1
2.24147 1
3.63556 1
3.38683 1
0.812684 1
6.92418 1
5.88996 1
3.08337 1
1.82953 1
8.37856 1
-0.117701 1
3.69104 1
4.09491 1
2.33883 1
2.12274 1
4.6197 1
7.52594 1
7.72503 1
5.10685 1
11.4306 1
3.40896 1
7.75609 1
3.05376 1
6.44094 1
7.01636 1
6.18966 1
1.07783 1
12.7468 1
5.6822 1
6.9556 1
8.59939 1
1.70576 1
0.669903 1
5.72255 1
-1.15107 1
7.97087 1
1.4973 1
7.48321 1
8.09938 1
5.15766 1
5.08245 1
-0.85118 1
1.51016 1
-2.07703 1
2.19738 1
-0.393827 1
3.51263 1
4.67687 1
6.79782 1
3.9118 1
7.90039 1
5.20969 1
10.4817 1
3.27504 1
1.53152 1
5.62893 1
6.80015 1
4.82549 1
5.55348 1
5.46945 1
9.55574 1
6.95504 1
13.8576 1
4.97532 1
6.19865 1
-1.24413 1
6.98996 1
3.70216 1
5.44793 1
6.84051 1
-3.96334 1
4.88665 1
4.79272 1
3.94475 1
2.8987 1
7.95193 1
5.7786 1
5.48684 1
9.06813 1
1.79565 1
4.77409 1
5.48409 1
3.49034 1
3.23022 1
5.57842 1
9.37518 1
6.73762 1
5.32474 1
8.29123 1
1.42443 1
-1.89493 1
4.70613 1
5.13825 1
5.30331 1
6.56087 1
5.43241 1
2.71944 1
7.80453 1
9.13313 1
5.24991 1
0.294615 1
5.33234 1
3.6988 1
-3.72165 1
12.249 1
5.49948 1
5.39886 1
3.93054 1
6.00537 1
3.9392 1
3.73518 1
4.99287 1
3.96048 1
3.87101 1
14.5015 1
9.09648 1
4.40488 1
5.41384 1
5.60764 1
3.91348 1
9.37891 1
0.755895 1
13.705 1
3.33406 1
5.43309 1
3.40389 1
7.17479 1
6.01492 1
4.71841 1
-2.07279 1
1.67176 1
4.98385 1
7.41676 1
7.08221 1
11.088 1
5.70785 1
5.56478 1
3.29828 1
3.24628 1
13.2756 1
3.63875 1
2.26608 1
2.42066 1
10.1759 1
3.98255 1
5.49765 1
2.44398 1
4.66067 1
4.12346 1
4.42706 1
8.14234 1
5.08381 1
1.23739 1
5.64684 1
4.40284 1
3.72536 1
13.2761 1
7.42704 1
8.41078 1
6.76561 1
5.70346 1
3.06769 1
4.35445 1
3.55793 1
7.84548 1
2.21608 1
6.55306 1
4.66348 1
-0.837098 1
0.134649 1
8.53806 1
4.7786 1
5.91164 1
5.25085 1
5.48654 1
5.9072 1
5.83602 1
4.16563 1
3.6696 1
4.97467 1
7.32776 1
-2.66015 1
-1.93736 1
1.48439 1
0.231863 1
5.54075 1
5.58724 1
5.99214 1
3.85548 1
3.31933 1
5.68291 1
6.19135 1
6.62033 1
5.63857 1
4.9108 1
-1.66503 1
12.546 1
11.9832 1
7.95052 1
5.18627 1
1.98066 1
14.0506 1
-2.51369 1
-2.29814 1
-0.233495 1
7.70425 1
7.56723 1
2.28762 1
2.17781 1
4.2041 1
-4.72177 1
5.50759 1
7.1947 1
5.8656 1
5.30927 1
5.21979 1
6.67436 1
13.7385 1
1.0543 1
4.42211 1
4.44871 1
5.90902 1
-4.08739 1
4.01601 1
7.8916 1
5.24508 1
5.52401 1
4.91949 1
5.42707 1
3.78617 1
4.38032 1
3.70305 1
11.2312 1
-1.6548 1
2.29432 1
-3.02865 1
-0.810188 1
10.083 1
5.34375 1
5.12377 1
5.29092 1
9.69371 1
5.12365 1
13.0184 1
13.4202 1
3.52854 1
8.30991 1
6.17867 1
2.81912 1
3.72071 1
3.64642 1
11.697 1
9.77535 1
4.68637 1
3.0428 1
5.14107 1
6.03856 1
2.90861 1
4.17194 1
11.3789 1
5.85654 1
0.457765 1
8.27775 1
4.49262 1
6.64144 1
13.2167 1
4.91208 1
4.04654 1
6.68611 1
6.13536 1
2.68081 1
7.03784 1
11.9317 1
8.01738 1
5.51779 1
3.39605 1
4.53707 1
8.56118 1
-0.420178 1
7.68658 1
5.06978 1
3.67588 1
-0.532321 1
6.33456 1
2.7715 1
4.37147 1
6.50689 1
6.90045 1
3.70192 1
8.71431 1
9.7794 1
6.06156 1
5.47335 1
4.7307 1
5.68216 1
5.45655 1
9.46181 1
8.50636 1
6.04791 1
2.28655 1
5.49952 1
5.59764 1
-1.14668 1
-2.62273 1
1.64563 1
4.6413 1
3.84938 1
5.44795 1
4.82304 1
3.24263 1
8.18462 1
-1.25373 1
3.96038 1
1.69031 1
4.18556 1
13.9307 1
6.57834 1
4.61058 1
5.37512 1
3.81765 1
5.30692 1
2.05483 1
9.5776 1
3.51843 1
1.66204 1
3.88532 1
0.680598 1
6.33913 1
12.4063 1
2.35255 1
0.260842 1
-0.297308 1
7.57098 1
7.71951 1
11.8086 1
0.222038 1
4.03677 1
-0.647902 1
13.6269 1
4.07786 1
8.03967 1
13.0954 1
8.56572 1
10.3627 1
3.96136 1
4.87277 1
4.42739 1
4.48331 1
6.32137 1
5.83913 1
10.3621 1
3.00164 1
5.17919 1
3.83879 1
7.32599 1
-3.69766 1
1.12503 1
7.98693 1
3.57566 1
5.56492 1
3.69405 1
3.91055 1
6.33417 1
5.32957 1
2.90025 1
4.65959 1
4.65683 1
3.24192 1
2.04482 1
1.22239 1
8.56627 1
5.62339 1
6.26579 1
4.96763 1
9.87876 1
6.37996 1
4.12723 1
7.93103 1
5.60601 1
8.81996 1
7.8261 1
2.11018 1
4.83386 1
5.14359 1
3.53021 1
5.70809 1
3.73128 1
0.051122 1
8.1008 1
3.93851 1
4.45366 1
-0.580741 1
-3.05637 1
9.26797 1
5.48143 1
5.93627 1
6.36444 1
4.65917 1
5.26957 1
4.8773 1
4.66365 1
-2.67806 1
2.91078 1
8.25168 1
3.00305 1
2.60974 1
4.78056 1
3.07045 1
-1.46859 1
13.4858 1
5.58633 1
0.898401 1
9.41111 1
6.37932 1
5.51973 1
5.54416 1
6.71683 1
6.65268 1
10.9289 1
1.43423 1
4.17014 1
4.49538 1
8.75685 1
3.52832 1
5.60981 1
2.73364 1
7.10623 1
2.91058 1
5.59552 1
5.56195 1
7.03913 1
-0.507912 1
8.23443 1
6.10047 1
3.32755 1
7.82556 1
-0.852977 1
10.3354 1
5.56753 1
9.31804 1
6.04346 1
5.00259 1
3.00271 1
5.05727 1
9.19119 1
2.75036 1
7.77497 1
4.64186 1
5.15298 1
14.0472 1
4.99503 1
4.25128 1
-2.65547 1
4.66345 1
2.78136 1
9.1445 1
3.50633 1
3.12984 1
6.37927 1
9.21407 1
5.65536 1
12.6857 1
2.21226 1
4.93618 1
3.90113 1
7.97726 1
1.80437 1
0.273952 1
2.99974 1
4.53125 1
10.5053 1
3.25928 1
-2.57668 1
3.91094 1
4.33266 1
11.0758 1
9.21544 1
9.88572 1
5.07422 1
9.24335 1
3.42543 1
6.33177 1
11.822 1
2.00193 1
3.70761 1
1.51055 1
5.61317 1
7.77678 1
7.86182 1
3.39619 1
3.90105 1
0.52635 1
7.54438 1
5.37811 1
5.04157 1
4.64207 1
10.0979 1
1.91374 1
7.35487 1
6.76658 1
5.58626 1
11.9564 1
5.012 1
4.91756 1
3.26556 1
8.1745 1
5.2006 1
-0.708101 1
9.57947 1
4.97877 1
1.55559 1
8.20516 1
5.79477 1
2.84013 1
4.47082 1
2.67846 1
11.5864 1
8.0458 1
14.6006 1
-0.559253 1
-4.06195 1
3.95083 1
5.55434 1
6.53842 1
13.1364 1
14.2369 1
11.1062 1
6.39695 1
13.618 1
9.28765 1
11.2777 1
4.18289 1
5.61081 1
3.72339 1
1.15162 1
6.91262 1
11.5461 1
6.64967 1
14.3012 1
-0.816568 1
3.15417 1
3.03058 1
5.65978 1
6.76895 1
8.35266 1
7.31156 1
3.52247 1
3.39148 1
1.36246 1
4.22064 1
5.87234 1
6.94367 1
5.56461 1
8.23757 1
8.149 1
4.36698 1
5.3606 1
1.4754 1
4.43054 1
8.71016 1
5.6121 1
7.58659 1
3.78589 1
4.32606 1
2.37865 1
6.41508 1
6.73551 1
7.11165 1
6.4167 1
2.83706 1
6.57614 1
8.87136 1
11.651 1
2.3918 1
-1.34365 1
4.73262 1
-4.22239 1
10.8521 1
5.30232 1
1.30288 1
5.50171 1
10.02 1
5.77892 1
9.03528 1
7.61265 1
4.23839 1
4.60594 1
-2.44923 1
1.48002 1
3.6364 1
7.4103 1
11.6197 1
-0.0116581 1
-3.32637 1
9.01762 1
7.17244 1
5.20142 1
11.3874 1
1.99415 1
4.40548 1
5.95972 1
1.84374 1
6.32506 1
2.02874 1
4.9531 1
4.31378 1
9.74648 1
9.23041 1
8.5217 1
3.24544 1
7.08331 1
6.06613 1
-0.330193 1
7.16285 1
7.69988 1
9.50651 1
9.10229 1
6.61793 1
4.4307 1
2.20398 1
8.81787 1
7.39557 1
5.21416 1
4.44433 1
2.86521 1
9.82647 1
6.04428 1
4.10594 1
2.47843 1
6.54488 1
0.410506 1
-0.113238 1
5.00433 1
4.82882 1
5.95825 1
1.44839 1
6.57245 1
4.51683 1
3.38013 1
-2.36045 1
7.84166 1
4.45011 1
3.97126 1
3.13322 1
3.29918 1
3.35479 1
4.88424 1
10.148 1
5.99653 1
-2.63307 1
6.0141 1
14.7802 1
3.6359 1
2.65593 1
13.0683 1
1.80051 1
2.60547 1
5.23586 1
-0.286806 1
8.78746 1
6.80434 1
7.50503 1
-0.888321 1
11.6213 1
11.8672 1
6.49854 1
0.680039 1
8.68761 1
8.14881 1
4.08535 1
6.02668 1
5.16371 1
5.50024 1
9.55218 1
6.53764 1
10.9514 1
7.26436 1
10.2811 1
3.75956 1
11.545 1
3.29199 1
4.79031 1
0.93779 1
-0.43006 1
1.69061 1
5.70344 1
14.1405 1
4.17474 1
3.57596 1
9.69412 1
-3.31027 1
6.78864 1
6.29141 1
7.14447 1
6.42037 1
3.00663 1
5.70301 1
7.30038 1
5.25748 1
4.74408 1
10.4276 1
6.06147 1
13.0326 1
5.91331 1
6.09191 1
0.338313 1
5.06715 1
4.63692 1
1.41775 1
6.14523 1
7.58278 1
6.43384 1
4.3266 1
5.51901 1
2.59764 1
5.7942 1
6.38954 1
5.26686 1
7.34682 1
4.14007 1
2.06909 1
3.46228 1
13.8902 1
6.75338 1
14.4208 1
1.84723 1
9.92202 1
5.65745 1
4.20252 1
3.16799 1
-3.33326 1
1.97011 1
2.63678 1
6.34142 1
8.25359 1
2.71558 1
5.25056 1
12.5293 1
10.0976 1
3.63635 1
8.97222 1
6.86243 1
-4.12845 1
2.55231 1
3.73783 1
5.89695 1
6.00184 1
4.62062 1
1.10955 1
8.25026 1
-3.43759 1
5.43073 1
4.19066 1
4.07338 1
7.25782 1
2.79397 1
6.11245 1
2.06592 1
0.511255 1
6.45123 1
0.693132 1
7.61799 1
7.40965 1
3.23117 1
2.35889 1
6.55021 1
4.39366 1
5.1423 1
6.15341 1
3.58691 1
4.05285 1
2.92391 1
6.63837 1
3.76699 1
4.86873 1
5.10134 1
4.48722 1
5.95765 1
5.56624 1
3.34676 1
3.68306 1
6.44064 1
5.49318 1
6.45095 1
4.09561 1
5.9561 1
4.98769 1
6.08649 1
1.81827 1
4.40323 1
1.33739 1
1.64532 1
3.96975 1
8.61306 1
1.83444 1
2.41374 1
9.38467 1
4.88704 1
4.12246 1
8.74828 1
6.12416 1
4.89352 1
2.61252 1
-4.50943 1
2.82976 1
5.57505 1
1.84003 1
4.34294 1
3.54507 1
2.32875 1
12.0344 1
3.4139 1
3.92803 1
3.50926 1
10.498 1
4.15429 1
13.0797 1
9.2446 1
8.44176 1
2.5601 1
8.53353 1
1.33336 1
3.9214 1
6.07589 1
6.21382 1
2.55444 1
7.2719 1
2.40501 1
13.4522 1
5.22275 1
5.08198 1
3.41911 1
8.83487 1
2.40762 1
3.97006 1
6.93382 1
-2.49962 1
1.02246 1
9.12915 1
5.81514 1
4.35822 1
5.62751 1
7.89469 1
1.87381 1
1.14822 1
7.57512 1
1.22647 1
4.7563 1
1.89059 1
3.38102 1
7.93787 1
4.48799 1
12.7734 1
4.01893 1
4.94816 1
12.4798 1
3.47773 1
7.31561 1
7.44799 1
6.35581 1
6.74983 1
7.67572 1
2.71348 1
8.32052 1
6.39504 1
5.51353 1
2.08853 1
6.59355 1
4.45254 1
-2.11378 1
2.49989 1
3.35975 1
5.45917 1
5.63313 1
2.13901 1
2.91864 1
7.30981 1
8.40029 1
5.7819 1
2.10083 1
9.88725 1
4.83585 1
6.55421 1
3.46857 1
6.75317 1
7.37503 1
5.48449 1
7.22242 1
12.332 1
4.49316 1
3.39383 1
11.3051 1
5.97188 1
3.15668 1
4.28763 1
5.36758 1
3.54274 1
4.23779 1
4.76692 1
4.85289 1
0.0437174 1
6.19752 1
1.92791 1
-3.75999 1
5.52879 1
6.80758 1
6.902 1
7.936 1
5.05886 1
3.88933 1
6.28376 1
-4.56221 1
4.32946 1
4.80468 1
8.13139 1
7.05621 1
8.68704 1
3.42145 1
7.31329 1
6.02138 1
5.90333 1
4.7196 1
6.52943 1
12.0074 1
4.46041 1
4.30162 1
6.61218 1
5.50183 1
5.93728 1
10.3637 1
9.49093 1
9.83579 1
8.45039 1
3.12098 1
13.21 1
7.38678 1
7.23245 1
7.21276 1
2.92124 1
-0.69208 1
3.86984 1
8.20502 1
6.30059 1
8.29483 1
5.69809 1
6.84764 1
4.31717 1
-2.07754 1
8.02452 1
10.1274 1
5.94036 1
7.38005 1
2.51581 1
4.54527 1
5.96272 1
5.43138 1
0.865309 1
6.19483 1
5.29907 1
5.95846 1
6.40169 1
6.24027 1
6.26116 1
7.91813 1
4.29978 1
3.11463 1
-2.43225 1
5.26861 1
8.51267 1
3.01785 1
4.73511 1
7.38228 1
-2.43681 1
10.6751 1
9.63856 1
6.95514 1
2.36414 1
0.168039 1
-2.94251 1
-1.96457 1
5.84193 1
5.19678 1
6.02402 1
6.94944 1
0.800375 1
2.67811 1
6.47468 1
7.56698 1
4.76695 1
9.30509 1
2.89557 1
7.12992 1
1.12422 1
4.45717 1
5.46457 1
7.38593 1
4.9508 1
3.35662 1
-0.311983 1
4.92032 1
7.36037 1
4.82481 1
4.41797 1
-3.62636 1
4.9964 1
13.1889 1
-1.71183 1
7.50617 1
4.15648 1
4.6099 1
11.9229 1
7.32213 1
5.47902 1
1.1089 1
7.11053 1
4.82957 1
4.62397 1
4.29418 1
4.37157 1
4.81042 1
1.89498 1
5.37627 1
11.088 1
4.66925 1
8.4796 1
4.61592 1
6.80656 1
3.74529 1
10.3615 1
5.80165 1
2.60415 1
6.54063 1
5.32569 1
3.67145 1
1.95429 1
5.88493 1
0.442415 1
5.92046 1
2.29136 1
5.21795 1
10.539 1
6.89144 1
5.19385 1
3.94503 1
3.35862 1
5.00483 1
-3.48544 1
-4.38743 1
5.01671 1
3.47557 1
4.18687 1
1.82136 1
3.30321 1
4.00642 1
14.0181 1
4.16774 1
2.58529 1
11.0261 1
3.26839 1
9.95288 1
7.46082 1
-2.80964 1
3.09381 1
3.06073 1
4.08711 1
2.67563 1
-4.74522 1
2.00638 1
5.60546 1
11.4261 1
4.01708 1
9.48551 1
5.39133 1
5.05209 1
5.33285 1
3.57097 1
4.36194 1
5.53845 1
10.1697 1
-1.52231 1
5.8149 1
1.19689 1
4.34221 1
9.63153 1
6.39537 1
9.0052 1
11.291 1
4.87937 1
4.82203 1
4.37984 1
7.76442 1
7.00443 1
12.4536 1
5.93015 1
7.899 1
-1.84377 1
1.5737 1
5.20423 1
9.83877 1
-3.61868 1
9.23325 1
11.4045 1
6.70821 1
10.8945 1
4.02871 1
1.75682 1
0.301516 1
5.69693 1
2.19605 1
2.30377 1
4.881 1
5.29865 1
6.18858 1
4.89851 1
-2.12451 1
1.66909 1
-0.922145 1
4.57513 1
7.85293 1
2.58794 1
8.13154 1
0.977687 1
2.05534 1
10.0042 1
7.99338 1
3.56817 1
4.35765 1
5.7693 1
9.92516 1
12.122 1
13.437 1
9.54842 1
1.16931 1
9.67486 1
7.46677 1
9.16814 1
6.76842 1
6.76853 1
13.0862 1
6.64552 1
1.39982 1
5.11749 1
5.1071 1
4.31572 1
5.35261 1
7.63861 1
1.35739 1
1.85824 1
7.74512 1
4.19754 1
6.41937 1
0.455538 1
3.32753 1
5.38737 1
14.7426 1
8.49908 1
5.24982 1
13.6231 1
10.8654 1
1.46315 1
6.09489 1
6.07923 1
4.31197 1
8.43679 1
4.5815 1
9.92586 1
4.18255 1
-3.19929 1
9.26272 1
-3.13592 1
4.55542 1
13.3848 1
5.91052 1
9.01194 1
4.1302 1
5.22529 1
13.972 1
1.1353 1
5.88888 1
-0.51524 1
3.54559 1
4.94799 1
8.51583 1
5.78471 1
6.45708 1
3.87428 1
7.80165 1
6.92035 1
-1.24468 1
1.60327 1
9.48001 1
-1.91929 1
5.86335 1
9.28647 1
2.9352 1
4.98794 1
2.89447 1
8.74296 1
5.19109 1
2.06755 1
2.19275 1
6.68972 1
7.00909 1
5.8835 1
3.56812 1
14.171 1
0.582262 1
-3.31567 1
2.45146 1
5.40006 1
4.67897 1
2.88871 1
13.6517 1
3.64788 1
8.22082 1
12.8121 1
3.27931 1
7.50787 1
2.42914 1
6.80002 1
5.78099 1
5.68411 1
4.46851 1
5.35503 1
4.49261 1
7.01379 1
7.97909 1
7.65759 1
5.77256 1
6.00471 1
6.20513 1
8.06712 1
4.15076 1
5.56325 1
5.11562 1
5.73774 1
-3.60937 1
3.12799 1
3.10322 1
7.47809 1
5.62201 1
2.44871 1
10.9828 1
4.64613 1
7.66 1
6.4627 1
9.44246 1
3.23697 1
4.01865 1
5.00253 1
7.5918 1
4.96429 1
0.514596 1
6.86259 1
3.30781 1
5.27917 1
6.45958 1
5.41856 1
2.7518 1
10.5155 1
-3.0651 1
8.50494 1
13.6551 1
1.19579 1
2.71194 1
5.96252 1
6.69417 1
3.53298 1
8.59447 1
-1.52035 1
5.84532 1
0.21236 1
2.1007 1
5.2178 1
12.6772 1
4.03884 1
-2.6178 1
5.40954 1
9.00144 1
4.25077 1
5.44215 1
0.8932 1
3.37812 1
9.26864 1
6.52622 1
4.02847 1
1.77326 1
5.77648 1
6.15467 1
7.79455 1
7.08651 1
9.73252 1
3.22007 1
4.0583 1
7.4273 1
5.74441 1
-2.57393 1
5.78203 1
5.35164 1
3.08733 1
4.7262 1
5.25681 1
6.96789 1
5.12306 1
-3.45394 1
10.4325 1
11.5843 1
4.94225 1
2.33497 1
4.91189 1
4.96405 1
8.69983 1
13.3381 1
10.1311 1
5.69572 1
11.1679 1
-3.92913 1
5.33582 1
4.18567 1
3.10819 1
-0.580131 1
5.14121 1
5.73433 1
4.67809 1
7.11057 1
10.3874 1
3.8188 1
5.8019 1
4.83062 1
5.75825 1
5.58421 1
2.33685 1
4.93553 1
4.64164 1
6.48963 1
9.19213 1
5.47662 1
6.15048 1
13.5662 1
1.28018 1
3.443 1
5.16875 1
5.12516 1
2.78939 1
-1.14307 1
