9.42948 1
4.87127 1
7.60615 1
6.42592 1
2.2967 1
4.16932 1
5.71475 1
6.63978 1
-0.311864 1
8.7646 1
7.41202 1
7.11614 1
9.38251 1
2.99373 1
3.33017 1
6.01565 1
7.75939 1
5.92488 1
3.87209 1
4.16687 1
4.89049 1
3.69959 1
2.50614 1
8.1145 1
4.86364 1
-0.952394 1
-0.23174 1
8.00637 1
2.89251 1
-0.206274 1
3.11525 1
3.38588 1
2.54543 1
3.88042 1
5.76005 1
4.30826 1
7.54243 1
1.82961 1
2.02183 1
3.4533 1
6.63725 1
7.17088 1
-0.701549 1
2.44248 1
2.72552 1
3.88175 1
2.85299 1
3.7746 1
0.824283 1
4.85786 1
2.98184 1
2.54539 1
6.0054 1
3.93503 1
10.6279 1
7.22671 1
0.0511353 1
2.48332 1
5.37081 1
6.63211 1
7.07316 1
12.5125 1
-1.08925 1
4.99319 1
6.37494 1
3.06283 1
1.40783 1
10.6022 1
4.46201 1
4.3253 1
10.5392 1
5.6428 1
10.0435 1
6.33731 1
5.61501 1
-0.330449 1
2.57296 1
3.69761 1
3.33019 1
9.03735 1
5.98789 1
7.57147 1
4.72763 1
6.50544 1
10.7216 1
5.88527 1
2.11404 1
0.57561 1
6.96356 1
7.43893 1
8.74245 1
2.86993 1
4.69494 1
13.5172 1
5.89496 1
1.71906 1
-0.27348 1
3.54547 1
3.62836 1
9.73194 1
8.00343 1
4.26459 1
5.95414 1
6.3411 1
11.2485 1
8.85913 1
10.1547 1
6.63844 1
1.92941 1
-2.29068 1
4.60606 1
4.35838 1
8.73765 1
2.74155 1
5.27807 1
-2.2343 1
5.10876 1
5.53146 1
6.26383 1
9.72196 1
1.52766 1
5.56862 1
2.22292 1
5.3185 1
8.16735 1
7.26023 1
5.96447 1
2.52865 1
-1.14143 1
14.6151 1
5.54371 1
10.4164 1
3.90644 1
13.161 1
7.79857 1
8.38843 1
6.76729 1
4.9233 1
6.53401 1
6.50756 1
7.8299 1
4.97164 1
6.95371 1
2.01714 1
6.15393 1
5.13212 1
4.03152 1
5.75161 1
3.89087 1
7.179 1
-0.747204 1
11.6539 1
4.08804 1
5.62903 1
8.8172 1
2.78843 1
4.29444 1
4.15391 1
6.16427 1
10.296 1
4.78395 1
0.586219 1
-0.606738 1
-3.13252 1
3.89134 1
2.92788 1
10.9813 1
4.00921 1
4.267 1
2.1683 1
3.51234 1
4.07075 1
13.0338 1
3.77024 1
5.08938 1
2.52988 1
6.96689 1
5.74433 1
7.04558 1
-1.48824 1
6.48093 1
10.8117 1
4.70183 1
11.0803 1
3.84452 1
1.39083 1
11.2871 1
2.39378 1
4.80404 1
5.14241 1
2.62813 1
5.49312 1
10.0134 1
3.37744 1
9.01752 1
5.7807 1
6.73755 1
10.9996 1
6.61345 1
2.94084 1
4.6051 1
6.31143 1
8.31627 1
5.3672 1
3.19513 1
3.65427 1
0.48215 1
5.81651 1
3.98722 1
6.23004 1
2.07209 1
-0.166846 1
5.13329 1
5.57604 1
3.17804 1
-0.460375 1
5.36173 1
-4.40686 1
9.22659 1
5.23375 1
9.84816 1
5.55726 1
2.26388 1
13.6415 1
3.2859 1
6.79033 1
10.7679 1
8.11786 1
-4.04738 1
2.97398 1
7.29962 1
4.42205 1
0.600585 1
6.45028 1
3.24479 1
2.57787 1
3.30894 1
3.98131 1
3.50017 1
8.00062 1
5.23514 1
2.88584 1
11.3443 1
3.42927 1
5.38269 1
4.05216 1
8.80265 1
6.31191 1
3.32057 1
7.30848 1
2.64202 1
6.11372 1
-0.353412 1
5.38715 1
6.36156 1
5.20626 1
4.67412 1
7.87771 1
1.79687 1
5.61484 1
1.45867 1
-3.74361 1
6.28254 1
0.414122 1
1.00613 1
-1.33174 1
9.74133 1
5.80587 1
-3.4076 1
7.86626 1
-4.78442 1
3.94526 1
-3.31969 1
1.19363 1
-3.12595 1
14.1852 1
2.72516 1
6.49066 1
6.51529 1
6.0672 1
4.92373 1
7.21268 1
6.13669 1
11.7021 1
8.95313 1
6.97502 1
0.536295 1
-2.71713 1
2.11071 1
2.18721 1
7.03008 1
6.49618 1
0.927427 1
8.54262 1
8.2873 1
4.86595 1
-3.88207 1
1.58606 1
5.98387 1
4.04016 1
4.37275 1
3.69205 1
-3.77719 1
4.60855 1
-1.82793 1
14.6514 1
13.5359 1
5.03453 1
2.58633 1
12.3621 1
5.15237 1
6.30893 1
3.13754 1
4.62611 1
7.27944 1
6.19705 1
3.14797 1
3.91706 1
5.12229 1
7.70784 1
2.29747 1
6.4852 1
4.79208 1
0.947108 1
6.73661 1
3.15934 1
8.55265 1
3.11991 1
8.06703 1
4.28004 1
4.74812 1
4.43353 1
-1.79042 1
7.23704 1
6.29596 1
4.66361 1
13.4426 1
-2.32476 1
8.37866 1
8.05506 1
6.66491 1
4.93054 1
0.466284 1
1.96608 1
6.14318 1
5.87776 1
2.29651 1
3.16306 1
8.79791 1
13.6871 1
3.06752 1
7.55045 1
7.42583 1
3.77688 1
3.92742 1
12.6948 1
0.689348 1
5.67133 1
5.9026 1
-3.04652 1
0.0699857 1
-1.36523 1
3.86097 1
7.72933 1
10.1902 1
12.2289 1
6.66207 1
4.89985 1
11.5235 1
6.94075 1
8.33378 1
4.86115 1
7.36434 1
13.6927 1
2.29223 1
1.49143 1
11.5591 1
7.01871 1
3.80537 1
6.62688 1
-2.97403 1
6.70689 1
4.05955 1
2.19481 1
4.81002 1
9.77975 1
4.93415 1
3.53835 1
7.37889 1
11.7001 1
7.96135 1
5.42611 1
7.11891 1
8.16816 1
3.7597 1
3.56454 1
7.56098 1
4.5817 1
1.85968 1
6.54792 1
4.00814 1
3.46183 1
4.40226 1
6.26174 1
6.60556 1
6.16276 1
6.20506 1
4.95513 1
-2.49207 1
-3.60639 1
3.43639 1
4.68942 1
-0.339733 1
-3.07079 1
4.97592 1
-1.66137 1
6.39468 1
6.25419 1
-1.50096 1
3.33721 1
4.54231 1
4.66137 1
6.69393 1
6.01272 1
8.49192 1
14.0926 1
5.73296 1
9.74628 1
6.00324 1
4.99292 1
6.44063 1
4.96609 1
1.85074 1
4.27667 1
3.76167 1
5.50604 1
11.0558 1
3.40965 1
4.44653 1
13.255 1
6.0163 1
-2.25665 1
5.27033 1
3.61677 1
7.18848 1
4.5164 1
-1.80268 1
8.10172 1
9.01982 1
4.53457 1
7.85504 1
6.11356 1
0.172043 1
7.77997 1
11.5671 1
3.16197 1
7.75652 1
1.7497 1
10.6408 1
2.17637 1
1.47311 1
2.36824 1
4.34008 1
5.53593 1
14.3368 1
11.0271 1
-2.3737 1
7.56412 1
1.85342 1
3.75805 1
-2.70647 1
13.1123 1
4.81589 1
11.9335 1
8.8076 1
3.35281 1
2.3996 1
5.34181 1
1.79342 1
5.59051 1
9.49878 1
3.55409 1
3.95639 1
6.32872 1
4.30919 1
-0.449479 1
2.58648 1
14.8092 1
6.42469 1
5.09972 1
10.4947 1
3.34429 1
10.9393 1
7.22445 1
4.69877 1
2.62163 1
4.70192 1
6.88797 1
3.31904 1
1.22518 1
8.29675 1
4.65865 1
8.1339 1
1.50569 1
4.20766 1
4.13833 1
5.39068 1
6.02199 1
2.15073 1
2.27514 1
2.08608 1
5.5464 1
4.51003 1
8.19534 1
3.00391 1
5.05547 1
7.93095 1
5.8716 1
4.4271 1
4.30812 1
3.65859 1
6.94696 1
-0.616216 1
8.54698 1
-2.00918 1
2.27787 1
10.3871 1
4.20905 1
7.12006 1
-1.45583 1
9.34285 1
-0.0824797 1
9.8704 1
7.29526 1
1.93748 1
-1.45561 1
3.53147 1
2.64556 1
11.2607 1
0.722348 1
6.44694 1
6.53675 1
4.39033 1
8.09392 1
7.43684 1
8.0846 1
3.14517 1
3.55135 1
5.96754 1
4.33186 1
9.2157 1
6.46617 1
12.2501 1
7.97625 1
0.33032 1
3.34281 1
13.516 1
14.5441 1
6.24174 1
4.397 1
5.13465 1
2.08181 1
5.39159 1
5.46316 1
6.53883 1
3.87392 1
5.10746 1
8.01179 1
4.24106 1
5.50049 1
-2.27125 1
6.80922 1
2.14736 1
2.50423 1
3.61672 1
6.10395 1
7.30595 1
5.86384 1
-0.177833 1
9.79184 1
6.09184 1
4.52423 1
10.2827 1
4.33511 1
6.99099 1
6.54535 1
7.18275 1
5.06887 1
12.1852 1
5.41458 1
6.27879 1
2.72831 1
1.91194 1
11.964 1
10.4807 1
0.474417 1
0.11332 1
4.6722 1
-1.87311 1
3.91216 1
11.6996 1
10.1907 1
2.90588 1
11.3272 1
4.56544 1
4.8717 1
1.63471 1
4.90797 1
6.87274 1
6.03731 1
6.58847 1
-2.91843 1
4.22155 1
7.95974 1
5.80596 1
4.81566 1
-0.905531 1
4.8175 1
4.87065 1
3.40276 1
4.21524 1
5.87619 1
3.63148 1
5.38704 1
8.06606 1
5.30142 1
-0.525125 1
7.51655 1
9.91187 1
5.24179 1
4.34217 1
4.84544 1
2.66687 1
6.15872 1
5.09712 1
5.59903 1
6.69231 1
8.66339 1
6.72626 1
3.7291 1
6.74249 1
5.86077 1
2.15827 1
6.02698 1
3.68395 1
4.92824 1
3.27198 1
2.41677 1
10.8357 1
7.34587 1
7.07533 1
6.84791 1
1.45641 1
5.83632 1
1.03992 1
5.09319 1
10.9642 1
6.77099 1
4.4145 1
4.29602 1
6.8595 1
3.61335 1
5.74493 1
1.81984 1
10.208 1
5.11703 1
7.37989 1
1.03423 1
-3.74807 1
4.76766 1
4.05689 1
8.95683 1
6.51304 1
2.98788 1
3.37561 1
6.21105 1
2.6575 1
7.46909 1
2.2784 1
4.17243 1
6.47323 1
7.4254 1
6.41193 1
0.807436 1
6.01271 1
12.189 1
0.0482569 1
3.57345 1
9.5469 1
3.95278 1
4.85566 1
8.01384 1
7.651 1
4.36277 1
4.65171 1
2.85451 1
6.75066 1
2.67738 1
-2.32161 1
9.98969 1
4.96198 1
9.27147 1
-0.49715 1
5.90572 1
6.26884 1
10.772 1
11.7682 1
14.6679 1
2.66844 1
5.85132 1
8.14265 1
5.84355 1
11.9114 1
5.99619 1
-0.343489 1
10.8795 1
7.00914 1
4.52559 1
6.02637 1
2.48778 1
4.07647 1
5.24535 1
13.2887 1
14.4063 1
4.52242 1
6.24204 1
6.42653 1
7.03315 1
5.04738 1
4.56572 1
-0.444354 1
11.9489 1
6.54986 1
5.76003 1
4.94868 1
-2.32173 1
6.49077 1
-3.291 1
5.1063 1
6.92665 1
-1.35811 1
4.44425 1
-2.15957 1
6.27219 1
5.18163 1
8.86127 1
5.81085 1
0.782483 1
4.86819 1
2.1189 1
4.83086 1
11.0002 1
6.57943 1
6.46002 1
12.4007 1
6.39892 1
8.25445 1
7.99513 1
8.76743 1
10.9101 1
4.1874 1
5.87891 1
4.12459 1
6.67461 1
10.447 1
5.88417 1
0.313944 1
5.12301 1
4.37274 1
9.5702 1
9.61801 1
8.79979 1
8.87623 1
5.42913 1
11.7811 1
6.61432 1
8.15324 1
9.88033 1
5.84256 1
6.98888 1
3.4282 1
3.63714 1
8.4587 1
7.63092 1
7.79187 1
2.70876 1
4.92979 1
1.6316 1
6.1977 1
3.51334 1
3.6437 1
9.65211 1
0.969903 1
0.0437785 1
-2.54496 1
6.0989 1
3.75041 1
9.74355 1
8.56314 1
9.08986 1
12.2626 1
2.14246 1
6.30003 1
7.59957 1
-0.61965 1
6.20409 1
2.21326 1
4.5583 1
7.47058 1
-2.38631 1
2.33778 1
0.894088 1
13.5588 1
1.40594 1
3.12129 1
10.0681 1
6.19531 1
0.448774 1
7.39987 1
8.62702 1
1.25416 1
1.49753 1
-1.6898 1
6.93229 1
6.13244 1
9.47555 1
3.71403 1
14.706 1
10.4566 1
6.668 1
5.34269 1
3.2081 1
7.20958 1
6.8928 1
5.31799 1
7.28351 1
5.31233 1
-1.10794 1
6.64023 1
4.2889 1
3.67729 1
9.11646 1
6.97461 1
5.47335 1
5.1547 1
6.44735 1
7.31547 1
8.47745 1
1.37571 1
5.39235 1
6.23892 1
6.67226 1
3.47611 1
3.94812 1
12.2081 1
5.33874 1
6.11699 1
5.48197 1
8.6788 1
2.07689 1
-0.958171 1
6.16116 1
6.95065 1
10.9879 1
-0.154289 1
6.69584 1
7.64273 1
4.28397 1
5.54593 1
4.58934 1
2.0659 1
3.54474 1
6.11098 1
4.73253 1
7.27348 1
4.53789 1
7.93355 1
6.23204 1
5.51311 1
3.09429 1
6.66977 1
4.43198 1
3.59247 1
13.1623 1
4.28653 1
3.96897 1
-0.854375 1
7.04998 1
7.7616 1
6.96749 1
7.83505 1
11.7143 1
5.85734 1
8.67108 1
-0.721051 1
3.67836 1
5.17862 1
4.89544 1
6.63538 1
7.66354 1
-1.6191 1
5.72405 1
2.40948 1
5.48022 1
2.57343 1
6.10616 1
-1.03001 1
8.94258 1
5.47959 1
-0.76112 1
9.14093 1
4.71977 1
3.20235 1
0.813116 1
13.063 1
3.44871 1
5.3966 1
8.79091 1
4.96329 1
6.46706 1
6.30117 1
5.28408 1
5.50165 1
12.0573 1
5.76329 1
4.13493 1
4.5614 1
7.89062 1
5.32412 1
9.83383 1
4.66886 1
7.46822 1
0.215037 1
4.88105 1
6.2772 1
5.84653 1
4.83994 1
5.58589 1
2.98718 1
3.76463 1
0.381336 1
-0.537591 1
5.30633 1
5.60381 1
7.01812 1
6.03675 1
8.64051 1
10.5158 1
5.77466 1
7.60278 1
3.06746 1
3.8605 1
0.0284076 1
11.8287 1
4.46515 1
4.56515 1
6.40011 1
9.29512 1
5.12701 1
4.89636 1
8.80877 1
5.48624 1
4.2213 1
0.395079 1
4.0047 1
3.79307 1
7.82552 1
10.1956 1
4.76111 1
11.4772 1
4.64433 1
4.83257 1
6.24463 1
5.9191 1
-2.22334 1
2.87211 1
6.22023 1
3.01227 1
8.74552 1
8.06264 1
5.20857 1
3.60958 1
-1.88064 1
5.08839 1
5.41413 1
6.53464 1
4.33825 1
7.50679 1
4.86483 1
4.39304 1
-0.695319 1
4.81238 1
-0.163414 1
14.6036 1
6.12066 1
2.80617 1
10.5837 1
6.45868 1
1.7093 1
6.52751 1
2.6771 1
1.70863 1
4.18036 1
2.68241 1
4.38523 1
0.730558 1
8.32766 1
3.38012 1
5.97538 1
5.94267 1
9.9751 1
9.46685 1
12.3976 1
6.59224 1
4.53242 1
7.73591 1
5.33064 1
4.7375 1
7.42731 1
1.03308 1
5.37919 1
4.63352 1
6.90043 1
9.37388 1
12.3508 1
5.3568 1
11.4006 1
5.09153 1
6.15295 1
2.91456 1
5.1809 1
7.0604 1
6.94888 1
8.85147 1
8.09599 1
6.75675 1
6.54519 1
8.24573 1
4.11483 1
6.07965 1
8.87975 1
6.38665 1
3.32394 1
6.81838 1
3.8907 1
2.36497 1
5.32655 1
4.41449 1
5.55672 1
3.50747 1
3.66752 1
4.71635 1
0.537536 1
4.38732 1
2.92122 1
-2.26236 1
10.9141 1
5.06718 1
10.6462 1
-0.960477 1
3.67376 1
9.64897 1
5.54163 1
-4.8545 1
14.5891 1
-2.1935 1
-0.956188 1
-0.0155811 1
5.81218 1
8.17688 1
2.97136 1
3.64078 1
7.98182 1
5.77757 1
11.8822 1
5.05519 1
4.89131 1
1.46542 1
10.4285 1
12.9679 1
5.47129 1
7.5982 1
8.3699 1
6.70694 1
5.44173 1
3.22972 1
9.18196 1
-2.7934 1
3.19888 1
8.62279 1
7.17168 1
5.29797 1
5.25273 1
0.261581 1
-3.72777 1
7.92877 1
6.27288 1
3.73262 1
6.00939 1
8.3491 1
2.39474 1
0.757788 1
3.35808 1
1.4269 1
4.33579 1
3.01302 1
2.93236 1
8.30204 1
8.15323 1
10.0603 1
11.8371 1
6.6475 1
9.64709 1
3.92412 1
4.80846 1
10.0964 1
7.61836 1
9.11508 1
4.06624 1
7.33477 1
4.40735 1
5.10389 1
9.1241 1
4.49595 1
0.42645 1
2.7893 1
0.272782 1
-0.0363186 1
8.23343 1
8.19527 1
7.23926 1
7.92964 1
6.78701 1
7.05997 1
6.1546 1
5.24454 1
-2.41803 1
-2.73559 1
5.90211 1
5.2795 1
7.76149 1
3.83735 1
4.52253 1
1.83593 1
8.20547 1
3.8391 1
5.83261 1
4.47928 1
-4.29587 1
4.53599 1
8.73513 1
3.76422 1
4.99668 1
6.52941 1
5.96556 1
8.59611 1
6.39807 1
6.45854 1
3.74754 1
5.42983 1
1.05811 1
3.94075 1
6.68886 1
6.40455 1
7.53588 1
3.74127 1
3.48162 1
2.947 1
3.54754 1
8.43141 1
6.82758 1
2.69986 1
5.79812 1
8.81313 1
6.72514 1
5.57239 1
6.45123 1
3.10719 1
6.23472 1
-0.961301 1
5.81637 1
11.7511 1
-0.142306 1
9.84905 1
1.56106 1
2.43112 1
9.20341 1
6.99837 1
6.6153 1
10.9376 1
3.99102 1
11.9009 1
13.3215 1
6.11896 1
3.66709 1
6.02975 1
-0.651157 1
-3.74843 1
2.99549 1
4.18942 1
-4.83035 1
5.70001 1
3.52982 1
11.2037 1
6.53053 1
4.6516 1
1.48246 1
3.67103 1
5.35781 1
6.19655 1
4.50623 1
-0.260349 1
12.1396 1
2.48934 1
3.99753 1
11.9602 1
9.29439 1
2.43876 1
7.94665 1
-4.03731 1
5.64518 1
9.67975 1
5.13504 1
11.324 1
-2.45485 1
5.61371 1
2.99883 1
5.02349 1
2.80179 1
3.9676 1
6.27404 1
8.48928 1
5.89533 1
5.16201 1
6.83189 1
5.30554 1
1.39595 1
5.92011 1
4.42703 1
3.53197 1
5.15546 1
-0.562941 1
1.71112 1
6.21578 1
-0.29475 1
5.91012 1
3.85515 1
10.9547 1
6.53934 1
8.04395 1
1.49869 1
2.80281 1
5.30248 1
5.14079 1
-0.953211 1
5.0739 1
6.62053 1
6.41281 1
8.39159 1
4.82828 1
-1.8323 1
8.16486 1
5.53838 1
7.25124 1
7.02436 1
-4.2335 1
3.85212 1
2.74971 1
3.44909 1
4.14361 1
6.60593 1
7.94538 1
4.25065 1
3.53971 1
4.47453 1
1.31707 1
7.40277 1
6.58092 1
5.09371 1
6.8666 1
4.38374 1
7.86709 1
2.27247 1
7.67252 1
7.68935 1
8.82684 1
3.38384 1
-4.41655 1
6.20003 1
-0.657144 1
6.57304 1
0.508207 1
3.47696 1
4.13922 1
4.7 1
7.00946 1
9.95081 1
5.53525 1
4.4424 1
0.798508 1
-2.67001 1
4.75817 1
2.33142 1
1.91127 1
7.48799 1
5.32151 1
5.41445 1
4.40847 1
4.43905 1
2.8473 1
7.803 1
3.78589 1
8.46627 1
4.51909 1
3.15679 1
6.37813 1
5.82988 1
5.63333 1
8.899 1
8.04458 1
6.86522 1
-1.83107 1
10.5473 1
5.78246 1
7.15943 1
-3.14191 1
4.18705 1
5.45374 1
5.77057 1
8.75822 1
3.05507 1
6.11676 1
5.40895 1
5.34486 1
4.53034 1
3.47967 1
4.63698 1
6.13817 1
2.58447 1
11.624 1
1.39936 1
5.25693 1
8.99854 1
3.152 1
3.91366 1
5.49772 1
3.51428 1
5.64656 1
-1.25319 1
10.0277 1
4.482 1
8.74936 1
9.73556 1
3.71135 1
3.19928 1
1.08954 1
4.25271 1
5.00954 1
6.31643 1
8.43335 1
7.98029 1
3.72298 1
12.723 1
8.19821 1
4.14825 1
5.40462 1
4.40963 1
-0.351798 1
5.54777 1
3.64927 1
6.09348 1
5.56747 1
12.0894 1
4.36905 1
5.07901 1
10.3065 1
6.29644 1
5.68341 1
9.80923 1
0.993534 1
6.62036 1
4.27568 1
8.06997 1
6.26137 1
5.03504 1
5.42045 1
-0.76379 1
4.90846 1
7.81048 1
6.02875 1
5.75855 1
4.28624 1
5.94373 1
3.49205 1
0.700622 1
7.0093 1
14.4394 1
14.5836 1
-3.04608 1
8.34061 1
4.23947 1
2.42469 1
3.58709 1
1.80646 1
-3.68768 1
7.63816 1
3.66383 1
2.54961 1
3.65351 1
7.34039 1
7.41919 1
2.5455 1
8.10026 1
3.41183 1
-2.16718 1
-3.01098 1
3.04621 1
3.14271 1
6.72402 1
3.25337 1
5.12557 1
-1.05325 1
9.6334 1
7.85303 1
3.1746 1
1.07722 1
7.28504 1
2.1201 1
3.52268 1
5.68798 1
4.10645 1
5.77741 1
7.96039 1
4.82038 1
9.41394 1
2.78091 1
13.1257 1
9.13966 1
4.39424 1
6.41537 1
6.69771 1
6.33843 1
3.36133 1
10.7452 1
2.44515 1
2.06998 1
7.03507 1
1.06902 1
1.73342 1
9.42602 1
5.88073 1
8.26001 1
4.57687 1
2.85335 1
7.98846 1
2.15671 1
6.32809 1
4.11892 1
4.25354 1
6.92335 1
-1.32349 1
-0.101315 1
7.55036 1
5.57719 1
14.4918 1
1.61064 1
4.60406 1
5.63486 1
4.33514 1
3.96962 1
10.4914 1
5.49397 1
0.761656 1
7.21661 1
5.49379 1
8.57884 1
11.8328 1
14.4403 1
10.6951 1
3.99115 1
5.60735 1
2.74088 1
-1.20563 1
5.92106 1
7.60419 1
5.74519 1
5.55396 1
2.39378 1
7.85748 1
7.88982 1
5.7877 1
5.56281 1
4.67122 1
2.65938 1
9.46721 1
-0.378229 1
3.42307 1
-0.601433 1
3.08017 1
5.10385 1
1.78671 1
4.81558 1
5.26853 1
11.1129 1
4.58759 1
6.66524 1
8.75075 1
5.00559 1
3.63065 1
5.55332 1
-2.4549 1
2.48055 1
9.85447 1
5.74099 1
8.70739 1
5.08706 1
2.38052 1
9.69124 1
10.9356 1
-0.352598 1
7.33681 1
5.19139 1
6.96603 1
5.95161 1
3.96914 1
5.967 1
11.2167 1
6.50485 1
4.45269 1
5.33966 1
12.5031 1
2.27665 1
7.55542 1
-2.74877 1
6.518 1
3.50809 1
4.65047 1
3.47782 1
9.26673 1
-0.295063 1
5.19914 1
3.33743 1
1.76223 1
11.7085 1
4.01152 1
5.20047 1
2.89863 1
6.79878 1
4.28627 1
5.84344 1
3.79538 1
-1.89861 1
4.47072 1
6.43249 1
11.1488 1
-3.79629 1
1.821 1
3.94591 1
4.68272 1
6.65193 1
4.92411 1
-1.55146 1
6.89034 1
3.2381 1
1.01343 1
8.58269 1
7.01167 1
3.25523 1
5.50725 1
6.57627 1
-1.21127 1
6.46918 1
3.79299 1
5.71785 1
-3.0689 1
5.66503 1
3.20194 1
6.19952 1
5.92103 1
2.35866 1
1.55348 1
2.87918 1
0.113994 1
4.24565 1
4.62782 1
-3.89353 1
6.36393 1
5.30404 1
8.75835 1
3.98913 1
5.55699 1
11.3168 1
2.09124 1
2.98122 1
5.26812 1
4.72627 1
7.42201 1
1.64948 1
13.0865 1
2.78205 1
-2.77489 1
5.13446 1
5.67421 1
-2.75511 1
2.68027 1
12.2897 1
13.2781 1
8.4085 1
-0.0227727 1
9.60922 1
3.72235 1
-1.40831 1
4.88561 1
9.49708 1
3.16587 1
3.42035 1
5.20517 1
4.28 1
4.89306 1
0.262837 1
4.41101 1
6.41143 1
-1.76774 1
-0.613186 1
4.56442 1
3.10874 1
6.07867 1
-4.48968 1
5.34729 1
1.47542 1
7.2521 1
5.76021 1
10.4431 1
7.42404 1
1.69585 1
7.33901 1
3.14076 1
4.31955 1
8.56918 1
3.4988 1
3.14453 1
8.23022 1
1.86584 1
10.2083 1
12.0811 1
11.9034 1
7.07449 1
9.11894 1
-0.946968 1
4.86203 1
12.1869 1
3.07547 1
6.82826 1
4.9811 1
4.94759 1
5.56854 1
0.206771 1
11.9403 1
1.69242 1
5.86276 1
6.94192 1
5.96314 1
5.31332 1
5.52309 1
5.2366 1
13.7422 1
6.20644 1
4.85804 1
0.517433 1
7.90212 1
1.66723 1
6.78735 1
4.70975 1
2.37075 1
9.30483 1
4.18788 1
8.74136 1
1.97099 1
-2.05931 1
6.19037 1
3.2329 1
5.86936 1
7.52452 1
3.8132 1
4.9924 1
3.46718 1
4.77884 1
5.23026 1
5.00862 1
3.51747 1
1.5846 1
6.76831 1
2.60095 1
2.67663 1
3.57805 1
3.88315 1
9.03068 1
6.30064 1
1.6301 1
3.9175 1
1.82788 1
3.99066 1
8.83582 1
2.55685 1
4.14574 1
12.7457 1
0.801491 1
-0.189335 1
7.03928 1
7.52573 1
5.65649 1
4.11027 1
0.0671066 1
1.98518 1
7.38779 1
9.04105 1
1.84881 1
6.9871 1
7.15199 1
5.3192 1
3.79665 1
6.51233 1
10.2822 1
-0.0924767 1
1.02406 1
6.06519 1
7.6519 1
6.19495 1
9.32751 1
5.89287 1
2.97697 1
5.38693 1
3.67738 1
3.27619 1
0.376891 1
5.931 1
0.15879 1
8.82305 1
6.76416 1
-0.5526 1
7.63334 1
5.58898 1
4.52829 1
6.39487 1
6.38032 1
10.5163 1
6.81832 1
5.42971 1
5.03394 1
5.57492 1
6.02106 1
3.08826 1
5.42775 1
5.88089 1
7.79428 1
4.35235 1
1.89361 1
4.4519 1
-1.17372 1
1.83617 1
7.98122 1
5.55528 1
5.84121 1
-0.768935 1
9.55327 1
9.50441 1
6.30469 1
5.05925 1
6.53897 1
5.66059 1
3.60666 1
8.53968 1
0.13132 1
6.21388 1
10.8632 1
6.21336 1
10.6961 1
5.18295 1
8.03753 1
9.95903 1
4.59595 1
0.85824 1
5.66577 1
5.26244 1
4.90224 1
8.50428 1
0.161253 1
0.945641 1
5.17256 1
3.52583 1
10.3113 1
9.83498 1
5.60439 1
5.10984 1
6.42925 1
5.39034 1
11.135 1
-1.4695 1
11.914 1
4.10397 1
6.08582 1
6.4234 1
5.30192 1
5.67018 1
3.08716 1
2.52398 1
6.06203 1
1.7685 1
5.19953 1
4.51793 1
2.52537 1
5.82716 1
6.14443 1
8.17936 1
10.5879 1
4.06682 1
4.33664 1
7.51079 1
13.1533 1
7.19075 1
7.27316 1
6.9787 1
5.01626 1
4.58694 1
9.48918 1
4.14093 1
13.4897 1
6.00529 1
5.80004 1
5.62438 1
0.0666284 1
6.3959 1
1.95179 1
12.2545 1
6.8643 1
8.97113 1
3.64936 1
-3.70021 1
10.0708 1
5.35832 1
14.2634 1
7.86964 1
4.33843 1
5.5374 1
6.62497 1
9.58685 1
6.292 1
8.14572 1
-0.474605 1
11.7306 1
4.17919 1
4.17219 1
7.99771 1
-0.2372 1
7.29772 1
2.73853 1
5.99017 1
6.88668 1
3.8987 1
4.73032 1
7.11894 1
3.82114 1
4.10479 1
14.7063 1
3.39707 1
4.14222 1
6.46749 1
7.484 1
8.5554 1
2.15513 1
10.0706 1
5.74034 1
9.22373 1
7.07427 1
8.42097 1
-0.166686 1
5.80143 1
6.61833 1
5.48565 1
-0.0639695 1
6.27409 1
4.03615 1
2.0926 1
6.80287 1
5.15046 1
6.57931 1
7.74164 1
5.60542 1
6.80427 1
4.69562 1
8.43897 1
2.30933 1
9.62337 1
5.41103 1
3.12179 1
4.39855 1
5.97049 1
4.44966 1
-3.55395 1
4.54808 1
9.08644 1
11.5752 1
5.27627 1
0.841176 1
3.2934 1
7.39247 1
4.35159 1
-0.11159 1
7.97556 1
4.9048 1
4.71446 1
5.77816 1
6.53965 1
10.1551 1
8.06157 1
2.13075 1
-0.0920545 1
4.8085 1
6.73835 1
10.0684 1
7.01784 1
3.40971 1
4.26422 1
11.391 1
5.41918 1
4.85211 1
2.7308 1
4.50812 1
4.51632 1
10.365 1
1.65876 1
5.11918 1
3.81598 1
6.30565 1
3.32413 1
6.7516 1
5.00297 1
5.72138 1
4.59986 1
6.65089 1
6.71938 1
7.00888 1
4.87414 1
4.24996 1
3.98901 1
5.87852 1
5.79912 1
0.435184 1
5.31274 1
9.27479 1
5.73622 1
5.83907 1
3.71985 1
2.27745 1
10.5183 1
3.36555 1
6.91547 1
4.243 1
6.21661 1
5.71467 1
5.67646 1
2.03842 1
1.40664 1
2.21118 1
4.45653 1
3.82518 1
6.94663 1
7.05185 1
5.9583 1
4.66576 1
5.57395 1
6.90071 1
6.66578 1
0.215742 1
2.0895 1
5.73636 1
0.658608 1
3.2123 1
1.07815 1
6.60286 1
5.20559 1
6.25806 1
3.33773 1
6.68356 1
-1.65564 1
-2.62157 1
2.48186 1
5.48936 1
5.19575 1
0.884468 1
6.73229 1
7.3154 1
-4.16566 1
0.948879 1
7.86523 1
4.20785 1
5.83442 1
10.0394 1
6.40474 1
-0.163169 1
4.63099 1
1.95898 1
-2.52109 1
3.2315 1
4.49255 1
3.03459 1
1.34112 1
-2.63889 1
4.82128 1
4.66952 1
3.96278 1
3.29856 1
4.09812 1
6.3256 1
7.39287 1
6.38327 1
12.559 1
4.05104 1
9.98429 1
11.1609 1
10.1473 1
4.95217 1
-0.611407 1
8.34547 1
4.66969 1
5.19801 1
12.7947 1
5.94045 1
5.07549 1
7.68427 1
-2.92713 1
0.527791 1
7.12543 1
5.02859 1
2.36631 1
3.27283 1
5.24492 1
4.87728 1
8.36331 1
0.511224 1
5.64967 1
-1.46536 1
4.97599 1
4.37025 1
3.86283 1
6.767 1
-4.7131 1
6.0612 1
9.96747 1
4.85353 1
4.50469 1
4.05438 1
-3.99757 1
5.99491 1
-1.23307 1
1.19435 1
5.38349 1
7.05893 1
4.20196 1
6.953 1
7.38066 1
3.84207 1
4.98413 1
-1.56573 1
4.80209 1
4.19426 1
6.67062 1
6.51339 1
-0.507582 1
7.61991 1
7.42374 1
3.63702 1
10.5699 1
4.84867 1
3.52783 1
5.78515 1
5.81153 1
4.87036 1
5.10407 1
9.53523 1
4.34538 1
5.73057 1
3.8396 1
8.84059 1
7.64528 1
5.80593 1
9.20188 1
2.76384 1
3.66892 1
4.37136 1
-2.73765 1
4.1941 1
0.40578 1
6.11548 1
3.15705 1
10.8247 1
1.39276 1
5.38034 1
6.36194 1
4.22187 1
5.80979 1
6.59177 1
7.16276 1
5.9699 1
5.29329 1
4.15182 1
9.41196 1
8.26372 1
-0.058389 1
6.96693 1
2.80999 1
3.31696 1
8.11685 1
0.666019 1
7.42523 1
3.27769 1
3.56036 1
5.95872 1
3.60144 1
6.94661 1
3.90364 1
5.51433 1
7.45682 1
11.8973 1
5.94959 1
4.81863 1
9.57597 1
3.36525 1
3.7901 1
6.00349 1
4.97973 1
4.51671 1
5.71574 1
2.46568 1
7.129 1
-3.3657 1
6.08448 1
8.47299 1
5.48444 1
4.52058 1
3.64924 1
3.38773 1
5.28889 1
6.53735 1
6.68484 1
4.14648 1
2.28652 1
5.35354 1
9.45258 1
6.36528 1
7.1894 1
11.4758 1
9.42066 1
5.62149 1
3.70512 1
3.4654 1
10.724 1
13.5048 1
3.06632 1
5.13911 1
12.8766 1
14.5611 1
0.747343 1
5.3808 1
1.22891 1
2.34274 1
4.57249 1
1.38409 1
1.84367 1
4.04878 1
7.43341 1
8.46694 1
3.35177 1
3.24055 1
5.92962 1
3.55963 1
6.06941 1
14.14 1
12.6524 1
4.61922 1
5.2094 1
5.85822 1
10.3417 1
5.62597 1
10.2031 1
5.06569 1
9.06647 1
2.44732 1
12.6304 1
5.51717 1
3.11521 1
2.47607 1
5.21133 1
-0.48398 1
1.95836 1
5.21308 1
6.56017 1
7.41553 1
4.99966 1
-0.31887 1
13.2769 1
5.97942 1
3.52679 1
2.01941 1
7.9007 1
13.0925 1
8.59262 1
4.49806 1
7.64083 1
2.5437 1
1.2588 1
3.85967 1
5.35795 1
9.74817 1
5.12027 1
3.2775 1
5.89158 1
10.1785 1
5.0726 1
3.18777 1
9.98828 1
8.29745 1
7.33442 1
7.59948 1
2.84853 1
8.04482 1
4.86923 1
7.04022 1
12.991 1
5.17716 1
4.26819 1
3.7852 1
7.99953 1
-0.968886 1
7.15756 1
4.93304 1
5.45818 1
-1.55948 1
3.81346 1
6.85385 1
4.79506 1
-0.910083 1
4.97076 1
5.37358 1
5.97828 1
5.58153 1
3.22736 1
3.80726 1
9.66079 1
1.85162 1
8.07876 1
6.47755 1
6.16424 1
4.44669 1
5.65793 1
5.23506 1
4.07665 1
7.37227 1
0.924705 1
14.3259 1
6.32485 1
4.95762 1
13.5747 1
9.99713 1
6.26836 1
5.63356 1
6.03126 1
3.39771 1
1.47565 1
3.07035 1
6.29457 1
4.18379 1
5.23638 1
9.70592 1
8.33619 1
1.89847 1
4.85088 1
6.41703 1
6.81574 1
5.67178 1
1.18723 1
3.89451 1
6.13653 1
5.88295 1
12.0914 1
5.23209 1
11.0069 1
4.41707 1
10.0203 1
-2.2896 1
8.79178 1
-0.134352 1
-2.05532 1
4.92057 1
11.6737 1
3.85811 1
1.89588 1
7.13906 1
6.24018 1
6.15881 1
3.60117 1
5.02689 1
2.50436 1
11.9245 1
7.31548 1
6.65435 1
9.93334 1
5.97655 1
4.47703 1
6.12889 1
7.33952 1
7.11709 1
3.14413 1
12.8782 1
6.22438 1
8.07434 1
0.345996 1
8.98428 1
10.1887 1
-2.71135 1
4.00106 1
2.69829 1
3.81895 1
4.4183 1
8.45599 1
-1.67296 1
4.67732 1
9.27107 1
8.05428 1
5.56769 1
7.9826 1
3.27733 1
-2.10252 1
9.31823 1
3.7726 1
5.93808 1
4.943 1
1.52143 1
13.557 1
13.4917 1
1.38386 1
6.2975 1
3.48845 1
4.05889 1
4.4766 1
5.9796 1
7.20963 1
5.32586 1
8.07498 1
0.154379 1
8.00825 1
1.31467 1
6.91503 1
10.2924 1
5.5864 1
3.79177 1
3.74825 1
3.79097 1
5.19155 1
1.69179 1
3.70705 1
4.51709 1
2.60607 1
9.52377 1
4.89777 1
1.87103 1
7.88213 1
5.67641 1
5.3342 1
2.97489 1
4.56512 1
-4.3973 1
8.09922 1
4.74333 1
6.14656 1
1.21413 1
5.03221 1
9.00869 1
4.18789 1
3.63186 1
5.9849 1
3.76884 1
-1.77502 1
2.53634 1
6.00488 1
5.8199 1
9.05722 1
5.62716 1
4.86737 1
1.71492 1
4.49275 1
6.296 1
4.84387 1
4.14204 1
2.8492 1
7.99865 1
4.32787 1
4.29835 1
10.3499 1
4.28063 1
9.78613 1
3.90553 1
3.54155 1
4.73726 1
6.93665 1
0.190922 1
4.28833 1
5.67863 1
5.96359 1
9.54852 1
5.4641 1
7.22 1
8.00405 1
5.88236 1
5.41198 1
2.82119 1
1.24718 1
5.93464 1
2.66169 1
-3.80957 1
6.60017 1
2.37419 1
5.53157 1
5.53767 1
3.15761 1
3.72508 1
5.5947 1
0.497011 1
6.0989 1
8.25953 1
4.63167 1
6.83296 1
5.46734 1
0.275715 1
-1.82913 1
4.78441 1
9.38611 1
-0.69187 1
3.98407 1
4.16181 1
6.67701 1
2.63679 1
8.42922 1
13.7254 1
5.3127 1
6.17005 1
5.74247 1
6.40459 1
6.60366 1
1.92504 1
9.84445 1
-2.25517 1
3.66076 1
7.68229 1
5.89097 1
7.67179 1
11.9622 1
0.324166 1
12.6806 1
4.27731 1
5.54968 1
4.26828 1
6.08844 1
3.27877 1
0.841837 1
2.31969 1
5.37935 1
0.0437222 1
5.48853 1
4.34837 1
7.33691 1
-3.23092 1
4.81637 1
12.755 1
7.68408 1
-1.48054 1
-2.54948 1
9.27971 1
-0.846728 1
5.18002 1
4.89438 1
7.38262 1
8.81572 1
4.85289 1
5.73892 1
13.329 1
7.41283 1
2.7501 1
2.93395 1
6.18776 1
7.14155 1
4.75484 1
0.42481 1
3.73275 1
5.33957 1
-2.60798 1
4.45433 1
1.4573 1
6.79476 1
1.23971 1
4.42743 1
5.02958 1
11.0838 1
6.35249 1
7.72756 1
8.15793 1
13.7136 1
6.6072 1
4.90231 1
3.032 1
2.97128 1
4.55833 1
4.86834 1
5.62314 1
6.60545 1
5.84744 1
5.00406 1
6.18797 1
6.31095 1
1.94269 1
1.19323 1
-0.697799 1
12.6619 1
5.2686 1
0.143052 1
5.72872 1
6.24483 1
3.4966 1
1.16434 1
6.41082 1
4.0775 1
4.04126 1
6.67881 1
8.30497 1
4.08808 1
1.05185 1
4.4157 1
1.97729 1
2.58037 1
0.297633 1
6.06207 1
4.26577 1
6.834 1
6.16901 1
4.63149 1
8.61372 1
4.44167 1
1.56996 1
4.83236 1
4.52396 1
7.3587 1
-2.55276 1
8.77512 1
3.87123 1
6.24905 1
6.43936 1
11.1916 1
3.40157 1
4.37655 1
0.171674 1
1.495 1
6.30864 1
4.98091 1
3.67052 1
-4.76695 1
2.24056 1
4.35057 1
2.5589 1
13.118 1
3.11109 1
8.19707 1
2.67276 1
7.23814 1
3.42096 1
6.33786 1
4.35065 1
4.84407 1
2.65024 1
8.67923 1
6.23949 1
4.65943 1
6.66437 1
10.8261 1
6.36093 1
5.72867 1
5.67243 1
0.290012 1
5.73317 1
5.60361 1
6.54085 1
4.88121 1
7.76082 1
-1.76402 1
3.44653 1
4.89146 1
5.11313 1
7.00922 1
8.30426 1
8.94348 1
4.91834 1
5.38266 1
3.14841 1
5.07903 1
5.53499 1
7.27278 1
6.89489 1
12.9722 1
7.63759 1
5.63205 1
5.84314 1
7.92551 1
4.80435 1
4.44451 1
9.1499 1
-0.103799 1
6.29001 1
-2.56413 1
1.88718 1
5.05622 1
-3.69825 1
-3.21998 1
2.26831 1
5.84744 1
4.29848 1
-2.396 1
5.75373 1
4.87892 1
2.03056 1
4.51655 1
3.81365 1
5.21956 1
6.62536 1
4.77652 1
5.64043 1
4.05912 1
-0.979181 1
2.79494 1
1.31704 1
4.94053 1
-2.31189 1
4.51487 1
3.48743 1
-0.49618 1
5.41106 1
4.34156 1
0.773757 1
4.1554 1
6.3985 1
6.30634 1
4.54246 1
0.583286 1
5.26529 1
5.37055 1
3.61012 1
8.8917 1
4.82244 1
5.61373 1
1.30172 1
9.15567 1
4.54134 1
5.98418 1
6.8118 1
10.2411 1
8.32488 1
9.15959 1
5.24595 1
3.52042 1
5.25268 1
5.1328 1
4.90607 1
-1.29785 1
5.55877 1
-0.107044 1
6.01042 1
4.88689 1
9.06256 1
3.86709 1
8.60331 1
-2.5621 1
-0.563309 1
8.59544 1
10.1254 1
2.9276 1
7.65656 1
3.65665 1
3.24438 1
6.79645 1
8.78302 1
4.47405 1
6.31997 1
2.93241 1
7.59613 1
5.79907 1
6.71282 1
5.83501 1
6.46462 1
-0.165386 1
4.30048 1
7.02804 1
6.6466 1
8.88375 1
14.2017 1
4.21811 1
7.5896 1
6.1105 1
2.50197 1
5.38029 1
4.17226 1
5.03274 1
9.87436 1
5.39891 1
1.5697 1
9.23712 1
5.43308 1
5.78944 1
6.5361 1
2.46609 1
5.40305 1
2.72685 1
9.97573 1
5.05417 1
13.698 1
6.1566 1
11.383 1
4.40297 1
1.62896 1
7.0207 1
7.76934 1
8.26759 1
6.30557 1
-1.18997 1
0.238682 1
4.36955 1
13.5688 1
8.72944 1
6.24725 1
8.08251 1
11.7405 1
6.91274 1
9.86808 1
3.01494 1
7.37828 1
5.37273 1
9.64056 1
1.36934 1
3.09284 1
1.76177 1
-1.92235 1
11.8353 1
4.90827 1
5.30396 1
-0.939038 1
2.7949 1
10.1833 1
5.41493 1
5.60541 1
10.7414 1
1.69949 1
6.74105 1
4.72176 1
5.87901 1
4.23341 1
4.66421 1
4.65543 1
4.08677 1
-2.24981 1
1.29935 1
3.26168 1
7.62597 1
2.30221 1
5.62176 1
3.57512 1
6.95256 1
14.454 1
6.7993 1
4.82004 1
8.17955 1
14.2596 1
14.7845 1
6.16982 1
6.33722 1
5.94722 1
11.881 1
5.92004 1
7.15274 1
-1.28173 1
5.63322 1
6.86498 1
4.71141 1
6.95941 1
1.26699 1
6.1149 1
8.045 1
3.64562 1
5.54736 1
1.5441 1
9.03355 1
2.98867 1
7.22064 1
5.24516 1
4.01345 1
5.82183 1
4.0117 1
-1.22034 1
0.470277 1
12.2714 1
4.09617 1
3.70065 1
3.7166 1
3.70193 1
10.7901 1
6.25328 1
-0.950014 1
-2.82926 1
6.6887 1
8.41696 1
3.73089 1
3.83905 1
8.65448 1
3.98651 1
10.6493 1
5.63956 1
5.02741 1
2.02848 1
6.9993 1
6.29123 1
3.96495 1
7.25509 1
13.0413 1
9.73486 1
14.7957 1
3.81165 1
0.308124 1
4.25698 1
10.3328 1
6.89387 1
7.86019 1
2.00825 1
2.64506 1
7.04646 1
6.68605 1
9.59518 1
3.11448 1
6.13734 1
4.24568 1
10.8642 1
6.58919 1
-0.688433 1
5.04099 1
-2.77549 1
5.17518 1
6.52549 1
5.08745 1
7.12493 1
9.89447 1
4.14851 1
10.5651 1
3.3699 1
9.20704 1
3.40059 1
3.98846 1
6.73313 1
7.55962 1
5.18122 1
-1.67759 1
2.83967 1
5.04758 1
5.1089 1
-0.346689 1
-0.706166 1
-1.88791 1
10.4488 1
1.46233 1
1.81461 1
4.02946 1
5.00708 1
2.47293 1
5.20912 1
8.43076 1
2.96698 1
10.3804 1
4.66288 1
10.775 1
14.1906 1
3.68825 1
3.07367 1
7.21408 1
8.48269 1
9.3186 1
3.49927 1
3.98591 1
3.61601 1
6.69339 1
6.70534 1
5.71418 1
5.80297 1
3.38676 1
7.40412 1
7.31274 1
-0.00797525 1
6.4563 1
6.71364 1
6.082 1
4.76205 1
5.10401 1
6.19669 1
5.32421 1
-0.990264 1
5.17114 1
7.20768 1
7.17118 1
14.8088 1
7.62922 1
1.9926 1
5.51111 1
4.92473 1
4.12697 1
8.56489 1
1.24703 1
5.71717 1
3.71719 1
6.24719 1
6.59919 1
12.7357 1
2.16907 1
4.57029 1
8.91821 1
10.4864 1
8.68799 1
-4.31305 1
3.88779 1
5.55955 1
3.53872 1
5.86552 1
3.43531 1
3.54896 1
8.46595 1
6.68215 1
4.14783 1
6.26574 1
4.34084 1
3.8461 1
-0.82593 1
9.17835 1
1.93176 1
4.07019 1
6.6859 1
10.9397 1
5.93796 1
7.78907 1
9.42454 1
3.65064 1
-0.452819 1
-3.09387 1
7.08391 1
4.61899 1
3.56299 1
8.18405 1
4.91593 1
5.48762 1
7.31647 1
0.744083 1
6.26158 1
7.27114 1
13.0018 1
7.14461 1
5.31607 1
3.85598 1
13.0737 1
4.28804 1
5.58863 1
-2.48982 1
-0.809072 1
10.0672 1
3.59266 1
8.65152 1
6.71104 1
4.98751 1
6.00467 1
0.129997 1
11.1117 1
4.26705 1
9.54367 1
3.31966 1
11.2157 1
3.62328 1
7.06529 1
8.50168 1
6.18441 1
5.50099 1
2.72299 1
7.28611 1
5.27835 1
6.76779 1
-4.19715 1
9.28594 1
4.91075 1
6.07547 1
-4.8501 1
5.09891 1
2.45402 1
5.74778 1
3.80875 1
6.05855 1
8.85203 1
7.08225 1
10.9397 1
10.092 1
9.57477 1
6.97516 1
2.77058 1
11.4642 1
-0.45669 1
6.46164 1
5.24054 1
5.15113 1
9.56945 1
0.969499 1
7.24748 1
4.18499 1
12.8934 1
3.54875 1
-4.45877 1
4.66133 1
-1.15821 1
2.9097 1
3.2554 1
-0.7565 1
14.4727 1
8.58193 1
-0.95865 1
5.0968 1
4.55634 1
1.95158 1
2.4454 1
0.829862 1
5.0502 1
2.29768 1
8.79415 1
3.28938 1
8.31002 1
3.70965 1
4.31272 1
6.01312 1
7.7319 1
5.90721 1
3.24306 1
6.68966 1
3.83651 1
6.11465 1
4.8596 1
1.50074 1
4.73198 1
4.70185 1
0.112482 1
2.3545 1
6.6319 1
6.02564 1
5.07162 1
1.76899 1
4.4476 1
4.83751 1
14.0653 1
0.642748 1
4.42987 1
4.64588 1
1.91052 1
6.75083 1
6.3288 1
6.11447 1
2.43374 1
6.63047 1
5.31503 1
3.0333 1
5.24425 1
4.71097 1
3.81693 1
6.28419 1
1.22945 1
5.00065 1
4.95592 1
10.9031 1
6.60874 1
4.54451 1
4.63256 1
-0.997577 1
2.91232 1
7.55008 1
8.49368 1
4.78785 1
7.4105 1
11.5487 1
4.75139 1
3.91432 1
10.4716 1
9.01276 1
4.34566 1
6.12657 1
-0.242058 1
9.78932 1
3.79616 1
3.49159 1
6.10473 1
8.55701 1
3.82692 1
4.6003 1
8.81612 1
5.86662 1
9.91581 1
9.05179 1
3.98661 1
11.6315 1
12.1895 1
5.14588 1
5.23362 1
7.51398 1
4.93244 1
10.6163 1
1.69363 1
2.5283 1
1.85022 1
2.96636 1
0.893675 1
7.48367 1
4.95976 1
13.0833 1
3.13968 1
4.56746 1
4.84932 1
4.08461 1
2.05174 1
4.06882 1
6.40859 1
6.23528 1
14.2801 1
3.96845 1
-2.22684 1
4.7091 1
2.00904 1
3.03772 1
2.17571 1
7.62611 1
5.98441 1
0.50264 1
5.24023 1
7.6422 1
-3.44189 1
1.31645 1
7.91827 1
3.31889 1
4.57227 1
5.79281 1
1.16924 1
5.01973 1
7.51666 1
13.6155 1
6.13545 1
4.63912 1
3.09333 1
9.65151 1
4.01341 1
6.34617 1
13.3498 1
5.45024 1
4.31093 1
1.21717 1
3.86346 1
7.58701 1
3.02797 1
10.1327 1
6.27705 1
2.88047 1
5.18765 1
4.90042 1
0.804208 1
1.835 1
5.65131 1
8.25511 1
4.89729 1
4.40468 1
4.16978 1
10.33 1
8.07457 1
2.95473 1
4.6886 1
9.9985 1
6.87309 1
4.50669 1
3.14987 1
9.23635 1
4.35466 1
5.21262 1
6.99034 1
-2.04194 1
7.50516 1
7.81599 1
3.83575 1
-3.11273 1
2.90548 1
4.55417 1
5.69151 1
5.69627 1
5.90715 1
6.88531 1
4.71713 1
13.9164 1
5.58584 1
5.20386 1
11.4728 1
4.44373 1
7.99021 1
5.65752 1
6.6623 1
1.52883 1
10.6393 1
6.55839 1
2.427 1
2.19299 1
5.57107 1
8.24729 1
1.6517 1
4.03059 1
5.2847 1
4.9725 1
6.29253 1
4.37799 1
7.89555 1
5.48133 1
7.49628 1
9.54522 1
4.37717 1
11.722 1
5.89736 1
4.71852 1
7.76399 1
4.52565 1
4.66014 1
3.03194 1
4.90416 1
5.28016 1
1.73405 1
2.63742 1
12.3399 1
9.46672 1
7.13562 1
8.28598 1
8.96094 1
5.04584 1
-1.8807 1
4.27031 1
9.09256 1
6.54793 1
4.99462 1
5.58779 1
-1.56822 1
5.96706 1
6.99206 1
3.59422 1
7.92506 1
4.23228 1
-0.299612 1
1.65833 1
6.56542 1
4.54639 1
5.23259 1
3.15208 1
3.74533 1
4.36357 1
8.57226 1
2.15796 1
4.30323 1
6.60592 1
4.81715 1
5.07029 1
6.23597 1
2.66513 1
4.74704 1
4.26766 1
10.8537 1
6.16956 1
5.75466 1
12.5136 1
7.86149 1
3.99121 1
6.2942 1
-3.32494 1
6.17954 1
5.76407 1
-1.14936 1
7.08606 1
13.8022 1
7.06907 1
7.54153 1
4.86162 1
6.49833 1
4.63756 1
8.95485 1
9.03185 1
9.16134 1
-3.26404 1
0.899696 1
10.3547 1
1.65907 1
8.28382 1
2.77427 1
5.66577 1
-0.578031 1
4.47909 1
-4.23137 1
4.70216 1
2.19657 1
-0.596417 1
7.15537 1
8.00718 1
5.06128 1
3.35423 1
5.84768 1
1.38821 1
5.2723 1
7.77596 1
5.20353 1
9.56313 1
5.29084 1
7.46315 1
11.4041 1
2.56447 1
4.74064 1
8.17928 1
7.60053 1
0.610708 1
13.4528 1
2.10278 1
11.2599 1
1.65742 1
1.99689 1
4.0775 1
0.492952 1
1.21256 1
10.0698 1
6.53667 1
5.10419 1
4.64122 1
4.88698 1
1.1797 1
4.92442 1
3.32069 1
3.33364 1
1.3956 1
3.76944 1
-1.15087 1
5.95021 1
7.71169 1
5.28804 1
5.81875 1
3.43793 1
2.2654 1
1.77903 1
2.12903 1
0.769833 1
3.68651 1
6.65535 1
7.41278 1
5.57331 1
6.13103 1
7.00018 1
6.78247 1
8.54541 1
2.62646 1
9.27457 1
2.59148 1
2.13807 1
3.79575 1
3.83964 1
4.54968 1
9.21999 1
11.3067 1
7.39214 1
9.16803 1
5.03132 1
5.43041 1
4.2022 1
6.62306 1
6.69227 1
8.14757 1
14.7872 1
2.47381 1
2.3067 1
12.1059 1
6.79935 1
5.71052 1
5.94471 1
13.673 1
4.18499 1
5.45738 1
4.61326 1
4.7144 1
7.64225 1
2.29999 1
6.3261 1
8.42794 1
5.41942 1
3.24005 1
6.21998 1
2.91286 1
4.15298 1
6.66564 1
4.44282 1
2.92854 1
6.90909 1
10.2342 1
8.70793 1
5.09164 1
3.39116 1
7.29254 1
3.58715 1
2.31172 1
5.93516 1
4.62078 1
3.18777 1
3.46261 1
4.67467 1
6.62281 1
5.52316 1
8.22848 1
4.70297 1
3.99028 1
1.73899 1
3.73979 1
5.9516 1
4.44051 1
6.96087 1
5.44815 1
6.41746 1
4.84817 1
12.7904 1
5.00652 1
9.35726 1
13.9892 1
6.80614 1
1.43458 1
0.520886 1
4.89271 1
5.61168 1
-0.193918 1
7.0227 1
4.15301 1
3.36507 1
-0.826816 1
1.80225 1
4.04546 1
4.73371 1
7.18049 1
5.0843 1
13.2856 1
7.41588 1
7.03112 1
3.85365 1
8.66363 1
8.56 1
4.9485 1
5.76302 1
6.15031 1
4.21956 1
3.28987 1
10.3848 1
14.5511 1
8.79294 1
6.21981 1
-0.43392 1
0.139266 1
2.50075 1
12.4252 1
0.187346 1
9.60023 1
3.95607 1
5.32277 1
4.13324 1
9.62733 1
0.491329 1
0.565098 1
4.39767 1
-0.475171 1
2.89622 1
9.98507 1
4.11748 1
4.6533 1
3.05446 1
3.50779 1
4.67561 1
-0.685203 1
1.39046 1
3.47773 1
5.19451 1
9.1787 1
4.48105 1
7.25753 1
3.20359 1
6.4857 1
2.59883 1
10.7413 1
2.59941 1
5.86766 1
5.92668 1
5.86807 1
4.45804 1
4.70288 1
-4.72715 1
8.04587 1
4.38405 1
5.96533 1
0.90756 1
4.30477 1
5.96282 1
4.26327 1
2.90148 1
5.93621 1
3.43295 1
1.52366 1
0.812803 1
0.809641 1
10.964 1
2.37228 1
1.60674 1
7.24996 1
9.41212 1
14.854 1
5.89539 1
5.13696 1
3.68915 1
3.91018 1
7.27774 1
7.13661 1
4.67405 1
8.42309 1
9.877 1
6.29904 1
5.51392 1
-0.0160513 1
10.6348 1
3.6518 1
1.06289 1
8.74153 1
2.96779 1
11.6223 1
2.85183 1
3.12115 1
0.271167 1
6.83716 1
5.31387 1
5.21808 1
12.9914 1
-0.734029 1
1.94547 1
0.540921 1
4.11147 1
4.67161 1
7.60477 1
6.18668 1
4.02913 1
14.7173 1
2.28553 1
-2.21186 1
12.2269 1
4.51365 1
6.95809 1
10.1714 1
14.7279 1
-0.844381 1
4.27991 1
9.51686 1
2.99268 1
4.77611 1
7.45534 1
-0.0529758 1
6.80987 1
7.54609 1
3.4052 1
-2.53751 1
3.51309 1
4.99318 1
11.7429 1
1.29298 1
6.07773 1
2.72844 1
6.14262 1
3.90936 1
0.064449 1
5.26625 1
6.4588 1
2.35778 1
13.6102 1
5.17986 1
4.9043 1
-2.86208 1
3.42304 1
5.28809 1
9.70541 1
7.34555 1
-0.414163 1
7.62566 1
1.68455 1
4.99992 1
12.8448 1
4.30126 1
4.20497 1
6.13756 1
5.20328 1
4.9006 1
4.82832 1
4.59696 1
5.25581 1
5.45267 1
4.20806 1
13.1292 1
11.9262 1
8.7252 1
2.10149 1
7.89132 1
4.85003 1
4.19909 1
6.3482 1
5.39617 1
3.95676 1
8.38109 1
5.36496 1
6.01794 1
7.5531 1
12.3952 1
6.00862 1
3.38667 1
10.0909 1
2.14098 1
-1.31718 1
6.57591 1
7.32684 1
9.69821 1
4.88592 1
7.00742 1
5.1917 1
12.3879 1
6.56098 1
-2.20845 1
5.93259 1
9.12461 1
1.06391 1
5.46 1
6.02961 1
4.31057 1
5.02332 1
7.78157 1
1.75606 1
12.3163 1
6.04238 1
5.3727 1
6.86571 1
7.62866 1
8.36579 1
4.16033 1
-0.307644 1
-1.10995 1
4.80796 1
7.58182 1
12.1462 1
5.90448 1
4.05819 1
6.00816 1
4.99706 1
-0.0782684 1
6.07602 1
11.0846 1
11.002 1
10.2279 1
6.53986 1
5.66193 1
7.82319 1
6.03383 1
-0.259395 1
11.2305 1
8.25794 1
8.76162 1
13.6081 1
6.65337 1
5.79137 1
5.51107 1
5.76408 1
2.48507 1
0.479358 1
4.26872 1
2.23974 1
9.46639 1
1.25755 1
4.80372 1
2.57202 1
2.60485 1
5.68617 1
5.74293 1
4.14534 1
12.7403 1
1.36034 1
6.92866 1
5.18515 1
4.87104 1
3.49907 1
3.87582 1
4.60993 1
7.46941 1
5.36418 1
1.8124 1
4.42192 1
0.762006 1
-0.156425 1
5.20195 1
6.26055 1
5.55283 1
0.907919 1
5.12657 1
8.03007 1
4.40102 1
3.62337 1
-1.49077 1
6.44263 1
4.72441 1
8.80775 1
3.99833 1
7.09836 1
3.00853 1
4.95736 1
1.81121 1
0.0246697 1
5.67052 1
4.95951 1
5.95426 1
6.41276 1
6.75295 1
13.502 1
5.37409 1
7.29949 1
0.671394 1
6.59936 1
6.28466 1
3.92735 1
3.88834 1
4.7622 1
7.16683 1
5.19981 1
3.62264 1
5.84444 1
6.45786 1
1.78449 1
7.03069 1
4.63922 1
4.29717 1
3.8831 1
6.40114 1
11.655 1
7.79482 1
7.15246 1
4.83299 1
9.08974 1
-1.65386 1
6.04936 1
11.5768 1
4.26504 1
2.54798 1
-3.18851 1
2.06442 1
7.51136 1
6.52967 1
13.0037 1
13.6119 1
5.22094 1
1.70303 1
4.58537 1
5.10168 1
11.557 1
1.04902 1
5.57411 1
2.20849 1
6.06225 1
8.11757 1
9.13471 1
4.65381 1
12.0205 1
5.26002 1
4.6867 1
7.24994 1
0.652941 1
5.55594 1
6.93653 1
5.73147 1
0.0491062 1
6.33929 1
8.45266 1
7.19181 1
3.66604 1
4.24492 1
3.94274 1
5.40599 1
-3.62118 1
8.78065 1
3.14074 1
2.4582 1
9.85772 1
6.3554 1
14.3069 1
5.17133 1
7.19173 1
3.59265 1
5.65954 1
1.52658 1
7.81173 1
-0.203792 1
11.8433 1
3.66422 1
3.49958 1
11.9289 1
5.70986 1
4.42154 1
3.98695 1
4.00067 1
5.56278 1
-2.61534 1
5.58408 1
1.45857 1
7.61837 1
5.86314 1
1.85346 1
3.85567 1
0.633942 1
5.16932 1
3.84768 1
6.98821 1
11.7426 1
4.80058 1
9.50737 1
3.87414 1
-0.0996723 1
2.29004 1
0.418679 1
6.79354 1
6.75485 1
3.20145 1
13.4245 1
-2.91748 1
5.79193 1
4.44608 1
1.38738 1
5.07274 1
11.7776 1
7.92134 1
4.52036 1
3.47694 1
5.42741 1
14.7866 1
4.59165 1
5.62297 1
9.92619 1
5.41456 1
7.03814 1
6.53658 1
8.75529 1
5.78246 1
5.84757 1
4.58773 1
0.343179 1
10.3676 1
9.05636 1
2.8115 1
4.80213 1
3.60024 1
2.01076 1
7.34474 1
5.17972 1
-3.32759 1
8.58412 1
5.49317 1
6.14704 1
4.84249 1
4.3536 1
12.7899 1
5.63578 1
6.88464 1
7.09296 1
3.38475 1
6.8853 1
-0.376342 1
11.2872 1
8.55943 1
2.70771 1
3.98505 1
2.77269 1
7.14235 1
4.15197 1
12.1793 1
5.27724 1
8.05833 1
4.22536 1
0.72054 1
13.5172 1
1.63932 1
11.398 1
2.99599 1
1.02298 1
2.69316 1
12.9166 1
-0.791816 1
11.6317 1
7.25421 1
-0.547183 1
-0.496289 1
0.607125 1
-4.75671 1
1.31241 1
2.80217 1
7.70559 1
5.0664 1
5.83515 1
4.5254 1
4.48791 1
5.11597 1
6.32924 1
8.21121 1
1.23263 1
6.50119 1
10.785 1
2.0624 1
8.12809 1
5.30979 1
12.1393 1
5.98277 1
2.25235 1
6.67814 1
4.21691 1
14.4855 1
9.6719 1
4.88117 1
8.08398 1
3.3956 1
10.9576 1
5.84694 1
7.98757 1
-0.295767 1
8.3862 1
5.68086 1
8.75264 1
5.69203 1
2.41706 1
4.80466 1
11.2434 1
3.59905 1
5.97014 1
8.79994 1
5.02159 1
5.72123 1
5.1117 1
-2.58246 1
6.49654 1
1.76109 1
-3.22148 1
3.0131 1
1.46715 1
3.09123 1
3.15392 1
5.00548 1
4.3265 1
7.50929 1
12.5855 1
8.06277 1
6.84701 1
5.56626 1
2.91653 1
8.45028 1
6.87257 1
-0.34739 1
3.21053 1
6.78616 1
0.760262 1
4.16105 1
4.90253 1
4.32296 1
4.71521 1
14.7076 1
10.7953 1
5.07419 1
7.59071 1
7.86914 1
3.285 1
6.49805 1
7.93465 1
7.89645 1
-2.38604 1
4.82514 1
4.75634 1
12.9257 1
6.23816 1
4.7597 1
6.34716 1
6.23731 1
5.605 1
5.13338 1
1.84836 1
5.04395 1
5.31719 1
10.9406 1
3.85288 1
5.88348 1
3.03125 1
9.64678 1
7.62571 1
1.18459 1
4.79585 1
2.41957 1
5.97252 1
4.20637 1
6.02389 1
5.22579 1
5.99702 1
4.67294 1
6.76471 1
8.15285 1
8.31765 1
9.1484 1
1.09921 1
5.56152 1
4.02589 1
6.71305 1
3.74302 1
7.121 1
2.5791 1
-1.78987 1
11.4732 1
4.60677 1
0.855859 1
5.3932 1
4.22862 1
0.255187 1
6.64417 1
4.21141 1
5.12845 1
7.20478 1
6.90185 1
14.7558 1
12.0219 1
6.22598 1
5.49943 1
1.6225 1
4.60861 1
-2.36038 1
7.93361 1
8.44773 1
5.01248 1
6.57449 1
2.47332 1
4.19554 1
9.1571 1
3.77528 1
5.38105 1
2.58936 1
6.49395 1
8.02987 1
5.84238 1
2.77954 1
3.5574 1
7.24161 1
7.65632 1
2.82501 1
4.93229 1
7.62518 1
4.05061 1
1.9934 1
6.37631 1
10.1762 1
11.2249 1
5.31593 1
6.53738 1
4.62834 1
8.14873 1
3.42637 1
4.23126 1
10.6025 1
5.32873 1
6.03071 1
5.54605 1
2.98163 1
12.8099 1
7.89818 1
4.51045 1
3.92183 1
10.5907 1
7.79106 1
8.59079 1
-1.92838 1
6.69834 1
3.17654 1
9.75556 1
2.88639 1
6.73812 1
6.43286 1
4.67973 1
1.32839 1
6.03254 1
4.86917 1
2.03507 1
5.95472 1
8.90862 1
11.1288 1
3.36234 1
6.65181 1
2.87135 1
5.46362 1
5.44051 1
7.6469 1
14.7932 1
3.88014 1
3.34436 1
4.61117 1
5.89676 1
4.17961 1
6.8729 1
-1.58763 1
0.995299 1
7.34861 1
2.91695 1
14.5472 1
2.67945 1
5.50736 1
6.8581 1
4.45715 1
6.0088 1
1.41744 1
5.07114 1
1.76041 1
7.00431 1
-4.69312 1
1.78955 1
6.05184 1
3.18934 1
1.64672 1
11.3146 1
0.634653 1
5.85919 1
6.76082 1
4.38738 1
5.93129 1
6.80216 1
0.223158 1
5.44755 1
5.77932 1
13.0147 1
5.21927 1
13.0793 1
-0.639337 1
6.35729 1
5.33708 1
7.44791 1
7.38612 1
7.18236 1
9.43182 1
0.834355 1
5.58071 1
12.6405 1
5.2968 1
12.4958 1
6.51599 1
6.86371 1
3.11881 1
5.60951 1
9.25305 1
10.5969 1
10.4778 1
6.85402 1
6.0465 1
13.7172 1
5.00446 1
1.21953 1
-2.38308 1
5.60539 1
7.46297 1
5.23074 1
6.76055 1
6.49099 1
1.04146 1
6.7225 1
6.24353 1
5.40982 1
7.97511 1
5.3353 1
2.45101 1
9.65852 1
6.25714 1
5.64093 1
8.30003 1
4.1598 1
7.95467 1
7.65007 1
5.32147 1
2.98977 1
6.14275 1
6.67684 1
7.39913 1
-0.871109 1
-0.558935 1
4.94973 1
3.1785 1
4.94324 1
7.25958 1
1.5011 1
4.12109 1
6.78801 1
5.79713 1
-1.67785 1
5.81877 1
6.70127 1
2.15161 1
11.4267 1
8.9441 1
6.73471 1
7.72465 1
6.16741 1
6.54263 1
6.46815 1
13.6419 1
6.37642 1
1.75422 1
8.29008 1
2.86824 1
6.05271 1
3.29337 1
4.34886 1
7.69113 1
4.63838 1
3.45328 1
9.15457 1
10.4272 1
4.84228 1
10.7255 1
9.1502 1
5.23571 1
-1.87424 1
10.5473 1
4.25838 1
7.86654 1
-2.62405 1
6.52362 1
2.03847 1
7.03216 1
3.18522 1
6.55863 1
14.2504 1
4.99897 1
4.17107 1
0.743516 1
10.5352 1
5.70183 1
4.59278 1
3.42526 1
5.05855 1
10.7825 1
5.82495 1
2.13556 1
-2.13393 1
3.86914 1
5.23116 1
3.89217 1
5.41405 1
5.14312 1
1.02581 1
1.18434 1
7.66308 1
5.09418 1
4.74409 1
5.75856 1
6.05826 1
8.97544 1
-4.48338 1
5.79667 1
8.90136 1
6.81119 1
3.7918 1
6.5279 1
9.26385 1
6.65305 1
4.58484 1
7.42329 1
3.24861 1
5.34971 1
3.24544 1
2.89208 1
3.68504 1
-0.677336 1
0.298893 1
8.25714 1
-0.419704 1
5.45755 1
1.15483 1
4.94775 1
3.35613 1
4.45508 1
6.43834 1
-1.51745 1
5.07682 1
4.14619 1
6.12786 1
3.1332 1
3.96432 1
9.99374 1
5.91391 1
2.56254 1
5.132 1
8.17737 1
4.18708 1
3.68777 1
2.11748 1
7.35131 1
4.49684 1
5.09603 1
-0.685504 1
4.78488 1
5.76251 1
5.40361 1
5.26667 1
5.72809 1
6.27834 1
4.55983 1
3.5537 1
5.41911 1
4.21476 1
4.34952 1
-1.98687 1
1.42728 1
0.166378 1
5.54983 1
3.27523 1
5.31983 1
5.64879 1
7.62613 1
-2.23428 1
3.54488 1
1.68101 1
5.50387 1
0.124466 1
0.687015 1
11.0926 1
5.13288 1
3.87252 1
4.64433 1
7.37113 1
7.32045 1
8.39695 1
4.34467 1
5.45559 1
-2.2336 1
6.70049 1
7.70851 1
1.98554 1
14.0194 1
8.26336 1
3.01291 1
8.56774 1
4.81451 1
0.898677 1
8.06192 1
7.57043 1
4.40951 1
4.56865 1
5.23002 1
0.994164 1
12.8125 1
9.02198 1
-1.75212 1
6.03237 1
7.88543 1
4.69785 1
11.6071 1
4.34799 1
4.06186 1
12.7334 1
3.05665 1
11.631 1
1.4364 1
0.943234 1
9.71276 1
5.63474 1
2.98023 1
13.376 1
6.50585 1
5.5205 1
5.81813 1
4.5799 1
-4.0142 1
3.20238 1
3.36752 1
2.80967 1
6.58957 1
4.20432 1
5.94109 1
6.6115 1
-0.273817 1
3.86358 1
4.71621 1
8.52584 1
4.44509 1
4.02227 1
5.06351 1
9.98612 1
3.97446 1
4.86036 1
7.15324 1
3.87859 1
9.76843 1
3.99801 1
5.33957 1
14.101 1
6.32992 1
3.77399 1
-2.07852 1
4.71718 1
0.622466 1
3.92648 1
5.31915 1
3.24826 1
3.30934 1
5.80152 1
5.79808 1
6.65906 1
3.93331 1
7.12076 1
2.80293 1
6.88344 1
5.74895 1
8.7585 1
9.9077 1
6.64747 1
3.90555 1
2.07632 1
12.7578 1
4.83465 1
5.30107 1
1.81546 1
7.51035 1
14.8246 1
9.01649 1
4.76396 1
-2.07344 1
6.26146 1
4.34543 1
-4.75164 1
7.88673 1
4.94963 1
7.38551 1
11.9341 1
2.90825 1
5.16671 1
13.4372 1
8.98322 1
4.26335 1
5.21261 1
4.50132 1
6.72797 1
6.33608 1
5.16293 1
5.53047 1
7.83062 1
9.99898 1
9.77171 1
8.99904 1
10.71 1
7.32745 1
7.16318 1
11.5546 1
5.75003 1
11.3066 1
5.92169 1
4.74028 1
4.63509 1
5.90873 1
5.32957 1
6.44701 1
10.6802 1
2.94925 1
1.68402 1
8.63194 1
5.80242 1
13.2591 1
4.29343 1
5.84034 1
10.1199 1
4.66868 1
-2.82601 1
0.174008 1
7.56796 1
3.54294 1
3.37515 1
3.49932 1
13.9992 1
3.85501 1
7.82701 1
5.99519 1
4.51992 1
5.63107 1
9.23552 1
-0.759093 1
8.5859 1
0.00740047 1
-3.57207 1
1.02425 1
1.54546 1
2.99111 1
0.653715 1
9.81729 1
8.63234 1
8.40084 1
3.69745 1
4.36798 1
4.1027 1
4.44314 1
4.73996 1
12.5946 1
6.49105 1
4.86852 1
5.16793 1
4.98463 1
5.48636 1
2.7138 1
6.82979 1
1.72443 1
2.46684 1
4.5872 1
3.78742 1
11.5349 1
5.78096 1
0.887852 1
-3.75317 1
1.31478 1
8.98723 1
4.07332 1
1.99845 1
-4.36167 1
9.08716 1
5.77955 1
9.98352 1
6.42172 1
6.75268 1
1.81388 1
5.73642 1
5.50127 1
3.67448 1
4.51441 1
10.6259 1
6.34737 1
2.59987 1
5.97786 1
5.28907 1
4.49485 1
8.03786 1
5.31159 1
3.38594 1
6.77152 1
4.1013 1
2.57996 1
4.91302 1
6.46196 1
3.83337 1
4.30677 1
4.59663 1
7.68018 1
8.40993 1
4.47864 1
5.62199 1
3.47266 1
5.81399 1
2.46926 1
5.75245 1
3.6734 1
2.14198 1
7.02098 1
-3.73531 1
6.20971 1
3.21093 1
3.46489 1
9.92537 1
4.56339 1
3.88184 1
5.8395 1
1.49644 1
3.93557 1
9.66068 1
-1.08275 1
4.55802 1
9.62338 1
4.98833 1
5.58195 1
5.52764 1
5.93264 1
6.18095 1
4.49792 1
5.21565 1
8.6346 1
8.56594 1
3.88491 1
4.46434 1
6.5392 1
7.87727 1
5.74018 1
8.36429 1
12.4942 1
6.49444 1
4.16619 1
2.3746 1
3.85211 1
-0.714549 1
3.13848 1
5.83954 1
-3.08736 1
4.91267 1
5.3766 1
1.54904 1
6.42193 1
7.82161 1
4.06748 1
8.69188 1
3.60659 1
-0.586944 1
6.00463 1
0.957234 1
1.7127 1
-4.39001 1
-2.59417 1
5.78348 1
0.648996 1
10.9312 1
3.12423 1
7.54499 1
7.07475 1
5.12365 1
5.51501 1
5.19645 1
2.91567 1
4.9225 1
2.6067 1
3.20599 1
5.16506 1
9.94249 1
7.68726 1
9.11775 1
6.08194 1
10.0714 1
5.96763 1
2.73284 1
7.94732 1
4.42237 1
7.44 1
9.87987 1
12.6187 1
0.556075 1
9.88564 1
4.87288 1
9.12626 1
6.05996 1
4.79572 1
4.95879 1
7.11685 1
3.34698 1
3.22091 1
4.76913 1
1.86184 1
3.74976 1
2.8919 1
6.10683 1
5.94677 1
5.76635 1
5.57996 1
12.5368 1
5.70796 1
9.54302 1
4.83781 1
6.13021 1
3.58174 1
8.40847 1
3.25683 1
7.97459 1
8.67239 1
4.70649 1
1.89221 1
11.1699 1
14.2743 1
-1.81926 1
2.85858 1
7.44099 1
4.487 1
7.61929 1
6.1197 1
7.86669 1
7.94918 1
0.588319 1
7.97322 1
3.45059 1
3.32859 1
11.3566 1
4.87567 1
7.15427 1
0.766506 1
6.06418 1
10.3496 1
4.95746 1
7.08399 1
14.1412 1
6.1198 1
13.586 1
0.627437 1
5.14018 1
2.41129 1
6.53721 1
6.15027 1
4.09025 1
3.92447 1
9.29226 1
3.99435 1
3.5412 1
5.41374 1
8.38647 1
7.27888 1
9.44107 1
4.38103 1
4.81632 1
4.15241 1
7.03514 1
5.16624 1
7.16617 1
6.26201 1
5.07999 1
5.57972 1
-1.92014 1
4.78401 1
3.31451 1
7.57799 1
6.87337 1
5.69071 1
7.96322 1
4.34769 1
9.47953 1
10.1661 1
7.63609 1
1.14272 1
5.80811 1
10.6098 1
5.41573 1
4.9703 1
4.16539 1
3.22338 1
10.2361 1
6.6605 1
3.12739 1
7.77646 1
-0.247486 1
0.334197 1
5.76535 1
2.79317 1
7.55607 1
12.8377 1
5.25815 1
5.27559 1
13.0422 1
8.85567 1
6.10357 1
8.54751 1
2.69641 1
11.5014 1
5.42226 1
6.84423 1
3.631 1
8.04876 1
-1.52708 1
5.07506 1
6.00357 1
9.38693 1
2.21643 1
8.93157 1
1.3426 1
4.73085 1
2.42536 1
3.04326 1
6.63213 1
5.63343 1
5.00029 1
4.55478 1
3.78271 1
4.81714 1
4.12445 1
3.27508 1
-2.40455 1
5.08442 1
-4.57204 1
0.278211 1
2.96038 1
6.85735 1
6.42108 1
5.353 1
5.60093 1
6.48569 1
1.86748 1
5.23445 1
5.63619 1
2.65079 1
1.79152 1
4.55304 1
10.9719 1
7.20509 1
11.5612 1
4.90626 1
6.13958 1
12.7229 1
6.46897 1
7.56382 1
8.04938 1
3.36968 1
6.04052 1
2.42808 1
3.43636 1
7.06187 1
6.80156 1
8.78356 1
7.86687 1
0.122218 1
5.44038 1
7.34146 1
4.1728 1
0.957621 1
3.47 1
2.50427 1
9.60703 1
5.68617 1
14.7567 1
5.81201 1
6.76642 1
8.75046 1
6.58757 1
5.51331 1
4.66687 1
5.17435 1
-4.27202 1
7.10187 1
8.97458 1
3.30957 1
8.22109 1
10.1965 1
0.35466 1
4.72748 1
6.68279 1
4.09839 1
4.84935 1
8.19152 1
7.0268 1
5.74539 1
7.12971 1
10.2538 1
5.6387 1
6.97458 1
4.06505 1
4.10694 1
10.6475 1
4.45243 1
5.17749 1
10.0352 1
6.40575 1
5.96746 1
2.92889 1
5.96664 1
6.96299 1
10.1952 1
2.99395 1
0.83058 1
4.1091 1
13.4638 1
3.60078 1
0.792297 1
1.514 1
-3.91578 1
1.25723 1
5.54089 1
7.83642 1
3.57943 1
8.72422 1
2.67088 1
-2.68201 1
0.244314 1
6.38565 1
7.19584 1
2.15406 1
4.37346 1
12.3263 1
-2.00907 1
4.36219 1
5.22483 1
4.09746 1
4.50804 1
2.2101 1
4.92647 1
6.45743 1
4.55759 1
-3.58433 1
2.80417 1
4.56346 1
3.41972 1
4.07198 1
7.6824 1
5.23951 1
1.76046 1
13.1627 1
6.48477 1
4.04946 1
6.17084 1
4.47003 1
2.57827 1
4.53144 1
4.69588 1
3.89376 1
4.84171 1
3.51339 1
3.1819 1
0.763739 1
6.4125 1
4.47559 1
2.49941 1
5.9362 1
5.32666 1
7.68192 1
6.8063 1
6.4392 1
1.3573 1
3.93411 1
6.09382 1
7.07992 1
3.75839 1
3.86931 1
4.66333 1
8.40804 1
4.37176 1
-2.19036 1
2.09245 1
6.58733 1
3.62845 1
4.39495 1
9.17227 1
11.9772 1
-0.60403 1
7.17719 1
8.46422 1
8.52989 1
-1.27435 1
9.62835 1
3.09598 1
4.41672 1
2.50437 1
4.26543 1
6.76044 1
1.05676 1
5.38121 1
5.24167 1
7.14613 1
7.22824 1
2.23478 1
3.32826 1
9.94847 1
4.97003 1
2.04591 1
6.52033 1
7.14311 1
5.41138 1
5.19284 1
1.47067 1
4.07779 1
5.94609 1
4.38376 1
5.45112 1
0.735033 1
5.2419 1
-2.70443 1
0.552116 1
3.46905 1
6.02269 1
10.182 1
9.01934 1
5.92599 1
-3.00784 1
7.31198 1
4.08824 1
5.43446 1
6.2179 1
9.0192 1
4.36923 1
-3.29407 1
5.60672 1
10.631 1
4.20739 1
4.75891 1
9.07857 1
2.84182 1
7.94145 1
4.13449 1
9.1166 1
7.18297 1
4.21525 1
7.30457 1
3.46268 1
4.65758 1
2.51414 1
1.59934 1
2.32642 1
5.81622 1
2.33523 1
4.48907 1
3.9446 1
12.1615 1
5.65627 1
6.88557 1
5.15481 1
5.47162 1
4.60777 1
2.36784 1
6.59834 1
8.41307 1
11.1933 1
2.88978 1
10.2349 1
10.5367 1
10.3318 1
6.92946 1
2.66014 1
6.49723 1
3.99817 1
6.87862 1
1.51162 1
9.77717 1
4.83833 1
4.83006 1
5.42371 1
3.13392 1
0.632866 1
6.43766 1
-0.262356 1
7.15406 1
6.22276 1
4.85889 1
8.03291 1
8.7499 1
4.6232 1
6.61022 1
4.5149 1
5.13701 1
7.4787 1
7.87534 1
2.76781 1
4.83925 1
3.83462 1
5.44245 1
5.99233 1
5.29792 1
2.90113 1
5.40074 1
5.55902 1
4.95954 1
2.5472 1
5.98205 1
0.53513 1
2.59851 1
14.5759 1
2.65205 1
3.93551 1
5.16639 1
5.987 1
0.748537 1
2.77376 1
4.6467 1
6.60644 1
1.64512 1
1.34391 1
-2.35624 1
5.74697 1
6.92085 1
7.96975 1
5.91218 1
1.91158 1
5.46069 1
3.49961 1
7.70297 1
5.99598 1
13.8808 1
3.60142 1
6.98968 1
4.74599 1
8.868 1
4.86004 1
8.87516 1
13.172 1
-4.33548 1
6.06043 1
5.14006 1
9.75349 1
1.31904 1
5.36268 1
6.94146 1
8.14049 1
3.75217 1
-0.462604 1
5.01163 1
5.76061 1
6.34305 1
-1.18321 1
3.68586 1
5.21272 1
6.61113 1
8.43877 1
5.88396 1
11.4808 1
5.62719 1
-0.868054 1
6.1456 1
5.8841 1
11.9833 1
8.7533 1
5.60924 1
6.68018 1
8.2481 1
4.82644 1
1.02112 1
5.66883 1
2.99977 1
2.17211 1
2.88539 1
3.91581 1
5.67504 1
7.36822 1
3.83341 1
7.37734 1
4.86557 1
5.65607 1
13.9408 1
13.8666 1
7.56635 1
3.64307 1
6.26856 1
4.41 1
6.80662 1
7.1889 1
8.87389 1
-2.13327 1
7.09373 1
-2.27822 1
7.35915 1
3.73472 1
5.41633 1
1.9137 1
7.62751 1
5.67454 1
5.52339 1
2.3488 1
7.47601 1
4.85998 1
7.98514 1
4.74778 1
6.34832 1
5.15335 1
4.48467 1
10.5766 1
6.57487 1
1.93301 1
-0.725014 1
2.2178 1
4.78663 1
2.57583 1
3.54212 1
5.85731 1
1.26754 1
6.96865 1
4.39802 1
4.65432 1
3.69203 1
5.98649 1
8.42601 1
4.33709 1
9.2211 1
5.70548 1
5.59851 1
3.26328 1
5.03337 1
8.0504 1
8.08305 1
4.00555 1
-4.87779 1
6.52075 1
1.27219 1
3.2402 1
4.52744 1
6.64237 1
4.10434 1
6.06423 1
7.0501 1
11.2178 1
5.12777 1
6.62845 1
4.85518 1
1.44587 1
5.43582 1
2.63207 1
6.2415 1
6.13893 1
12.063 1
9.92069 1
4.72487 1
11.0062 1
3.94311 1
8.24924 1
10.4354 1
6.86271 1
12.5657 1
0.390983 1
3.00426 1
4.0454 1
6.50389 1
6.75093 1
12.4674 1
7.08841 1
5.68588 1
7.45166 1
5.73869 1
3.18527 1
6.75639 1
-1.92702 1
11.8423 1
6.92892 1
1.24132 1
0.149706 1
3.28021 1
6.03723 1
1.75268 1
5.53388 1
8.44227 1
6.87064 1
8.14753 1
6.08103 1
4.87027 1
8.07976 1
6.72752 1
3.25558 1
11.5607 1
3.07982 1
5.10961 1
1.74443 1
4.93394 1
6.06192 1
6.61769 1
8.45511 1
13.0315 1
5.63639 1
3.89533 1
5.08711 1
9.5572 1
4.02606 1
1.53081 1
6.46708 1
3.10037 1
7.78395 1
2.42918 1
5.45264 1
6.54291 1
6.56702 1
4.4415 1
5.82026 1
8.44005 1
3.65169 1
6.00648 1
6.74494 1
6.88355 1
2.57732 1
-2.76802 1
10.3709 1
4.76818 1
5.97992 1
6.48841 1
0.204257 1
5.46632 1
6.34869 1
3.66504 1
8.56126 1
1.91319 1
10.0247 1
7.45111 1
3.65221 1
7.65608 1
2.20358 1
2.12536 1
3.16177 1
1.25491 1
3.48963 1
4.48973 1
3.41531 1
-1.78594 1
0.842706 1
9.4575 1
6.52828 1
0.266005 1
7.9353 1
13.8343 1
8.2348 1
4.79373 1
11.2972 1
5.52165 1
5.44521 1
1.58512 1
5.5874 1
5.84581 1
3.51602 1
9.84523 1
4.92073 1
1.86162 1
5.41599 1
7.62947 1
5.0092 1
2.20383 1
3.40262 1
5.71264 1
5.42696 1
9.84111 1
4.47275 1
3.4057 1
5.063 1
0.179601 1
4.43821 1
5.05332 1
5.2956 1
5.82006 1
9.28201 1
6.40384 1
5.9008 1
5.30464 1
7.25872 1
6.1002 1
4.87413 1
5.30117 1
-1.34768 1
5.64193 1
3.60634 1
-4.37222 1
7.39622 1
5.59692 1
4.90742 1
3.2586 1
4.26622 1
0.951581 1
7.82293 1
6.20803 1
8.02295 1
6.27115 1
4.61056 1
12.2672 1
11.1179 1
4.6567 1
13.0333 1
4.71419 1
10.1653 1
6.31313 1
7.42713 1
4.86802 1
5.7307 1
4.40624 1
5.12567 1
1.42205 1
3.2589 1
5.86477 1
6.47924 1
5.01866 1
13.677 1
3.89684 1
5.53457 1
5.19876 1
3.3265 1
7.13415 1
8.30663 1
7.59344 1
6.42653 1
5.26781 1
7.03065 1
6.10363 1
3.69104 1
5.0775 1
5.54956 1
3.95579 1
7.88832 1
1.98193 1
14.7383 1
1.14142 1
-1.32236 1
-3.85726 1
3.96897 1
3.69026 1
6.32486 1
6.90878 1
5.76675 1
7.20625 1
5.04743 1
7.12367 1
12.1592 1
9.02966 1
0.66632 1
10.9823 1
2.84951 1
-4.54399 1
5.75338 1
4.35816 1
6.47224 1
4.19832 1
3.56473 1
5.3474 1
-4.14063 1
7.19534 1
0.208255 1
7.95954 1
10.2561 1
6.50509 1
4.19433 1
6.18652 1
5.17037 1
6.79216 1
6.99779 1
2.83816 1
7.46825 1
4.35381 1
8.1511 1
-2.79633 1
4.44463 1
7.60857 1
9.22017 1
1.53499 1
5.85269 1
2.70124 1
8.62892 1
5.26838 1
3.93644 1
13.4991 1
5.27027 1
4.96528 1
0.461288 1
10.1428 1
4.23052 1
3.21877 1
3.04825 1
10.2292 1
14.1656 1
3.74741 1
6.22072 1
10.8762 1
6.42515 1
6.09877 1
5.3294 1
-2.45892 1
8.19342 1
9.22683 1
5.42711 1
2.58219 1
7.21638 1
8.06054 1
6.94342 1
6.25791 1
5.45435 1
4.32412 1
5.39254 1
5.23748 1
2.73674 1
6.02874 1
9.74668 1
7.56604 1
2.14934 1
2.2197 1
1.71605 1
0.824589 1
6.02021 1
8.56055 1
8.77681 1
8.51449 1
5.5878 1
-0.0529502 1
7.04378 1
4.38223 1
6.63826 1
4.77696 1
5.59076 1
3.20457 1
-2.44202 1
4.36688 1
6.80237 1
7.94312 1
2.61483 1
5.91111 1
6.60484 1
8.48582 1
6.1225 1
-0.396922 1
13.5009 1
5.07123 1
1.92804 1
10.673 1
-0.640626 1
2.48215 1
4.3388 1
7.08969 1
8.53526 1
-4.16636 1
4.10981 1
8.08588 1
2.88751 1
7.54145 1
4.63543 1
8.83569 1
4.47504 1
4.36648 1
2.61967 1
4.69443 1
8.69824 1
8.37682 1
10.6366 1
-4.00363 1
6.0955 1
5.48843 1
4.73441 1
3.90828 1
-2.47307 1
-0.59116 1
4.43134 1
2.44322 1
6.25945 1
7.29762 1
4.20683 1
5.9946 1
9.83709 1
3.34101 1
3.26079 1
1.70579 1
5.76603 1
3.16429 1
10.7616 1
5.33291 1
0.0800628 1
4.90571 1
6.14679 1
11.6416 1
2.75871 1
5.61149 1
6.07962 1
2.01928 1
3.47812 1
4.40062 1
3.11233 1
5.49657 1
5.61371 1
5.65535 1
9.80466 1
7.53545 1
-2.47311 1
2.90598 1
5.0302 1
3.86836 1
5.12504 1
3.23329 1
5.42179 1
11.6436 1
5.94357 1
3.46078 1
5.29306 1
5.21838 1
7.9285 1
7.92273 1
1.76189 1
13.0598 1
0.282708 1
3.9693 1
5.58635 1
6.35116 1
6.80651 1
6.42994 1
3.86762 1
8.50791 1
10.058 1
1.98129 1
4.74326 1
1.88097 1
6.29212 1
8.33994 1
3.68233 1
7.1606 1
4.18586 1
5.29384 1
1.17165 1
14.4754 1
11.4602 1
6.38836 1
5.8446 1
-0.519131 1
-2.30597 1
5.57347 1
5.21641 1
3.92177 1
5.13538 1
3.74071 1
5.75844 1
3.36515 1
1.76123 1
4.99555 1
11.6681 1
0.746301 1
-0.372398 1
5.60805 1
2.08854 1
5.7795 1
3.91469 1
11.6289 1
2.87034 1
-1.43465 1
11.3004 1
4.15023 1
2.43584 1
10.2008 1
7.65048 1
5.63971 1
5.53091 1
5.56879 1
-1.50052 1
1.71895 1
4.49215 1
14.6112 1
9.42865 1
3.54058 1
5.46591 1
0.4213 1
-2.08917 1
3.32204 1
4.55794 1
6.62734 1
5.35149 1
7.3571 1
5.08395 1
4.60025 1
6.55846 1
4.91027 1
2.67973 1
9.44779 1
9.50205 1
2.17479 1
2.68358 1
3.31927 1
5.5829 1
2.5508 1
10.2187 1
6.83726 1
5.3885 1
2.86256 1
2.68984 1
1.87754 1
4.91176 1
5.8531 1
6.64765 1
2.07128 1
5.65191 1
6.97743 1
-3.16016 1
6.24591 1
3.81738 1
5.1231 1
5.29863 1
7.26693 1
3.99595 1
-3.34821 1
-0.946142 1
-3.47033 1
-1.48432 1
4.53948 1
5.19438 1
1.82154 1
4.72793 1
3.89451 1
6.44429 1
8.30044 1
4.23064 1
5.97284 1
14.1817 1
4.04201 1
12.7588 1
1.12182 1
6.25356 1
6.53917 1
3.10892 1
7.25752 1
0.43724 1
5.62239 1
2.56579 1
4.59903 1
6.67115 1
6.61489 1
13.9678 1
-3.52287 1
6.36829 1
4.49007 1
7.72621 1
6.932 1
9.27613 1
11.2064 1
4.86336 1
3.92854 1
3.90972 1
5.25147 1
1.32159 1
7.04687 1
6.43293 1
2.96689 1
2.73342 1
4.3648 1
-2.52754 1
0.997649 1
13.1361 1
6.193 1
6.94521 1
6.67994 1
2.68313 1
-1.88266 1
1.66642 1
11.6057 1
4.62777 1
5.62401 1
5.27347 1
7.01697 1
6.09258 1
5.39044 1
2.78735 1
6.78679 1
5.77459 1
11.5747 1
7.5146 1
4.94979 1
9.94159 1
3.51934 1
8.39673 1
6.30929 1
6.26767 1
13.5796 1
-0.0159884 1
7.9094 1
5.20435 1
8.34202 1
2.95087 1
6.84848 1
2.54367 1
12.3736 1
4.78593 1
1.28976 1
3.57787 1
7.76566 1
7.30451 1
5.60604 1
7.79306 1
7.58814 1
6.05345 1
13.2658 1
4.85299 1
1.42129 1
10.8174 1
-0.314187 1
4.97759 1
9.65777 1
5.53058 1
3.37897 1
2.7498 1
3.23077 1
4.56244 1
5.83368 1
0.500636 1
5.6497 1
6.27767 1
8.6609 1
6.92052 1
4.55232 1
2.2148 1
4.05554 1
2.19273 1
0.568702 1
-0.974667 1
5.76531 1
-1.81344 1
0.692412 1
10.2607 1
2.8914 1
3.72918 1
6.31539 1
8.19959 1
4.23428 1
8.9466 1
10.6565 1
3.90236 1
9.64891 1
5.18092 1
7.34384 1
6.25495 1
13.7862 1
3.12574 1
7.08786 1
7.60094 1
10.8377 1
4.42767 1
10.3948 1
9.63874 1
6.41725 1
6.21046 1
4.75957 1
-4.17037 1
3.45975 1
-0.167811 1
1.67835 1
2.72721 1
4.95409 1
3.05852 1
8.93339 1
3.4369 1
4.99859 1
7.88962 1
13.6706 1
4.85389 1
7.01725 1
0.0875152 1
3.38249 1
4.93503 1
11.1379 1
3.69466 1
3.40743 1
3.69846 1
1.40196 1
5.66211 1
3.3151 1
1.94786 1
5.95089 1
-0.570859 1
3.46427 1
4.303 1
7.82282 1
3.20915 1
5.18203 1
6.66279 1
10.0826 1
7.27383 1
2.34678 1
8.44929 1
7.53396 1
5.58335 1
4.61558 1
2.10651 1
6.95148 1
3.48067 1
6.04575 1
5.81719 1
5.43363 1
6.6108 1
8.8238 1
12.1526 1
-1.55124 1
10.4342 1
2.28609 1
6.61524 1
0.434973 1
6.39481 1
11.4794 1
6.1598 1
4.3455 1
6.56082 1
3.98917 1
1.75114 1
11.6456 1
8.40945 1
11.6805 1
-3.19992 1
1.14433 1
6.29742 1
-2.68119 1
-0.928177 1
7.52427 1
0.405542 1
1.34543 1
1.23104 1
6.67655 1
5.04728 1
5.17745 1
12.5712 1
2.45432 1
2.06454 1
0.721798 1
2.96161 1
11.4715 1
6.52521 1
5.85706 1
2.27516 1
4.46827 1
11.0771 1
1.30117 1
8.17159 1
7.07546 1
4.05656 1
5.87867 1
-3.04803 1
8.67031 1
5.72308 1
5.84426 1
5.5189 1
10.9839 1
3.51299 1
6.15341 1
4.63538 1
5.46436 1
5.27402 1
9.02126 1
3.8491 1
4.45416 1
3.69759 1
4.95122 1
0.559856 1
5.99375 1
3.16702 1
3.5984 1
3.68365 1
6.17681 1
2.24382 1
9.22184 1
5.95469 1
4.27725 1
5.55831 1
8.78473 1
10.8286 1
5.38999 1
6.79183 1
4.17555 1
3.66298 1
5.23042 1
6.33852 1
6.10095 1
5.73774 1
6.20298 1
5.55981 1
3.74132 1
6.49685 1
8.42674 1
5.29156 1
-0.848253 1
3.03958 1
4.31306 1
1.9661 1
3.33575 1
9.59893 1
11.8634 1
12.3395 1
2.17162 1
2.37699 1
12.6007 1
5.95105 1
5.71879 1
10.1862 1
4.28486 1
1.83636 1
3.18384 1
3.5636 1
6.74952 1
10.1464 1
7.34927 1
6.46038 1
5.58598 1
5.61817 1
11.3379 1
4.82079 1
3.75656 1
12.6975 1
5.37417 1
5.63744 1
5.29774 1
5.2198 1
3.67345 1
4.78925 1
3.10427 1
1.78376 1
4.34212 1
-3.48957 1
4.98227 1
5.7966 1
11.1941 1
6.12492 1
-2.04009 1
9.51125 1
2.02308 1
0.51532 1
13.9811 1
4.63174 1
1.55634 1
14.543 1
4.77719 1
8.26612 1
-1.56102 1
4.5458 1
6.06801 1
5.36503 1
-0.439829 1
5.0784 1
3.31736 1
1.84511 1
6.04081 1
2.52885 1
8.59556 1
9.61846 1
13.4513 1
3.4335 1
4.55463 1
4.37459 1
1.03785 1
10.0199 1
13.5601 1
1.88463 1
-3.4605 1
4.52363 1
14.1874 1
3.51318 1
2.08928 1
6.66927 1
3.77067 1
4.73793 1
5.86589 1
6.75257 1
5.85917 1
8.43959 1
11.3413 1
10.696 1
6.3132 1
2.2317 1
2.81986 1
3.13214 1
2.37252 1
3.62644 1
6.18486 1
5.33745 1
5.10069 1
2.49901 1
-3.10398 1
11.3111 1
4.86706 1
-1.33842 1
5.67716 1
2.78436 1
-3.40413 1
6.43757 1
10.942 1
4.43104 1
6.69245 1
4.87241 1
2.80912 1
12.1376 1
1.01832 1
-1.63046 1
10.5795 1
4.51726 1
6.05351 1
7.94725 1
1.44527 1
8.28537 1
4.0267 1
4.16427 1
8.73792 1
4.96674 1
1.63952 1
10.9843 1
5.00138 1
1.02488 1
2.66056 1
4.57571 1
5.41567 1
-1.86641 1
5.81974 1
3.03043 1
5.72062 1
-3.84701 1
5.24191 1
5.84507 1
9.70165 1
4.16168 1
-0.836515 1
5.63786 1
8.67187 1
6.26142 1
3.95859 1
6.56018 1
7.52939 1
5.4693 1
8.71284 1
11.8178 1
0.787081 1
5.77194 1
8.0051 1
7.31164 1
3.88557 1
3.97251 1
6.53775 1
5.51707 1
6.8443 1
12.068 1
3.42125 1
-0.00626144 1
2.4322 1
4.08211 1
2.57395 1
2.88333 1
4.61916 1
6.14381 1
7.84051 1
4.38501 1
6.26251 1
5.41596 1
8.73516 1
2.22191 1
7.95525 1
6.39267 1
6.11501 1
5.86873 1
2.89381 1
7.3634 1
4.11605 1
5.61084 1
-1.08293 1
1.06568 1
-3.96955 1
2.85505 1
6.84065 1
8.24771 1
3.69107 1
4.77013 1
5.93616 1
3.7487 1
1.85937 1
3.87815 1
1.52158 1
3.52798 1
5.62174 1
-1.3089 1
7.06109 1
7.7834 1
10.4901 1
5.83517 1
6.49739 1
5.3149 1
13.6872 1
5.86513 1
4.06198 1
-3.69471 1
4.74302 1
4.17508 1
9.41292 1
6.22832 1
7.06554 1
2.9681 1
8.63101 1
5.75775 1
10.839 1
9.03613 1
5.88248 1
8.99855 1
-2.99641 1
4.26777 1
11.9729 1
13.8808 1
5.12011 1
2.98207 1
4.68409 1
5.50698 1
5.34511 1
5.12708 1
-4.82421 1
2.18202 1
5.05274 1
5.61347 1
4.56187 1
5.02827 1
7.08365 1
9.6097 1
2.58166 1
4.51614 1
3.78316 1
4.27903 1
6.2977 1
2.21355 1
-1.41512 1
4.01919 1
6.01906 1
4.42577 1
1.27881 1
5.80202 1
7.04094 1
2.26517 1
1.62383 1
6.08294 1
-3.15785 1
8.18033 1
13.7609 1
6.68303 1
3.32748 1
4.21647 1
0.551178 1
8.48163 1
1.29631 1
12.2007 1
7.26968 1
5.43926 1
6.63733 1
5.71551 1
7.03291 1
-0.751247 1
3.708 1
5.05002 1
-2.8789 1
5.70967 1
11.7061 1
6.849 1
5.49232 1
5.79792 1
12.0782 1
8.94562 1
4.69252 1
13.8761 1
5.92363 1
9.06098 1
4.96268 1
5.989 1
-0.329788 1
2.49058 1
3.07842 1
3.1479 1
4.31884 1
5.10253 1
1.12723 1
5.85552 1
2.46812 1
3.90428 1
6.29569 1
-1.05012 1
6.13647 1
9.67576 1
2.88735 1
-3.58007 1
1.63822 1
5.89218 1
5.66823 1
2.61699 1
6.76076 1
4.31907 1
4.93288 1
5.6303 1
6.22204 1
4.97323 1
-0.407631 1
5.16155 1
5.92868 1
-0.408414 1
11.4853 1
3.64085 1
10.1812 1
7.45986 1
10.9894 1
6.64721 1
10.4574 1
8.05878 1
2.18709 1
7.6881 1
4.95849 1
5.19942 1
6.93304 1
3.93761 1
-1.22416 1
7.44248 1
4.538 1
3.84552 1
7.62822 1
5.3305 1
10.2971 1
6.78634 1
4.36938 1
8.86288 1
10.5546 1
5.36616 1
4.18825 1
4.43665 1
5.06189 1
7.02561 1
5.30418 1
12.0333 1
6.61126 1
6.12185 1
1.0783 1
3.15316 1
-2.3034 1
0.918265 1
4.39399 1
3.42197 1
4.10102 1
8.15895 1
5.75534 1
0.89589 1
6.04674 1
5.7562 1
6.32683 1
6.52357 1
3.95154 1
3.54871 1
2.74189 1
7.00514 1
12.0664 1
7.77389 1
0.678442 1
12.2691 1
0.395883 1
6.71547 1
6.46098 1
14.2819 1
7.57088 1
7.04222 1
11.5336 1
12.072 1
5.62498 1
1.34665 1
-2.72471 1
4.42836 1
7.4839 1
-0.279769 1
3.78526 1
1.57161 1
-4.75637 1
7.17192 1
11.6294 1
3.40378 1
4.88721 1
6.37432 1
4.37425 1
7.64473 1
2.6327 1
4.02101 1
2.29314 1
0.609679 1
3.10623 1
6.79774 1
11.4767 1
0.955961 1
9.91787 1
4.78083 1
4.87386 1
6.75012 1
4.61709 1
4.52571 1
8.86092 1
0.237199 1
6.30053 1
3.60718 1
4.65368 1
7.32585 1
12.6892 1
9.05717 1
7.55316 1
4.12593 1
6.56592 1
3.69792 1
7.81097 1
4.74747 1
-0.227326 1
9.10506 1
4.83698 1
5.60503 1
6.59347 1
6.33257 1
4.27729 1
5.96076 1
5.77858 1
3.73925 1
3.13285 1
4.05006 1
5.14091 1
11.7794 1
6.63314 1
3.72536 1
10.242 1
6.24415 1
3.69036 1
3.0423 1
5.52611 1
5.64256 1
-3.56356 1
5.41575 1
5.46332 1
6.3082 1
12.0972 1
7.97224 1
4.67083 1
5.14734 1
6.3708 1
2.92859 1
5.59647 1
7.71868 1
6.67117 1
5.89111 1
5.04537 1
4.05479 1
6.01638 1
0.425946 1
5.41216 1
7.57049 1
-0.336918 1
8.6508 1
7.99818 1
4.24789 1
10.7786 1
5.22917 1
2.11323 1
7.06957 1
14.1848 1
4.30485 1
13.8342 1
9.30148 1
10.5501 1
3.09244 1
3.13128 1
3.78645 1
6.05138 1
4.14988 1
-1.70183 1
6.42179 1
3.87871 1
8.50438 1
3.52287 1
5.30129 1
4.13739 1
8.55275 1
4.60813 1
5.31794 1
4.19803 1
7.54092 1
7.71213 1
12.3359 1
9.19685 1
5.94931 1
6.48269 1
5.85477 1
4.33482 1
4.62281 1
9.05389 1
-2.37766 1
4.61327 1
4.35564 1
3.27325 1
4.25861 1
4.86139 1
4.82133 1
6.63337 1
11.8687 1
4.89751 1
5.67272 1
6.69195 1
6.06357 1
7.33588 1
4.47579 1
10.1376 1
2.2523 1
13.8075 1
4.16087 1
-4.11744 1
12.5223 1
7.15891 1
5.83175 1
5.7908 1
7.35111 1
3.79292 1
5.24207 1
6.40776 1
4.11018 1
10.5492 1
4.12624 1
6.28376 1
0.485352 1
-3.66116 1
-4.66356 1
6.8949 1
7.67798 1
3.28539 1
3.53034 1
-0.441447 1
3.08864 1
3.48739 1
5.76968 1
-1.41892 1
4.16978 1
6.40857 1
6.99163 1
6.78072 1
8.3738 1
7.42281 1
13.1981 1
5.43912 1
9.52035 1
9.42493 1
5.51901 1
9.03889 1
3.5513 1
0.277702 1
6.74522 1
6.40574 1
5.2332 1
3.64771 1
7.1166 1
10.347 1
-2.05719 1
5.15347 1
1.96032 1
8.35436 1
8.29535 1
10.283 1
6.14483 1
10.7379 1
6.73414 1
5.24348 1
4.93959 1
6.64152 1
3.39361 1
3.08961 1
4.90171 1
9.24306 1
3.61075 1
7.00149 1
4.17327 1
-1.41651 1
4.89242 1
3.58938 1
5.51255 1
6.42428 1
8.45964 1
6.45608 1
12.5754 1
5.69711 1
9.56977 1
5.66126 1
3.87797 1
8.50129 1
5.1014 1
4.24676 1
7.96475 1
4.62915 1
5.69013 1
7.77804 1
7.15282 1
2.59977 1
5.69588 1
7.7976 1
4.8456 1
8.1046 1
4.69443 1
13.9507 1
4.38158 1
14.1037 1
12.0661 1
7.85628 1
5.86291 1
7.62923 1
8.17118 1
5.56381 1
5.56058 1
5.10683 1
5.53802 1
12.0097 1
0.916451 1
7.10828 1
5.07473 1
0.109224 1
6.05379 1
4.06874 1
-0.980226 1
3.68837 1
5.44829 1
2.62689 1
8.3826 1
3.64625 1
0.428993 1
9.75729 1
3.70232 1
1.11583 1
0.0257851 1
1.87295 1
3.99589 1
9.65781 1
6.65983 1
10.8635 1
5.54813 1
4.92744 1
3.69723 1
6.95548 1
7.21916 1
10.9655 1
6.19829 1
2.78135 1
7.32065 1
6.91122 1
4.73307 1
3.57968 1
2.34619 1
5.58722 1
8.10817 1
6.63551 1
-4.36552 1
5.61626 1
3.7069 1
1.15131 1
4.61517 1
6.46807 1
-1.24456 1
6.79518 1
4.27997 1
3.89332 1
13.5122 1
6.32828 1
-3.43802 1
-1.69408 1
5.13612 1
3.11127 1
2.53863 1
4.91882 1
5.43065 1
11.011 1
12.8404 1
8.9785 1
4.20807 1
7.68926 1
8.4388 1
1.61772 1
6.13973 1
4.18414 1
9.76742 1
0.262059 1
3.87514 1
2.69252 1
8.04375 1
5.27285 1
4.08148 1
5.15475 1
9.24087 1
2.4397 1
6.87218 1
5.28039 1
7.16014 1
5.10985 1
4.23912 1
3.09749 1
4.18555 1
9.51913 1
-0.67526 1
0.593515 1
5.54211 1
3.56391 1
1.90073 1
9.43451 1
2.6784 1
3.72134 1
0.854275 1
5.76372 1
7.71735 1
6.00313 1
1.29002 1
1.15038 1
7.45592 1
6.43632 1
5.04326 1
11.3757 1
1.75703 1
1.36436 1
6.61185 1
-2.6579 1
2.98295 1
3.5096 1
4.72766 1
2.98832 1
5.26205 1
12.1346 1
11.5511 1
5.62301 1
8.28245 1
4.15677 1
5.57338 1
6.24748 1
6.86241 1
5.80386 1
6.50987 1
7.05399 1
2.15931 1
11.462 1
7.25024 1
8.84395 1
5.06576 1
7.35745 1
7.31504 1
-0.692788 1
5.62759 1
7.22489 1
8.09624 1
8.45647 1
4.55901 1
4.86751 1
4.20143 1
11.0656 1
6.79473 1
4.21436 1
7.51417 1
-2.82186 1
5.57545 1
10.1032 1
5.04048 1
1.69021 1
4.87523 1
6.08334 1
1.73216 1
6.61558 1
4.26634 1
13.8862 1
6.54654 1
13.2349 1
3.66809 1
6.33454 1
1.24198 1
4.19637 1
-0.0760582 1
5.47167 1
6.74946 1
5.04232 1
13.9686 1
5.26723 1
8.68804 1
3.27863 1
8.44379 1
1.34601 1
10.5535 1
6.09833 1
8.72628 1
-2.18264 1
5.40939 1
5.30471 1
14.4047 1
5.99671 1
-1.5077 1
9.21595 1
7.29033 1
3.20358 1
6.663 1
8.10942 1
7.01043 1
13.3322 1
2.50639 1
1.55309 1
4.70574 1
2.00287 1
8.80781 1
6.7399 1
11.7842 1
6.10669 1
5.27989 1
5.89424 1
5.11624 1
-3.1043 1
5.29218 1
3.75701 1
5.21004 1
3.90667 1
4.71604 1
5.73736 1
8.79217 1
10.3985 1
0.155316 1
0.874925 1
6.46591 1
5.92638 1
-0.150147 1
5.21634 1
3.45185 1
6.19034 1
2.92544 1
6.81097 1
8.60014 1
1.52467 1
10.1397 1
5.13543 1
4.33115 1
7.7669 1
6.82678 1
5.029 1
12.8179 1
6.83306 1
5.14401 1
-0.347943 1
3.68351 1
4.71653 1
4.85827 1
4.2069 1
5.1356 1
-0.697 1
4.29344 1
5.99891 1
2.83859 1
2.186 1
11.0168 1
7.10278 1
6.11811 1
4.30095 1
7.62417 1
5.60483 1
3.18141 1
3.38077 1
12.5669 1
7.48905 1
4.89133 1
3.22453 1
7.93661 1
2.0752 1
10.0417 1
10.4744 1
3.83737 1
0.278904 1
9.22329 1
4.9759 1
-0.730191 1
5.4989 1
9.97385 1
7.3833 1
8.70728 1
7.94903 1
6.26698 1
5.48799 1
5.49288 1
7.77935 1
2.04981 1
7.41325 1
5.70888 1
6.18011 1
4.6846 1
3.49412 1
-1.67359 1
7.3185 1
9.16376 1
8.37463 1
5.5645 1
6.0653 1
5.7713 1
5.27159 1
5.63362 1
-0.367993 1
7.73306 1
3.51134 1
6.03698 1
6.59722 1
2.16069 1
3.91595 1
7.36526 1
-4.66211 1
4.61441 1
7.8476 1
6.0796 1
3.59444 1
6.86115 1
7.34966 1
9.12384 1
4.97618 1
3.66475 1
7.00219 1
5.79112 1
4.08274 1
13.7483 1
7.63871 1
9.39813 1
1.77739 1
-1.78881 1
6.55311 1
-1.59533 1
1.06466 1
0.00253849 1
9.05866 1
7.37683 1
4.37831 1
5.92939 1
5.10048 1
7.87804 1
5.06556 1
12.3875 1
2.03493 1
5.00341 1
5.14344 1
6.37581 1
3.39381 1
-1.11995 1
4.77022 1
10.4068 1
5.94149 1
10.7059 1
4.18758 1
2.97433 1
1.8309 1
-1.81149 1
5.99441 1
4.2991 1
9.31697 1
11.9194 1
6.5659 1
5.24774 1
5.7154 1
4.26433 1
9.20141 1
10.2227 1
3.59673 1
6.12456 1
4.72528 1
2.84641 1
8.56295 1
1.92658 1
6.963 1
9.78488 1
-1.28639 1
10.5483 1
0.449897 1
9.54462 1
4.31646 1
1.3633 1
2.62742 1
5.26075 1
7.16433 1
8.89383 1
9.70211 1
1.46263 1
5.03457 1
7.00403 1
4.25101 1
2.31064 1
5.28332 1
4.31342 1
4.51761 1
0.305821 1
9.20003 1
4.21813 1
5.67564 1
6.5708 1
6.81945 1
8.11473 1
4.361 1
13.6855 1
5.78094 1
12.7896 1
4.60825 1
13.0053 1
5.65365 1
7.30431 1
4.42546 1
4.67681 1
6.22203 1
5.36538 1
6.35983 1
2.00734 1
6.1462 1
5.26778 1
0.528504 1
0.255652 1
5.43802 1
1.63131 1
7.50717 1
7.70222 1
13.3688 1
11.1683 1
6.366 1
5.53558 1
2.63757 1
5.67904 1
9.17667 1
4.08035 1
2.74736 1
7.50767 1
1.13441 1
4.45447 1
8.3546 1
10.4434 1
7.8123 1
2.02409 1
11.0884 1
8.49139 1
2.48504 1
3.5183 1
1.67846 1
12.3251 1
4.35197 1
8.40393 1
5.76185 1
-2.11649 1
2.64327 1
8.6166 1
7.25417 1
5.81997 1
7.35321 1
7.19157 1
7.10758 1
4.41962 1
-1.93771 1
3.47432 1
5.27906 1
2.78807 1
8.405 1
3.60895 1
5.12278 1
4.05922 1
6.60172 1
0.368814 1
-0.790249 1
5.70865 1
-1.07649 1
14.4079 1
9.47541 1
4.82663 1
-2.57484 1
2.23052 1
7.65121 1
7.48969 1
7.042 1
4.7965 1
-3.32302 1
8.95079 1
6.34837 1
1.26892 1
7.47011 1
-0.758835 1
6.09999 1
4.95026 1
0.117267 1
6.30088 1
3.3749 1
7.01813 1
7.71986 1
12.1484 1
0.76148 1
4.30712 1
11.5187 1
-1.50363 1
5.63963 1
6.7051 1
1.65919 1
7.2385 1
3.53521 1
5.74592 1
9.36192 1
9.83325 1
3.74809 1
6.74408 1
2.49667 1
4.39999 1
9.75108 1
6.10182 1
3.00213 1
5.05149 1
2.57949 1
10.4912 1
8.48141 1
6.17731 1
7.55602 1
-2.48783 1
2.40728 1
9.84685 1
10.15 1
6.42088 1
1.23566 1
4.88235 1
10.3 1
6.27019 1
1.21053 1
3.80915 1
9.55067 1
3.29155 1
9.05977 1
4.25691 1
4.5322 1
5.70492 1
2.98544 1
-1.9801 1
5.55915 1
7.47347 1
-0.301515 1
12.7382 1
11.4071 1
4.23608 1
2.73812 1
7.29568 1
4.46435 1
2.50666 1
7.51316 1
1.73708 1
3.54355 1
5.33301 1
4.69205 1
8.28285 1
9.48904 1
-2.20328 1
11.4371 1
6.15751 1
4.95036 1
4.73209 1
3.80529 1
-3.04953 1
5.11811 1
7.96766 1
6.4517 1
-2.76392 1
6.87131 1
8.56525 1
5.11458 1
8.08133 1
1.45423 1
4.84706 1
10.4644 1
7.18796 1
1.5213 1
14.5625 1
13.5794 1
6.11859 1
-2.03792 1
4.70438 1
7.94854 1
8.44466 1
5.96206 1
7.92423 1
6.71584 1
6.77764 1
8.37946 1
2.77644 1
4.36074 1
-4.45028 1
4.35166 1
-1.26635 1
3.97578 1
2.35184 1
6.07536 1
-0.742386 1
2.86569 1
6.46613 1
4.5505 1
6.47357 1
8.97214 1
6.06694 1
6.2023 1
-0.160926 1
4.79896 1
7.21218 1
4.42795 1
9.60029 1
7.00921 1
13.4608 1
5.74702 1
6.7879 1
9.14607 1
3.87471 1
2.17591 1
12.7931 1
3.66656 1
1.2222 1
8.12416 1
3.23664 1
5.36239 1
4.21182 1
3.25584 1
4.7426 1
9.65441 1
6.46853 1
2.44151 1
4.82988 1
4.91448 1
5.0906 1
7.80742 1
7.64331 1
6.3459 1
8.21066 1
5.98445 1
4.4705 1
8.88209 1
8.62478 1
6.6473 1
5.43878 1
5.98665 1
2.85666 1
-3.94557 1
3.51179 1
3.75911 1
4.50831 1
4.09811 1
10.6715 1
-1.53921 1
5.63984 1
14.7623 1
6.08399 1
-4.65152 1
2.68165 1
7.52022 1
4.65271 1
1.00563 1
-1.68891 1
6.86377 1
2.78151 1
8.09693 1
2.33252 1
-2.3857 1
1.89695 1
5.35885 1
6.12138 1
-0.39252 1
8.91362 1
0.895143 1
2.0293 1
-4.47256 1
0.694088 1
-2.51249 1
1.21666 1
7.14781 1
7.96935 1
5.6986 1
7.93114 1
5.68642 1
11.5433 1
10.2464 1
4.08184 1
-0.859775 1
6.94643 1
6.40896 1
7.01997 1
2.56417 1
9.10912 1
7.57791 1
4.11677 1
5.17908 1
2.79779 1
4.95817 1
2.16927 1
2.74075 1
4.08 1
7.54259 1
6.70338 1
3.64048 1
3.91973 1
0.819972 1
3.77169 1
3.82345 1
5.75494 1
4.14292 1
3.96646 1
4.11211 1
4.93037 1
9.16746 1
5.53369 1
2.65539 1
1.31089 1
12.3409 1
2.43027 1
1.35688 1
6.28329 1
9.32362 1
3.21796 1
3.46162 1
6.43318 1
3.99451 1
3.78744 1
3.85455 1
6.49649 1
14.3621 1
3.88009 1
3.67801 1
3.19262 1
5.43803 1
9.19175 1
1.69419 1
2.91975 1
5.07174 1
3.97927 1
0.544566 1
-2.24401 1
-0.936321 1
3.31064 1
10.1296 1
0.419522 1
4.88141 1
1.85009 1
4.72921 1
1.80433 1
11.3969 1
4.8866 1
7.79862 1
8.34297 1
5.86777 1
6.76471 1
2.51731 1
5.69343 1
2.2248 1
5.28973 1
4.70215 1
5.15869 1
7.47349 1
11.7224 1
3.38659 1
7.05756 1
8.25336 1
1.892 1
0.51274 1
6.53917 1
4.48251 1
6.02186 1
4.05387 1
4.53519 1
2.51741 1
2.30333 1
4.94087 1
3.88629 1
9.44485 1
4.79419 1
0.220029 1
9.05088 1
3.62644 1
2.42506 1
-1.47433 1
6.40881 1
1.68794 1
2.81527 1
4.09371 1
5.37674 1
3.93949 1
1.62249 1
2.55926 1
3.56948 1
3.38765 1
6.42985 1
5.84399 1
-1.5197 1
4.75302 1
7.47595 1
1.95662 1
0.24078 1
5.47002 1
3.4237 1
1.09085 1
8.06844 1
6.19047 1
7.61696 1
2.96152 1
3.88893 1
4.59024 1
4.77587 1
13.6739 1
4.24836 1
13.2068 1
5.62926 1
6.25067 1
9.18427 1
7.38972 1
6.63199 1
5.08212 1
8.59246 1
2.40893 1
4.82864 1
2.00892 1
6.94562 1
10.2883 1
2.91896 1
4.70148 1
7.81832 1
8.19805 1
9.74881 1
3.60812 1
3.99312 1
0.31377 1
6.6989 1
6.76526 1
5.48531 1
6.49228 1
2.60108 1
1.81394 1
-0.0663622 1
2.41947 1
3.83129 1
7.76038 1
3.58931 1
6.80741 1
6.11446 1
5.59377 1
6.91349 1
2.92763 1
1.0525 1
7.43988 1
5.96196 1
6.13537 1
7.6755 1
9.84703 1
5.28974 1
4.50252 1
1.21853 1
7.70462 1
5.461 1
6.69584 1
5.26893 1
2.90939 1
3.58183 1
2.70235 1
8.23641 1
6.49741 1
6.22248 1
5.03656 1
1.80113 1
7.12106 1
7.01794 1
5.46324 1
7.16808 1
8.75775 1
12.6945 1
6.491 1
-2.15206 1
5.33449 1
3.97392 1
3.17971 1
8.43656 1
5.09845 1
6.45283 1
4.25066 1
2.01389 1
5.47926 1
7.24768 1
6.83992 1
7.3779 1
5.78044 1
9.33931 1
8.15605 1
0.704527 1
5.63935 1
2.69016 1
5.59298 1
5.43472 1
4.15974 1
3.27628 1
11.6749 1
8.48369 1
11.9391 1
-0.667758 1
2.23432 1
7.97623 1
7.38346 1
6.69345 1
4.55905 1
-1.55586 1
8.76791 1
2.41395 1
4.81673 1
1.207 1
4.25221 1
5.29524 1
5.18272 1
11.2732 1
6.27676 1
4.82077 1
-3.26644 1
3.92621 1
5.3947 1
4.86561 1
6.15849 1
9.61647 1
2.9685 1
7.64415 1
7.59711 1
8.10513 1
12.9613 1
-0.124233 1
7.40426 1
-3.18695 1
12.7648 1
3.48077 1
5.46211 1
7.90701 1
4.81451 1
7.92374 1
3.05814 1
14.0245 1
8.58122 1
2.11266 1
7.04188 1
-1.97567 1
5.83478 1
4.0882 1
8.50814 1
3.1204 1
6.68431 1
0.148291 1
3.42009 1
2.34166 1
5.32984 1
7.06531 1
1.51685 1
0.747396 1
6.04774 1
2.65466 1
7.01947 1
7.85571 1
5.8083 1
2.54611 1
-1.50828 1
4.40293 1
6.05499 1
6.30918 1
7.36117 1
2.0144 1
0.994586 1
5.26418 1
7.66993 1
10.7399 1
2.10047 1
4.94363 1
3.68055 1
6.44613 1
6.49613 1
3.41894 1
5.77011 1
7.01018 1
5.42984 1
4.65057 1
5.66757 1
9.19108 1
8.45858 1
13.5587 1
3.16078 1
4.63634 1
4.12819 1
5.99768 1
7.34208 1
-1.86254 1
-1.33154 1
3.87135 1
11.2116 1
-0.189383 1
11.4244 1
3.399 1
4.77108 1
6.5859 1
10.4988 1
1.26369 1
4.12305 1
4.67107 1
11.6358 1
4.14908 1
4.99314 1
9.59691 1
14.1254 1
3.98708 1
14.3509 1
8.9815 1
5.61273 1
2.30785 1
7.69019 1
-1.95396 1
5.08092 1
1.69268 1
3.77261 1
5.56841 1
6.69159 1
8.07071 1
-0.551092 1
-3.47184 1
1.21234 1
-0.273245 1
5.09491 1
2.11554 1
11.0549 1
4.67047 1
2.64438 1
-1.68111 1
10.1799 1
8.05533 1
8.48246 1
-0.668664 1
3.64857 1
3.73551 1
1.29057 1
4.13318 1
7.97359 1
6.14009 1
3.32319 1
5.94166 1
-1.43868 1
9.15147 1
3.83016 1
6.29299 1
13.0997 1
4.58953 1
5.68747 1
5.33172 1
4.98638 1
0.932595 1
5.29502 1
5.29353 1
4.31566 1
6.43777 1
4.45172 1
3.81787 1
7.98881 1
3.63231 1
10.6365 1
0.0372171 1
3.69258 1
2.63494 1
5.76478 1
5.29203 1
2.0083 1
6.15508 1
10.0598 1
1.88184 1
6.65529 1
5.27783 1
8.47404 1
9.18793 1
10.4854 1
2.69775 1
5.06168 1
11.0555 1
5.48255 1
9.0697 1
1.74841 1
3.64684 1
9.96985 1
4.94476 1
4.56525 1
6.42675 1
7.16308 1
6.60844 1
-3.13381 1
-2.49503 1
3.24408 1
-4.70139 1
5.56511 1
4.78299 1
4.34379 1
0.873183 1
7.89234 1
5.25224 1
1.60042 1
6.72952 1
6.49516 1
9.47379 1
-2.85619 1
10.0655 1
5.95017 1
5.29714 1
5.60579 1
4.18508 1
5.61425 1
5.09995 1
-2.66659 1
7.16882 1
6.76323 1
8.36697 1
5.92176 1
7.0859 1
5.69973 1
3.43149 1
4.53242 1
0.770333 1
5.88307 1
5.03497 1
4.45535 1
3.74539 1
6.10288 1
4.35633 1
0.792563 1
12.0783 1
8.5927 1
10.7489 1
0.0735397 1
13.9872 1
3.96301 1
4.79607 1
4.12395 1
11.6995 1
-2.07309 1
6.67558 1
3.0802 1
7.95515 1
5.49333 1
13.617 1
0.585399 1
4.83292 1
4.81345 1
0.315863 1
3.07025 1
6.45665 1
3.36681 1
2.17362 1
2.35324 1
-2.18699 1
4.37733 1
4.24112 1
9.97695 1
2.85383 1
-1.01552 1
5.51744 1
12.2818 1
5.54665 1
-4.05748 1
6.65295 1
5.3705 1
5.26117 1
6.97045 1
6.28729 1
3.16703 1
4.53717 1
8.54689 1
-4.8274 1
12.8933 1
4.22117 1
2.04904 1
7.8543 1
5.58663 1
0.736726 1
12.0889 1
1.04265 1
5.63253 1
5.10322 1
3.30777 1
2.41387 1
4.91852 1
6.08699 1
4.87786 1
10.2507 1
10.6988 1
2.64858 1
6.68846 1
3.07592 1
1.61803 1
5.89326 1
1.49874 1
3.60814 1
6.53183 1
5.33076 1
4.58923 1
4.32693 1
13.8526 1
1.07859 1
4.81418 1
8.23549 1
3.96265 1
4.3524 1
11.5793 1
7.93074 1
1.77576 1
6.93667 1
5.38103 1
6.34131 1
6.24235 1
6.21987 1
3.78916 1
8.45268 1
4.20509 1
-2.4166 1
3.73 1
6.03066 1
7.15797 1
7.61572 1
5.06083 1
8.33735 1
8.2895 1
10.0382 1
11.0447 1
7.03 1
5.64607 1
8.21176 1
4.04939 1
-0.913305 1
7.02158 1
8.83387 1
0.590184 1
5.54076 1
6.76841 1
2.63548 1
7.29815 1
5.94231 1
7.43369 1
12.4867 1
6.97792 1
0.334811 1
3.26716 1
4.33762 1
10.9808 1
3.05316 1
5.08695 1
6.67417 1
2.79649 1
10.8561 1
2.43947 1
7.06895 1
0.764189 1
4.69308 1
4.68697 1
5.16121 1
5.38508 1
13.3153 1
-0.279922 1
7.14504 1
3.90252 1
6.08244 1
6.96594 1
3.54152 1
1.31761 1
6.87118 1
5.16023 1
3.51672 1
7.96298 1
4.47784 1
-2.11131 1
4.51582 1
7.32463 1
1.15679 1
5.07891 1
5.49487 1
3.9649 1
4.39858 1
5.98174 1
4.51424 1
13.8711 1
4.63722 1
6.03015 1
3.37148 1
3.86089 1
-3.93557 1
-1.63016 1
4.01136 1
1.95236 1
1.97288 1
13.5498 1
8.24353 1
9.44599 1
7.73662 1
-4.461 1
6.88095 1
7.81016 1
2.68187 1
5.20757 1
1.70461 1
4.78608 1
9.20049 1
7.52183 1
4.0477 1
13.258 1
12.0903 1
2.73605 1
1.22251 1
12.4852 1
3.50662 1
5.6009 1
3.20849 1
7.29201 1
7.26414 1
-0.0763126 1
2.79735 1
0.347171 1
6.01586 1
7.18874 1
4.39739 1
0.352796 1
4.74046 1
10.2821 1
5.90864 1
3.81866 1
6.90835 1
6.09085 1
3.38239 1
8.12317 1
4.36145 1
5.19361 1
4.09647 1
5.09188 1
-1.54625 1
-0.0879787 1
12.8613 1
3.94831 1
1.18589 1
13.4456 1
3.4893 1
6.38599 1
5.19033 1
12.723 1
0.0904409 1
-0.480456 1
3.23897 1
6.90436 1
1.91147 1
8.71409 1
4.82219 1
-3.94792 1
4.75343 1
7.99075 1
6.78516 1
10.1524 1
6.83818 1
3.76146 1
4.74265 1
4.31429 1
11.2228 1
2.54798 1
14.6596 1
7.43964 1
5.90892 1
5.11014 1
4.08088 1
11.5565 1
7.46422 1
2.22941 1
2.63829 1
5.55544 1
4.47218 1
10.4336 1
-4.29524 1
6.24402 1
0.252085 1
2.95404 1
-3.55 1
0.529773 1
11.0293 1
2.38738 1
5.5482 1
6.7922 1
6.64821 1
4.82602 1
-4.58516 1
0.370515 1
0.830695 1
7.1796 1
4.14274 1
-1.49317 1
6.71749 1
1.30214 1
7.26041 1
5.23821 1
5.51873 1
3.62768 1
5.50679 1
-1.52548 1
4.18298 1
7.22054 1
4.23293 1
-2.50436 1
8.60138 1
12.6711 1
2.78462 1
4.57878 1
-0.395566 1
10.329 1
5.54676 1
6.17774 1
6.9152 1
6.40851 1
6.63191 1
4.64403 1
2.67792 1
4.73138 1
2.56287 1
3.36777 1
1.49182 1
6.07736 1
7.94011 1
2.98626 1
13.6864 1
4.41588 1
3.77849 1
8.5261 1
4.64904 1
4.30501 1
7.43741 1
11.4659 1
8.73955 1
9.76699 1
2.47936 1
6.23412 1
7.1777 1
2.69543 1
6.55718 1
0.208664 1
-0.42633 1
9.82839 1
7.74453 1
9.44455 1
6.63688 1
4.48859 1
7.31204 1
4.71795 1
2.58485 1
8.08713 1
0.852957 1
8.82923 1
4.79259 1
1.60483 1
0.647411 1
6.09636 1
6.7393 1
-0.233535 1
4.26349 1
9.19175 1
-0.0736072 1
4.58841 1
-4.86498 1
4.31146 1
4.4605 1
9.86712 1
5.86464 1
3.121 1
5.82359 1
3.06622 1
8.28607 1
5.62565 1
3.12227 1
-2.10144 1
4.88096 1
13.7087 1
2.06931 1
1.18703 1
5.46183 1
10.3372 1
3.06481 1
13.9038 1
0.830703 1
7.671 1
5.24712 1
3.30415 1
5.91367 1
7.92543 1
8.85232 1
2.17305 1
4.60963 1
6.88583 1
6.90779 1
-0.897753 1
8.40987 1
1.93188 1
2.49696 1
9.73133 1
3.68745 1
4.8611 1
4.18073 1
9.61135 1
6.13015 1
5.24531 1
6.4077 1
-0.863574 1
6.53566 1
4.5368 1
6.29541 1
2.88948 1
6.87986 1
2.02049 1
2.38758 1
4.5994 1
12.6497 1
-3.37509 1
5.54494 1
9.47656 1
-0.480018 1
6.06596 1
5.84984 1
0.780443 1
13.0137 1
4.99234 1
1.99745 1
9.18692 1
4.56192 1
4.71186 1
4.24897 1
5.92933 1
-2.22289 1
-0.414038 1
7.12292 1
0.401736 1
6.39992 1
-0.267212 1
4.7783 1
5.65976 1
-0.814822 1
1.97453 1
6.0895 1
7.52986 1
7.5695 1
4.77591 1
4.08176 1
9.51799 1
3.34256 1
7.28256 1
7.25291 1
7.42051 1
-2.549 1
1.3031 1
9.54111 1
9.62941 1
4.12012 1
7.2535 1
5.62835 1
0.241811 1
7.53965 1
5.56305 1
8.00496 1
6.07791 1
2.49825 1
3.77168 1
-4.12459 1
14.601 1
5.76698 1
5.35138 1
6.59045 1
9.07166 1
6.46765 1
10.3455 1
12.3502 1
4.97537 1
2.26641 1
1.39732 1
4.61915 1
8.40115 1
6.10357 1
5.66567 1
5.37086 1
3.89791 1
8.94227 1
1.90268 1
5.37688 1
1.51747 1
4.90572 1
0.687423 1
3.88532 1
-0.425902 1
2.35861 1
7.5269 1
0.591435 1
-2.14065 1
5.44011 1
5.38254 1
-3.29708 1
5.85653 1
2.31104 1
8.64286 1
5.49018 1
-0.900076 1
6.51641 1
5.0593 1
5.14058 1
2.4826 1
3.47458 1
4.80904 1
6.95824 1
3.85524 1
2.56746 1
4.92586 1
11.1386 1
4.44336 1
5.8692 1
4.68497 1
6.35208 1
5.01241 1
4.88789 1
5.73813 1
-1.9014 1
5.55134 1
2.03174 1
5.09428 1
-4.58218 1
5.74679 1
10.6801 1
0.913789 1
1.9665 1
3.74735 1
4.88679 1
7.25868 1
3.02712 1
6.73272 1
6.82956 1
3.98641 1
4.17327 1
6.697 1
6.41157 1
4.73915 1
10.3273 1
7.40613 1
-1.37523 1
6.69851 1
6.89933 1
6.45199 1
4.82632 1
4.14784 1
5.95993 1
-4.58239 1
9.69841 1
5.14507 1
4.42041 1
3.42073 1
4.21536 1
2.62504 1
4.72155 1
0.688023 1
-2.68815 1
4.01801 1
2.70586 1
4.15159 1
13.4868 1
9.43851 1
13.6538 1
4.84662 1
1.30724 1
5.77939 1
-4.71811 1
7.75472 1
4.42647 1
-3.54708 1
9.47372 1
9.21781 1
5.71302 1
5.55124 1
5.1697 1
-4.42434 1
7.36349 1
9.51164 1
8.59711 1
10.9545 1
6.33814 1
13.7255 1
13.7529 1
-1.02505 1
-3.21524 1
2.30437 1
13.8498 1
5.8904 1
9.01971 1
-4.78618 1
7.14315 1
2.61724 1
4.1521 1
4.32713 1
4.4312 1
10.7014 1
5.92801 1
10.4462 1
6.30872 1
7.33064 1
2.56432 1
3.55883 1
12.1918 1
6.45253 1
-1.89059 1
-2.27123 1
3.3621 1
5.64509 1
3.29573 1
2.06004 1
5.36449 1
2.09994 1
9.66904 1
8.29059 1
-2.36995 1
3.88257 1
5.70622 1
6.08912 1
-3.36702 1
2.48465 1
8.83887 1
4.8951 1
2.80133 1
2.63363 1
6.36417 1
4.88184 1
5.21132 1
5.30666 1
8.48596 1
1.01414 1
6.82535 1
14.293 1
6.69785 1
-0.122131 1
4.96024 1
4.56367 1
6.01803 1
7.19612 1
6.54282 1
7.5075 1
3.66276 1
4.37064 1
6.74005 1
-3.00751 1
5.85922 1
-2.56744 1
3.35641 1
0.758626 1
2.76886 1
4.96846 1
6.56606 1
6.43539 1
5.12216 1
4.73045 1
2.95987 1
5.87637 1
-0.277684 1
4.47416 1
6.34912 1
-3.98861 1
3.28519 1
2.18861 1
5.21195 1
3.75571 1
2.33286 1
6.33501 1
4.86304 1
5.23406 1
2.60149 1
5.1401 1
0.754678 1
4.2245 1
4.12509 1
3.98129 1
5.45131 1
2.91699 1
6.25869 1
2.35723 1
2.42611 1
3.30211 1
5.54187 1
7.67083 1
10.1337 1
5.69897 1
10.3073 1
3.52177 1
4.03792 1
2.8102 1
5.12099 1
7.29423 1
1.74532 1
-1.62138 1
6.63939 1
-1.2732 1
3.5551 1
7.39626 1
2.39481 1
1.0457 1
6.09488 1
4.53825 1
4.01598 1
10.604 1
7.13324 1
5.06595 1
-0.544825 1
4.75035 1
2.87425 1
5.9224 1
5.0282 1
5.63802 1
9.65987 1
4.19389 1
5.05117 1
5.66988 1
4.97037 1
4.93311 1
10.6306 1
-4.47015 1
4.3434 1
5.62321 1
5.38607 1
3.2251 1
6.03804 1
0.958926 1
13.5932 1
6.57918 1
4.40466 1
8.53005 1
0.5436 1
5.97292 1
6.82044 1
5.94985 1
3.6691 1
4.57751 1
11.9101 1
5.55132 1
7.30328 1
6.37895 1
3.07309 1
6.33756 1
-3.0198 1
10.5828 1
0.818143 1
4.23569 1
5.33449 1
-4.65932 1
5.09119 1
8.3736 1
7.20971 1
12.8907 1
5.34106 1
4.45813 1
9.94521 1
5.18199 1
-1.053 1
8.20423 1
4.60715 1
4.55205 1
9.04244 1
4.35411 1
7.58384 1
6.61757 1
6.63214 1
4.77817 1
3.70438 1
8.43037 1
4.46851 1
-3.52941 1
-0.437814 1
5.75108 1
5.30167 1
8.14735 1
3.8394 1
5.62899 1
1.31374 1
-1.53666 1
4.92936 1
6.34081 1
14.1743 1
7.57078 1
5.78041 1
6.00409 1
4.66164 1
-4.58505 1
3.26923 1
5.32533 1
2.05013 1
5.01629 1
4.0896 1
5.42284 1
7.69403 1
6.55345 1
6.20383 1
5.28138 1
5.87406 1
4.17978 1
4.51857 1
7.34434 1
12.8694 1
5.01938 1
0.0379575 1
4.62314 1
4.76423 1
7.46702 1
6.3923 1
5.30907 1
7.00134 1
7.44433 1
7.1349 1
4.99109 1
4.18042 1
6.53855 1
8.40564 1
11.6069 1
7.38091 1
7.94222 1
10.5092 1
3.66752 1
4.67466 1
4.15716 1
7.45945 1
-1.28019 1
1.03266 1
3.25455 1
7.62651 1
4.86823 1
6.84631 1
5.54531 1
3.28347 1
0.654493 1
3.05704 1
12.7285 1
-4.24136 1
4.24145 1
11.4717 1
6.006 1
0.598341 1
9.14722 1
5.97969 1
7.43449 1
4.92202 1
3.58317 1
11.7681 1
-0.207341 1
11.1078 1
5.30222 1
7.22762 1
4.3059 1
4.67324 1
9.83618 1
3.47217 1
6.15664 1
5.73232 1
6.5251 1
