-1.67841 1
6.06157 1
2.91156 1
6.83409 1
4.38053 1
3.84198 1
8.07455 1
6.14417 1
4.12491 1
4.99682 1
5.35692 1
3.81896 1
1.36937 1
4.17494 1
-4.01161 1
3.95591 1
0.11763 1
3.36245 1
4.49643 1
2.74381 1
2.59864 1
-1.08141 1
4.44799 1
5.07732 1
8.79515 1
5.40154 1
3.73236 1
3.54941 1
6.06569 1
-2.26613 1
10.4473 1
2.96726 1
6.47753 1
6.50008 1
13.8886 1
8.42962 1
7.71683 1
3.15302 1
6.25155 1
3.3036 1
0.438552 1
4.71318 1
3.8388 1
9.343 1
8.75842 1
-2.65538 1
6.58217 1
0.65882 1
1.13694 1
-0.844481 1
2.441 1
-4.84822 1
4.40128 1
5.75835 1
9.33944 1
8.19165 1
3.64602 1
-3.11681 1
4.11514 1
3.33557 1
5.4976 1
4.48371 1
5.48221 1
5.47492 1
14.0041 1
12.9612 1
3.69691 1
4.57059 1
5.19375 1
5.236 1
3.01315 1
6.98096 1
9.58913 1
5.9357 1
9.76837 1
6.17731 1
0.468281 1
13.3373 1
2.03873 1
4.31735 1
2.43952 1
8.70948 1
5.89188 1
4.68001 1
6.35012 1
10.8512 1
5.17841 1
4.19025 1
4.35091 1
-4.36852 1
3.81651 1
6.82299 1
11.1245 1
3.26076 1
8.96375 1
5.09293 1
6.37644 1
5.23076 1
12.0951 1
6.19412 1
7.59712 1
5.06536 1
7.67444 1
7.81969 1
-2.39932 1
6.61667 1
0.0641638 1
9.43424 1
3.84709 1
5.45257 1
7.47525 1
3.03882 1
5.28087 1
5.6841 1
4.82133 1
8.47765 1
3.21683 1
-1.28925 1
9.07904 1
11.0332 1
7.47278 1
8.31757 1
5.32637 1
3.89537 1
11.2005 1
-1.17591 1
9.88434 1
4.72747 1
-2.72425 1
3.6843 1
-3.09865 1
1.34491 1
4.05015 1
2.90871 1
4.22715 1
3.88483 1
-0.359457 1
6.51482 1
1.07381 1
2.0978 1
13.0229 1
-1.14962 1
10.3222 1
6.14545 1
8.4354 1
2.40197 1
2.97389 1
3.14107 1
6.24925 1
1.85086 1
6.8744 1
-1.38758 1
14.3641 1
1.53072 1
6.94234 1
5.4214 1
0.100723 1
4.68348 1
5.13107 1
7.9861 1
5.96044 1
6.58745 1
2.60013 1
4.12817 1
3.82328 1
0.754011 1
6.14191 1
5.31231 1
9.22579 1
-2.38545 1
10.5771 1
7.82528 1
8.35426 1
5.65734 1
11.3032 1
7.53351 1
4.01594 1
6.74137 1
0.119633 1
6.85093 1
11.8391 1
5.75968 1
5.8376 1
3.26737 1
5.36082 1
5.9224 1
-4.78402 1
6.60267 1
-1.65817 1
3.59191 1
4.77701 1
8.61154 1
3.81409 1
3.48738 1
5.07902 1
4.08543 1
-4.69239 1
9.14536 1
4.49033 1
7.87241 1
7.62335 1
5.19261 1
-4.48412 1
3.20202 1
9.07747 1
6.31348 1
3.88693 1
5.8586 1
0.548244 1
-0.788418 1
6.11036 1
-4.31905 1
12.6702 1
1.98477 1
0.0790433 1
4.6345 1
5.84387 1
3.37217 1
5.25925 1
5.79398 1
8.92669 1
5.12618 1
3.08161 1
11.3902 1
8.16719 1
6.08149 1
7.93622 1
2.9986 1
6.282 1
6.39764 1
0.646669 1
6.95245 1
4.59407 1
7.57171 1
5.1321 1
5.23673 1
3.42717 1
5.6484 1
2.08788 1
4.78697 1
4.4131 1
4.49294 1
3.18751 1
4.93996 1
-3.49476 1
6.85148 1
6.49256 1
5.37332 1
3.4005 1
5.07073 1
9.12497 1
7.07682 1
3.71516 1
4.11257 1
6.15445 1
2.22178 1
5.07868 1
4.99896 1
9.87268 1
2.50191 1
6.51851 1
-1.76354 1
6.3884 1
3.95151 1
5.74975 1
8.52044 1
3.60918 1
9.51415 1
2.56289 1
6.20631 1
4.08166 1
5.46359 1
5.83362 1
4.5151 1
2.46039 1
8.31443 1
6.19442 1
4.04323 1
4.26062 1
2.26282 1
4.25256 1
8.30905 1
6.82008 1
7.99761 1
6.88978 1
3.78734 1
6.98055 1
10.3199 1
6.39459 1
5.4467 1
5.43779 1
3.77083 1
9.39507 1
0.740124 1
0.847944 1
-0.670798 1
6.60065 1
6.21978 1
4.78719 1
9.19517 1
5.40576 1
2.42276 1
7.87545 1
4.93125 1
6.58551 1
7.39214 1
12.3299 1
1.11849 1
10.1472 1
7.81768 1
7.86284 1
7.28101 1
1.1052 1
4.10521 1
4.89572 1
9.00642 1
6.18228 1
5.3387 1
5.8237 1
8.66691 1
8.30803 1
4.94523 1
1.82207 1
6.16797 1
5.74652 1
6.02115 1
12.1744 1
0.510458 1
4.47434 1
6.65743 1
11.3904 1
7.21695 1
4.92522 1
8.91749 1
5.44278 1
7.33987 1
13.4486 1
6.0044 1
8.70725 1
13.2513 1
1.48694 1
2.86432 1
4.19963 1
-4.8148 1
6.07067 1
-0.0898345 1
7.95315 1
2.03335 1
2.4422 1
5.7221 1
6.31708 1
1.50587 1
5.09894 1
6.79957 1
-0.360922 1
7.78426 1
5.16576 1
6.7291 1
6.36179 1
0.983673 1
2.67715 1
-0.449825 1
3.00093 1
6.94895 1
4.97622 1
3.51438 1
7.58854 1
-1.27228 1
4.48143 1
14.6724 1
9.28404 1
3.05778 1
0.876714 1
3.31129 1
8.30444 1
2.85855 1
-4.61968 1
6.08988 1
3.3246 1
3.48071 1
4.61371 1
4.02426 1
1.2123 1
12.2266 1
9.82874 1
14.4555 1
3.33046 1
6.5127 1
3.57738 1
2.20867 1
3.79588 1
7.52701 1
3.76263 1
7.85003 1
5.11553 1
4.85021 1
4.99204 1
5.39545 1
3.55384 1
4.68203 1
6.87591 1
6.30347 1
6.26271 1
4.83438 1
6.12105 1
3.97156 1
9.87041 1
9.68065 1
-2.73384 1
14.3938 1
5.62736 1
9.16824 1
4.2935 1
4.92829 1
3.65737 1
10.6584 1
5.26333 1
4.91853 1
5.2106 1
2.81444 1
3.12131 1
1.93673 1
6.78485 1
5.88023 1
1.21151 1
6.91399 1
5.94536 1
12.2179 1
5.3005 1
4.49322 1
1.943 1
7.22481 1
0.989398 1
5.71699 1
4.83224 1
-0.394201 1
3.19574 1
7.75437 1
6.54801 1
9.17743 1
0.073099 1
5.62037 1
2.88708 1
2.45112 1
2.78225 1
3.09397 1
10.9559 1
5.13564 1
2.45595 1
9.27154 1
2.35683 1
4.04573 1
0.431425 1
3.8186 1
2.87999 1
8.31968 1
1.28436 1
8.66836 1
6.15806 1
3.83429 1
7.91864 1
2.68882 1
8.54239 1
6.4178 1
-0.889481 1
6.23163 1
2.16602 1
1.21841 1
11.8908 1
4.5701 1
11.5502 1
6.50664 1
-2.51943 1
4.91602 1
2.97556 1
9.99551 1
0.0406137 1
12.7727 1
-3.36635 1
5.24994 1
6.93106 1
-3.92545 1
4.3154 1
1.19493 1
10.6055 1
4.95494 1
2.42374 1
3.1188 1
2.42683 1
8.70884 1
5.71416 1
0.620603 1
-1.10422 1
6.94952 1
12.0785 1
0.78167 1
5.67721 1
2.91051 1
4.62841 1
5.97837 1
8.5682 1
6.89909 1
3.07861 1
2.41593 1
-2.91129 1
0.577075 1
5.82898 1
1.15077 1
-1.21859 1
7.28901 1
3.49928 1
6.74321 1
6.99773 1
5.68435 1
2.35863 1
5.55981 1
0.700333 1
7.96085 1
0.972949 1
6.87797 1
6.77846 1
9.44029 1
-0.763127 1
10.6876 1
1.92962 1
6.35446 1
6.01409 1
4.1065 1
3.17357 1
1.98103 1
2.97955 1
5.66848 1
3.86213 1
8.52552 1
4.60656 1
5.15824 1
5.39837 1
2.58354 1
6.79462 1
1.88291 1
10.324 1
6.23485 1
-1.56222 1
5.06086 1
-4.24953 1
0.178748 1
4.88188 1
5.0637 1
4.35408 1
7.28421 1
5.8673 1
10.1917 1
2.87716 1
5.27902 1
7.80356 1
10.2709 1
-1.01576 1
-1.20463 1
2.2663 1
8.16573 1
11.2452 1
10.383 1
1.00642 1
13.3218 1
2.13511 1
7.01069 1
-0.920905 1
-2.21639 1
-1.12692 1
2.73674 1
4.67715 1
6.44957 1
4.19251 1
5.55312 1
8.0562 1
1.6721 1
2.94426 1
4.54711 1
0.980367 1
7.00895 1
12.4498 1
8.44149 1
4.67444 1
5.92619 1
6.61338 1
9.3793 1
3.01256 1
5.69188 1
1.68468 1
7.86387 1
7.51571 1
4.36417 1
9.75958 1
1.74302 1
3.88078 1
11.2981 1
3.1916 1
6.24581 1
5.59628 1
6.56738 1
6.9604 1
5.30973 1
12.0469 1
6.84765 1
-1.91116 1
5.93327 1
5.65532 1
2.38158 1
5.04247 1
-1.57816 1
3.97996 1
10.0852 1
9.5822 1
14.5127 1
13.3403 1
3.62684 1
5.8212 1
5.76693 1
5.14939 1
4.88296 1
7.18831 1
2.4858 1
2.97072 1
6.90788 1
-3.19167 1
4.66063 1
1.65779 1
0.244888 1
5.728 1
6.16716 1
3.79768 1
-0.0406088 1
5.64161 1
4.5923 1
3.17773 1
7.58143 1
4.64478 1
5.41359 1
2.33077 1
3.83232 1
-1.2808 1
5.19521 1
4.48507 1
4.59127 1
7.37371 1
6.02532 1
5.70593 1
-3.61276 1
-3.37597 1
7.85773 1
7.15896 1
1.67952 1
-2.86649 1
6.49462 1
0.426089 1
7.01015 1
3.67946 1
7.92378 1
8.61829 1
4.04122 1
6.48467 1
4.57629 1
7.30684 1
3.91768 1
5.89905 1
4.13701 1
11.9028 1
4.89005 1
5.60637 1
2.31396 1
5.62626 1
6.51412 1
3.57039 1
-0.800235 1
4.1344 1
14.2229 1
4.85695 1
8.64245 1
5.52887 1
0.854132 1
4.61216 1
4.4896 1
3.81925 1
7.54722 1
5.99222 1
4.86111 1
9.08813 1
6.40574 1
1.10752 1
8.88402 1
4.34227 1
6.72779 1
0.283033 1
8.18174 1
4.25723 1
8.8048 1
14.5761 1
3.67133 1
11.0218 1
8.05585 1
2.00689 1
-3.15436 1
2.1499 1
6.76611 1
9.00465 1
-3.24127 1
5.86719 1
2.91734 1
5.18195 1
5.41341 1
4.16389 1
4.62429 1
7.103 1
2.29838 1
6.04814 1
-3.4977 1
5.98362 1
5.54268 1
4.97898 1
-0.687517 1
5.28636 1
7.10397 1
7.07747 1
8.54658 1
6.4195 1
5.65483 1
7.21011 1
1.64865 1
2.71518 1
7.86632 1
7.5818 1
-2.50887 1
3.4256 1
8.91651 1
7.26762 1
4.69387 1
8.10841 1
9.48513 1
3.54294 1
7.51519 1
6.13786 1
7.16641 1
3.9267 1
6.22884 1
6.05067 1
5.71446 1
2.80217 1
5.31086 1
3.61255 1
1.26888 1
0.778359 1
6.08054 1
3.95925 1
5.64479 1
5.88264 1
3.82159 1
9.78688 1
6.36752 1
-1.25643 1
7.66126 1
8.07117 1
2.852 1
13.667 1
5.15671 1
2.43608 1
3.23414 1
6.94568 1
8.03758 1
4.15729 1
1.43227 1
6.71361 1
7.30865 1
4.7732 1
5.9717 1
6.39938 1
0.383848 1
4.54602 1
-3.66455 1
6.89571 1
7.52946 1
2.24788 1
8.17996 1
10.3301 1
5.01054 1
6.54871 1
5.89275 1
5.1885 1
4.06108 1
-3.51477 1
6.02972 1
1.92848 1
6.07343 1
1.31917 1
10.0278 1
3.20427 1
6.3922 1
2.88608 1
6.84651 1
9.32299 1
6.16809 1
12.9706 1
5.46609 1
2.71258 1
-3.84838 1
5.38595 1
13.5542 1
11.8874 1
0.146138 1
1.21289 1
-0.132554 1
5.07832 1
7.54178 1
4.5408 1
4.40935 1
7.21597 1
9.20861 1
4.1004 1
6.99491 1
-2.32512 1
2.88963 1
7.28012 1
6.59583 1
3.86141 1
1.37309 1
2.45267 1
3.00955 1
5.12422 1
6.23178 1
4.607 1
6.22306 1
-1.579 1
1.41062 1
6.54975 1
-1.6646 1
1.97771 1
4.10682 1
3.31886 1
6.18495 1
7.35959 1
5.83778 1
7.21839 1
2.62816 1
8.7439 1
6.53959 1
4.3945 1
4.37241 1
-2.76209 1
2.64943 1
11.237 1
4.88346 1
4.22972 1
1.60521 1
1.60245 1
0.448224 1
2.69971 1
4.72844 1
5.65834 1
-1.13403 1
4.17896 1
5.32488 1
-0.288036 1
5.39629 1
5.21013 1
5.32649 1
4.28722 1
0.866685 1
0.95385 1
4.60677 1
0.285533 1
3.57423 1
3.57581 1
4.95591 1
4.01465 1
5.31881 1
6.16054 1
7.0151 1
5.9738 1
6.81267 1
11.9479 1
5.56694 1
2.72279 1
3.33285 1
6.95918 1
5.83561 1
7.87687 1
2.28236 1
2.95148 1
4.31929 1
5.8225 1
-2.90852 1
4.90203 1
6.2987 1
4.24184 1
2.43535 1
8.04479 1
1.88343 1
5.47333 1
3.93622 1
4.76408 1
5.99145 1
9.20739 1
4.70114 1
7.04796 1
2.07099 1
3.29479 1
10.3443 1
3.8744 1
5.8484 1
1.21367 1
12.4155 1
3.29271 1
5.5775 1
5.82081 1
2.82153 1
10.6816 1
1.81145 1
12.3489 1
3.77928 1
6.49912 1
6.20909 1
-0.749678 1
11.5407 1
4.44402 1
0.987088 1
4.47595 1
0.810677 1
1.16743 1
2.46929 1
3.91829 1
1.14882 1
5.16422 1
4.72361 1
8.06781 1
3.2615 1
4.12836 1
3.74044 1
7.91748 1
7.21177 1
8.23607 1
2.71055 1
4.72411 1
9.42862 1
3.01073 1
-3.63515 1
-0.773768 1
9.18359 1
2.98391 1
12.2316 1
2.53105 1
10.1161 1
-4.5961 1
7.60795 1
3.56628 1
6.36397 1
9.50999 1
2.63819 1
2.51534 1
-3.36802 1
7.48534 1
-1.60538 1
7.17312 1
7.50601 1
4.764 1
2.0248 1
3.74966 1
-1.9718 1
6.46924 1
5.45029 1
4.45756 1
4.50857 1
6.68265 1
3.74616 1
6.47305 1
6.70446 1
4.08632 1
5.60381 1
5.68435 1
4.21535 1
-0.0560252 1
5.27948 1
2.64681 1
6.20895 1
6.47124 1
4.77556 1
5.27625 1
3.26889 1
5.98734 1
13.7803 1
7.98659 1
3.23024 1
5.44923 1
2.87537 1
7.79374 1
4.3911 1
-2.18547 1
6.35549 1
3.79542 1
4.54333 1
6.3083 1
4.73059 1
8.53754 1
4.78482 1
2.9019 1
5.60165 1
9.86702 1
1.71194 1
6.80916 1
4.84471 1
11.4401 1
1.94058 1
5.10121 1
7.60136 1
8.53326 1
4.18087 1
1.01723 1
6.7564 1
1.66101 1
-0.797137 1
9.8808 1
2.22532 1
5.88401 1
3.6235 1
4.8584 1
3.29951 1
10.2227 1
3.44701 1
-0.611811 1
4.50263 1
9.00736 1
6.82767 1
6.68949 1
9.91647 1
8.90719 1
6.87446 1
-0.702331 1
6.48594 1
7.84999 1
0.852043 1
0.158953 1
-3.10073 1
3.49384 1
5.15059 1
7.73383 1
8.8645 1
-0.14222 1
10.0784 1
9.97654 1
11.816 1
4.01435 1
6.22508 1
4.77023 1
5.02172 1
5.95353 1
4.0818 1
7.03126 1
3.20705 1
6.7086 1
0.154757 1
2.32211 1
-0.686327 1
5.79821 1
12.7051 1
8.11146 1
2.41786 1
7.10776 1
7.52669 1
3.91526 1
6.85317 1
5.87497 1
4.1151 1
12.0855 1
5.78378 1
12.0146 1
2.15841 1
8.98184 1
7.50545 1
5.94377 1
4.67446 1
-0.116469 1
4.21137 1
5.37654 1
7.52498 1
4.73063 1
-0.608967 1
4.92564 1
4.81975 1
4.37344 1
6.48582 1
2.06573 1
4.44609 1
5.00988 1
5.22018 1
6.56153 1
1.88307 1
9.66202 1
4.777 1
4.87357 1
4.1937 1
8.42985 1
3.56894 1
4.07964 1
5.56436 1
4.83609 1
5.58805 1
7.71785 1
4.49976 1
7.0651 1
4.74845 1
4.63605 1
3.81308 1
7.66801 1
8.03899 1
7.89875 1
3.17965 1
5.76344 1
4.57491 1
0.990817 1
11.252 1
6.62313 1
0.490584 1
5.83074 1
3.14211 1
3.45975 1
6.12948 1
5.07171 1
9.98742 1
6.93649 1
5.37329 1
5.25563 1
7.60543 1
11.0777 1
5.67236 1
5.66126 1
4.64964 1
2.54711 1
4.5665 1
2.97797 1
3.1338 1
5.88458 1
4.37838 1
7.64305 1
-3.17288 1
4.20238 1
4.80285 1
8.7288 1
8.9248 1
5.38908 1
3.07081 1
4.60318 1
3.31868 1
6.87204 1
2.79714 1
2.15921 1
3.64566 1
2.78548 1
9.33907 1
11.2843 1
1.76508 1
5.68953 1
5.19681 1
2.40662 1
6.29974 1
4.71123 1
0.432627 1
2.08127 1
8.05991 1
7.94123 1
10.7538 1
7.75068 1
5.98983 1
4.56553 1
9.00038 1
5.46238 1
6.87456 1
-2.77302 1
2.88704 1
8.27087 1
5.82163 1
-2.26149 1
5.23783 1
5.06359 1
5.61914 1
7.00114 1
5.83279 1
7.43411 1
4.91871 1
3.89571 1
3.17439 1
5.16043 1
6.07902 1
7.14819 1
4.97418 1
10.0522 1
5.60517 1
4.95083 1
5.46027 1
2.57072 1
6.00632 1
9.82754 1
4.72313 1
2.66445 1
2.41212 1
4.87078 1
9.62504 1
6.65323 1
2.89572 1
5.57568 1
7.31576 1
3.83899 1
3.63698 1
13.3665 1
7.49544 1
2.27018 1
4.62013 1
6.43266 1
6.37458 1
5.19768 1
4.761 1
5.25379 1
2.85815 1
6.77493 1
2.81962 1
6.0335 1
3.96226 1
1.97234 1
4.02642 1
4.18084 1
7.73339 1
3.44689 1
5.83148 1
6.16839 1
8.32935 1
7.70384 1
6.83143 1
6.72917 1
3.27356 1
0.54153 1
1.63675 1
5.08863 1
3.55866 1
6.38754 1
2.82186 1
1.56084 1
4.30386 1
3.19334 1
11.3004 1
6.58986 1
-4.67438 1
6.22295 1
4.05812 1
3.39715 1
4.58067 1
-4.30023 1
8.69232 1
3.97945 1
5.11666 1
6.73519 1
3.52768 1
6.79868 1
5.66711 1
3.59595 1
3.86158 1
1.42215 1
4.83304 1
5.51507 1
2.18289 1
6.76174 1
4.44819 1
2.22358 1
2.57693 1
0.0201784 1
4.0463 1
6.79755 1
7.19336 1
-1.38162 1
4.96919 1
8.88496 1
11.1766 1
7.42683 1
4.99862 1
4.4637 1
10.6714 1
4.46441 1
6.85255 1
6.47146 1
1.04478 1
3.97852 1
3.87992 1
12.876 1
6.13445 1
7.28249 1
3.21161 1
1.67384 1
7.57787 1
2.4918 1
2.10158 1
12.2741 1
5.46596 1
5.87109 1
5.01288 1
3.40443 1
6.05183 1
4.94179 1
7.03115 1
5.89787 1
8.45893 1
3.00588 1
4.18199 1
4.44707 1
4.91379 1
5.02043 1
12.3503 1
-4.10173 1
0.795393 1
7.45167 1
7.47955 1
8.85047 1
4.32856 1
-0.281284 1
5.9283 1
1.6037 1
5.47789 1
12.8226 1
-3.38169 1
4.22499 1
6.65165 1
4.77412 1
5.39628 1
4.85082 1
6.85013 1
6.47415 1
-3.79454 1
3.9965 1
-2.33139 1
5.5761 1
5.45037 1
4.79671 1
9.81293 1
6.43939 1
6.41921 1
3.08717 1
9.87989 1
8.57004 1
6.68774 1
11.546 1
6.77161 1
4.65321 1
3.06555 1
5.70572 1
12.707 1
-0.307929 1
1.97217 1
-0.54933 1
4.65846 1
8.50413 1
1.67262 1
9.19519 1
6.16883 1
5.56978 1
4.30243 1
2.92776 1
-1.41286 1
12.4799 1
14.2482 1
6.84144 1
14.6407 1
5.33691 1
6.1492 1
4.47418 1
8.96777 1
8.44848 1
0.198933 1
7.71489 1
4.94717 1
6.08681 1
7.59387 1
6.94492 1
3.80931 1
6.37623 1
6.8671 1
5.34161 1
7.24934 1
8.40438 1
4.04372 1
0.308902 1
4.12435 1
-2.85012 1
3.54285 1
4.90786 1
7.32557 1
13.9438 1
6.5267 1
4.60006 1
10.0572 1
3.63856 1
7.73076 1
6.06266 1
5.25481 1
10.353 1
7.06092 1
9.58285 1
4.66368 1
4.34978 1
6.58465 1
3.01686 1
5.50038 1
5.51251 1
4.03604 1
1.55995 1
5.62203 1
8.35327 1
5.23257 1
-3.00467 1
8.0371 1
5.32093 1
4.5259 1
2.86156 1
13.7261 1
6.17934 1
1.94264 1
12.8328 1
1.07001 1
10.2835 1
5.03912 1
1.11567 1
4.53558 1
6.95311 1
3.91197 1
3.40935 1
0.896671 1
2.16983 1
2.37001 1
3.03117 1
14.1384 1
10.9188 1
6.582 1
4.94839 1
1.27102 1
-1.37978 1
12.1858 1
11.2087 1
4.28899 1
2.63401 1
5.5367 1
0.218131 1
5.01054 1
6.84022 1
5.97629 1
4.90678 1
5.36996 1
7.68025 1
4.0048 1
4.33846 1
1.91029 1
6.83816 1
5.99434 1
4.89967 1
5.80153 1
3.38814 1
12.4571 1
-0.689757 1
7.05284 1
6.22245 1
1.94186 1
4.1841 1
7.11596 1
5.73511 1
6.29498 1
5.61982 1
2.59921 1
6.47974 1
-2.57885 1
5.56834 1
1.01829 1
5.49774 1
3.03471 1
3.2159 1
4.36561 1
3.217 1
4.70188 1
2.1334 1
-3.78449 1
2.64103 1
2.44262 1
9.91542 1
9.09405 1
2.82853 1
-0.573256 1
6.66178 1
-0.638223 1
9.83364 1
6.05052 1
7.70518 1
3.48823 1
3.75983 1
6.0109 1
5.8877 1
1.31407 1
4.68081 1
10.0567 1
3.69667 1
5.3437 1
8.02013 1
0.09379 1
6.66317 1
3.66105 1
7.26773 1
6.79039 1
2.66435 1
8.06557 1
3.97176 1
13.9485 1
6.95425 1
12.2365 1
10.8942 1
5.08681 1
10.7682 1
4.29655 1
0.873905 1
6.46678 1
4.21026 1
4.90358 1
5.28212 1
5.38644 1
4.5675 1
4.49526 1
-3.462 1
5.62148 1
5.65453 1
3.9153 1
7.49916 1
1.77029 1
12.3071 1
4.88644 1
0.560776 1
5.28627 1
3.89812 1
4.19479 1
3.86166 1
11.8471 1
8.62256 1
6.72535 1
10.6442 1
3.85459 1
10.5387 1
0.945441 1
4.67614 1
3.74251 1
4.31171 1
1.40964 1
7.9779 1
9.92802 1
3.66413 1
5.00003 1
5.39562 1
2.75478 1
8.85489 1
4.42702 1
7.32832 1
8.04756 1
0.67628 1
6.62748 1
7.57895 1
5.38857 1
7.8086 1
14.5287 1
2.29752 1
13.7229 1
0.0301724 1
3.77657 1
5.78045 1
12.6831 1
0.940414 1
5.79871 1
5.20874 1
3.26635 1
9.50996 1
1.07879 1
4.56934 1
4.79349 1
1.28536 1
6.3481 1
5.7688 1
5.17528 1
1.45942 1
5.10265 1
7.26287 1
5.87227 1
13.5462 1
-2.70981 1
0.282713 1
1.67428 1
5.32695 1
5.93805 1
-1.35672 1
7.94945 1
7.00143 1
-4.04681 1
5.13728 1
-2.83388 1
6.74211 1
6.56962 1
5.73764 1
4.53024 1
4.91287 1
2.39416 1
14.7742 1
7.25096 1
2.06524 1
1.64925 1
3.56249 1
4.83258 1
5.29748 1
5.42216 1
7.02719 1
1.90672 1
4.76855 1
6.25682 1
0.166918 1
6.77818 1
7.65761 1
5.45137 1
8.92218 1
8.75352 1
-2.43131 1
6.16441 1
7.50098 1
2.32237 1
4.80095 1
13.1462 1
4.34495 1
2.1016 1
-1.02673 1
3.25772 1
5.05445 1
1.16215 1
3.86659 1
-4.29294 1
6.45046 1
2.45024 1
2.79611 1
4.85264 1
2.30396 1
5.43897 1
4.83788 1
2.74975 1
5.97133 1
7.1758 1
14.1047 1
1.71035 1
11.7245 1
7.87542 1
2.06605 1
3.53912 1
5.08254 1
-3.92039 1
10.3088 1
4.91895 1
8.88183 1
-1.55904 1
7.75749 1
7.24905 1
5.65138 1
4.89979 1
5.80098 1
3.32473 1
5.50156 1
13.3019 1
5.86917 1
10.1692 1
-3.4615 1
9.17692 1
2.38377 1
-4.51874 1
4.69319 1
1.28592 1
4.38499 1
4.42361 1
6.78321 1
10.9068 1
6.23527 1
6.52498 1
4.58923 1
6.84509 1
6.63445 1
-3.79983 1
8.27887 1
6.63165 1
2.66188 1
-1.28401 1
7.45537 1
-1.42234 1
5.32176 1
3.89089 1
4.86915 1
6.64302 1
8.9886 1
6.94447 1
3.26289 1
6.23832 1
3.27852 1
3.07523 1
0.859328 1
6.13988 1
7.60098 1
5.62708 1
6.01377 1
3.953 1
0.166453 1
6.98391 1
4.35721 1
4.37803 1
2.84493 1
9.50432 1
6.88142 1
4.5229 1
5.64355 1
5.23111 1
5.26449 1
1.56345 1
-0.208912 1
3.93315 1
4.67419 1
-1.54774 1
8.0873 1
3.81987 1
6.42648 1
4.66141 1
-3.06848 1
5.8407 1
7.41354 1
5.91739 1
3.74796 1
6.36878 1
3.97884 1
-1.22839 1
5.35724 1
5.23765 1
4.59055 1
5.69399 1
10.3675 1
5.45138 1
7.32119 1
7.29254 1
2.99886 1
3.63938 1
-0.231692 1
4.12943 1
3.83565 1
3.24776 1
2.48822 1
8.35237 1
4.4918 1
8.58453 1
7.17075 1
5.62938 1
5.77803 1
5.45876 1
3.82655 1
3.80397 1
5.16943 1
2.98112 1
4.33302 1
-4.65815 1
4.49031 1
5.08444 1
8.83172 1
4.27334 1
1.53734 1
5.80646 1
3.63785 1
2.25585 1
7.23418 1
-0.743509 1
6.24853 1
2.66784 1
-0.980001 1
1.36419 1
6.0091 1
3.46499 1
4.51825 1
0.619039 1
5.35492 1
8.1152 1
7.69666 1
13.1143 1
1.33571 1
5.05979 1
6.8032 1
4.04776 1
4.19264 1
8.69752 1
4.23182 1
8.56047 1
-0.943603 1
-1.56926 1
6.36953 1
6.16776 1
-0.912328 1
7.25252 1
13.2614 1
-2.37842 1
6.18995 1
4.85957 1
2.59203 1
5.64205 1
0.423258 1
3.67181 1
6.30555 1
5.69914 1
0.905748 1
8.9649 1
2.43231 1
-0.982958 1
5.15159 1
3.72002 1
6.47148 1
5.63774 1
5.52619 1
13.5078 1
14.3014 1
1.11755 1
9.00815 1
6.42141 1
5.63172 1
5.73227 1
-2.49538 1
-1.87587 1
5.59996 1
3.69666 1
6.37294 1
6.41348 1
0.899463 1
-0.540423 1
2.67192 1
11.8483 1
4.86979 1
3.0593 1
10.3576 1
-3.54795 1
10.7785 1
-1.73343 1
8.51741 1
7.40192 1
14.2211 1
4.8536 1
3.66237 1
12.4495 1
3.58039 1
9.99528 1
8.39736 1
13.2465 1
3.14255 1
4.32329 1
-3.68097 1
6.52477 1
1.86423 1
4.28959 1
6.26555 1
7.73069 1
3.13111 1
6.63696 1
3.4783 1
10.472 1
8.97009 1
11.5299 1
9.77767 1
0.974052 1
3.99109 1
7.5382 1
1.4791 1
5.99919 1
5.74652 1
4.33412 1
5.59923 1
13.6243 1
7.73472 1
5.0691 1
7.54557 1
8.57596 1
2.61201 1
4.81613 1
0.7364 1
5.79117 1
8.57401 1
11.6919 1
2.81669 1
5.54846 1
3.24675 1
4.38214 1
9.61448 1
7.2864 1
11.9877 1
12.7117 1
2.18603 1
8.8181 1
2.48274 1
3.07668 1
6.85575 1
3.9449 1
6.07815 1
2.20843 1
-3.52749 1
2.28707 1
9.59336 1
5.96562 1
0.920048 1
7.31309 1
8.05845 1
10.3892 1
10.8739 1
7.07735 1
7.87821 1
9.02931 1
4.21857 1
6.32986 1
7.99963 1
9.82174 1
7.27588 1
2.93715 1
6.1388 1
7.99337 1
3.02624 1
8.74326 1
4.88467 1
2.29271 1
4.9963 1
-4.5376 1
1.26249 1
-4.67288 1
5.43071 1
5.27233 1
2.51464 1
4.28523 1
4.02109 1
6.69401 1
7.21743 1
3.13807 1
5.91302 1
9.1617 1
6.90908 1
5.08945 1
4.75239 1
8.01726 1
5.40387 1
11.6048 1
-0.937405 1
4.37213 1
6.41672 1
11.8661 1
4.28388 1
10.0029 1
3.57253 1
0.240898 1
-2.13131 1
7.1806 1
5.2886 1
8.66165 1
8.07346 1
13.7858 1
3.59692 1
4.40583 1
3.87072 1
4.81973 1
5.0525 1
5.61566 1
10.4045 1
7.50516 1
3.03317 1
2.4007 1
9.89234 1
12.1196 1
-0.926599 1
12.6325 1
5.85216 1
7.48882 1
2.29294 1
1.56019 1
3.68847 1
13.4857 1
7.24896 1
4.66211 1
-0.97849 1
11.1433 1
7.57668 1
11.1794 1
5.32462 1
8.12421 1
3.37851 1
6.69435 1
6.03387 1
5.02104 1
0.63868 1
9.68704 1
0.561895 1
10.1628 1
7.07095 1
2.79412 1
8.23608 1
10.0593 1
10.3677 1
7.50321 1
2.51018 1
6.37152 1
2.2715 1
5.24366 1
13.217 1
11.5007 1
5.99972 1
3.22084 1
5.55659 1
5.76682 1
5.61833 1
-1.32339 1
2.5365 1
9.86756 1
1.00795 1
5.33485 1
3.32436 1
11.7751 1
7.08017 1
-0.554371 1
-4.87078 1
3.13347 1
6.12562 1
3.4711 1
7.07978 1
1.01718 1
-0.0312315 1
4.17412 1
4.58804 1
3.2792 1
-0.231231 1
6.88309 1
4.85241 1
2.87963 1
11.0425 1
5.41814 1
9.81047 1
7.65999 1
1.17028 1
7.74663 1
5.61386 1
5.07578 1
2.9523 1
5.5103 1
4.95464 1
11.5386 1
6.91749 1
4.13155 1
-3.81615 1
5.14037 1
7.85141 1
4.29448 1
8.11643 1
10.9634 1
8.67635 1
2.81564 1
9.23731 1
-4.76817 1
8.60215 1
4.08395 1
4.9451 1
-3.59528 1
5.58777 1
4.97155 1
4.10791 1
4.74415 1
6.94103 1
-2.1474 1
2.32768 1
5.55776 1
2.33732 1
6.17748 1
11.3154 1
8.01535 1
4.95613 1
7.38062 1
5.34861 1
7.30135 1
3.16115 1
3.53491 1
5.12303 1
2.19382 1
7.05938 1
7.29712 1
3.98814 1
5.51969 1
5.62346 1
11.2051 1
4.47188 1
5.65513 1
6.45521 1
14.1081 1
7.74495 1
7.28453 1
6.72937 1
1.52968 1
5.76676 1
0.782938 1
2.96411 1
11.0417 1
4.35734 1
6.46134 1
7.93435 1
5.64388 1
4.21053 1
1.01469 1
5.96094 1
7.70903 1
2.08132 1
5.65322 1
6.49044 1
1.61619 1
3.16272 1
2.51665 1
8.2773 1
7.40452 1
6.56496 1
-0.612442 1
9.68431 1
-4.43179 1
-0.825721 1
4.58918 1
4.35791 1
4.70166 1
3.83412 1
5.66495 1
3.90594 1
4.68196 1
4.97799 1
4.13753 1
5.87349 1
10.3467 1
5.47955 1
11.5943 1
8.37663 1
4.63533 1
4.92333 1
-1.90382 1
6.57566 1
6.17794 1
0.0947404 1
5.65118 1
9.13477 1
4.6816 1
1.96029 1
9.76553 1
5.77267 1
-1.20989 1
7.20901 1
10.3743 1
5.67652 1
4.64273 1
3.32201 1
6.36598 1
4.0123 1
9.49314 1
11.3027 1
-2.3986 1
5.36346 1
7.08147 1
5.45194 1
11.4415 1
2.37248 1
5.26086 1
3.43616 1
3.71139 1
1.32594 1
12.2547 1
-2.74674 1
7.62008 1
7.43189 1
0.177961 1
0.421843 1
4.17968 1
4.33883 1
2.66462 1
4.52226 1
2.94725 1
5.85571 1
4.68505 1
5.60017 1
1.96875 1
-4.21276 1
12.5007 1
5.7192 1
7.81285 1
12.3308 1
4.32301 1
7.73411 1
6.03407 1
5.18036 1
5.12533 1
3.82922 1
0.373959 1
4.82986 1
4.9836 1
4.56588 1
7.81571 1
5.83277 1
2.58569 1
5.88301 1
4.53056 1
5.12599 1
8.76643 1
3.4205 1
4.18539 1
-3.73068 1
4.495 1
7.83398 1
4.30701 1
2.79502 1
-1.46231 1
3.06828 1
2.9433 1
2.47194 1
-2.47556 1
7.38958 1
-0.14606 1
2.079 1
5.46008 1
5.58273 1
5.04636 1
2.58269 1
1.53289 1
5.5386 1
7.50319 1
8.35321 1
3.66588 1
-0.0913387 1
8.23436 1
4.8433 1
3.17838 1
-1.00212 1
4.05471 1
11.4366 1
5.68653 1
13.4943 1
7.71509 1
5.83847 1
9.51053 1
9.45729 1
4.69848 1
6.47427 1
5.30286 1
-3.73466 1
1.70982 1
5.30787 1
14.809 1
1.38099 1
6.63383 1
6.3335 1
3.34074 1
0.529972 1
7.88863 1
6.17294 1
11.3728 1
7.41315 1
6.95971 1
4.12377 1
8.99162 1
3.71391 1
6.03706 1
7.2733 1
5.99347 1
2.59822 1
7.71162 1
14.7835 1
5.43902 1
6.48615 1
4.00224 1
5.79398 1
4.8523 1
1.8602 1
1.15695 1
9.27599 1
0.382123 1
7.47105 1
5.62686 1
2.75624 1
1.99208 1
3.93923 1
12.0223 1
10.1899 1
6.54519 1
6.89135 1
3.31304 1
7.57988 1
2.86883 1
4.54363 1
6.93869 1
6.93181 1
6.80755 1
6.55642 1
6.14833 1
11.0624 1
2.69152 1
6.83158 1
7.64163 1
5.30603 1
9.13603 1
5.4613 1
6.40571 1
5.8948 1
5.72809 1
4.68934 1
5.83319 1
4.02583 1
6.35599 1
5.63109 1
3.04001 1
7.52847 1
5.01298 1
5.40764 1
4.76717 1
3.47178 1
8.26433 1
6.50223 1
12.7946 1
-2.35982 1
4.31444 1
4.9517 1
-1.71572 1
0.692928 1
4.12027 1
11.8832 1
4.50123 1
13.3718 1
4.46613 1
14.8497 1
7.33426 1
4.08969 1
2.30184 1
8.25366 1
6.01139 1
4.34153 1
1.46032 1
4.53595 1
0.674944 1
8.0285 1
7.96849 1
13.3882 1
10.6778 1
5.00758 1
3.98558 1
12.0534 1
3.18417 1
3.86766 1
6.8699 1
6.12581 1
-0.646167 1
-3.43356 1
7.24559 1
-4.58194 1
7.16142 1
5.60583 1
6.52591 1
5.98572 1
5.21109 1
-3.78792 1
6.00189 1
8.8143 1
4.88523 1
5.46139 1
5.3267 1
3.84204 1
6.4131 1
6.05553 1
4.61269 1
3.98969 1
4.06194 1
6.95545 1
5.21111 1
7.35124 1
4.02994 1
10.9482 1
1.75796 1
7.13455 1
5.97381 1
3.93207 1
9.43314 1
6.04056 1
5.3045 1
10.657 1
3.45226 1
6.76137 1
6.61898 1
9.70497 1
9.77241 1
7.05741 1
4.02364 1
2.70564 1
5.21633 1
5.83053 1
12.1164 1
5.84568 1
5.62475 1
4.36651 1
7.68987 1
5.47504 1
4.55741 1
3.07411 1
-1.23419 1
10.7597 1
3.73538 1
2.93175 1
5.39017 1
11.5822 1
6.10815 1
7.33867 1
5.18926 1
14.8314 1
3.77951 1
5.33648 1
8.04124 1
4.92207 1
5.95873 1
2.07119 1
3.92179 1
8.68247 1
5.42708 1
-1.49815 1
8.92038 1
9.53437 1
5.85063 1
13.0584 1
9.49463 1
13.97 1
1.78862 1
-2.36746 1
6.49209 1
1.62373 1
5.22611 1
10.4862 1
3.64952 1
4.72066 1
1.28442 1
8.64083 1
1.26478 1
4.82127 1
3.57077 1
5.16339 1
4.15837 1
6.31202 1
4.19778 1
4.26708 1
4.15139 1
3.50609 1
4.30076 1
0.417325 1
9.88743 1
5.33712 1
6.04074 1
2.66529 1
0.174351 1
8.63388 1
3.65577 1
1.27448 1
7.00567 1
1.58263 1
-0.00429893 1
5.64277 1
2.73848 1
3.33361 1
2.48469 1
9.99839 1
5.51557 1
4.93314 1
4.30835 1
-4.15151 1
6.04774 1
4.25519 1
9.62306 1
7.2425 1
2.57066 1
4.07761 1
4.106 1
4.7897 1
0.913377 1
12.8093 1
6.20658 1
4.26676 1
10.8612 1
-1.90752 1
8.83473 1
8.3671 1
-4.15877 1
2.51147 1
5.76209 1
1.30569 1
2.60781 1
4.22938 1
9.65672 1
2.98861 1
8.34356 1
5.9421 1
6.5905 1
5.41461 1
1.15592 1
4.64884 1
4.96069 1
-3.34664 1
4.85263 1
7.88167 1
7.17881 1
5.64165 1
5.8548 1
8.90275 1
3.99286 1
-3.56757 1
3.45066 1
5.70608 1
6.41383 1
10.5051 1
8.56327 1
7.35071 1
6.51417 1
2.03904 1
-2.85051 1
2.72072 1
-3.99207 1
1.31859 1
4.82055 1
7.30889 1
6.27038 1
5.12039 1
9.9589 1
5.33292 1
6.98786 1
4.73139 1
-0.456078 1
6.74473 1
4.99698 1
0.83728 1
-1.12212 1
12.5411 1
7.39596 1
4.4063 1
4.31619 1
7.15685 1
5.08456 1
4.1376 1
3.89619 1
8.28889 1
3.07443 1
5.23495 1
7.37086 1
8.72669 1
9.91128 1
1.70183 1
6.4445 1
6.13551 1
5.69471 1
5.68035 1
8.59454 1
-3.7125 1
7.29615 1
4.6001 1
1.64535 1
6.34979 1
14.1527 1
0.970889 1
10.166 1
3.87713 1
2.94855 1
8.67034 1
4.55034 1
3.67072 1
5.7527 1
6.63417 1
-3.68322 1
6.8344 1
-3.30495 1
7.57991 1
6.60993 1
5.22516 1
12.7219 1
5.52197 1
4.78714 1
7.73041 1
5.17739 1
0.620564 1
9.40336 1
-0.0292893 1
7.69788 1
4.77464 1
6.32404 1
1.43912 1
4.13387 1
4.74192 1
10.141 1
4.93679 1
2.88188 1
10.9123 1
5.7092 1
5.36894 1
9.35046 1
5.07531 1
7.93697 1
11.3624 1
4.53569 1
6.30842 1
5.95283 1
3.61915 1
6.06042 1
4.28899 1
7.76804 1
8.16655 1
6.49018 1
0.346291 1
5.78504 1
6.64015 1
0.724941 1
9.67793 1
3.92568 1
4.74498 1
1.55882 1
3.89827 1
6.4512 1
-0.754627 1
3.39181 1
10.4494 1
4.65854 1
-1.86762 1
7.26111 1
6.61931 1
1.7205 1
7.21202 1
5.43877 1
10.5616 1
3.41074 1
4.93558 1
8.43823 1
7.64257 1
3.76006 1
10.9937 1
12.1012 1
3.26936 1
4.70668 1
7.84208 1
5.20318 1
3.79761 1
6.04576 1
3.42122 1
5.80806 1
7.37093 1
5.468 1
5.22172 1
6.20614 1
8.43491 1
9.33247 1
9.02892 1
13.554 1
4.52155 1
4.62159 1
4.68325 1
6.63369 1
3.33947 1
3.09147 1
-0.998429 1
3.59731 1
6.33312 1
5.12121 1
1.8512 1
2.35963 1
4.59158 1
4.44261 1
1.67237 1
3.89265 1
5.07968 1
3.09048 1
2.85828 1
7.61594 1
7.29604 1
5.65964 1
4.59343 1
3.16852 1
6.7053 1
5.47372 1
9.13227 1
6.21791 1
4.31407 1
4.03571 1
2.7347 1
3.20963 1
7.10428 1
9.29751 1
0.318166 1
4.20682 1
6.42923 1
9.82732 1
1.3119 1
13.1186 1
3.33445 1
3.20958 1
10.7627 1
6.81624 1
4.25171 1
3.78336 1
4.3887 1
4.93766 1
5.53312 1
-1.58076 1
3.49052 1
2.98911 1
5.55891 1
7.11605 1
6.18287 1
6.59313 1
3.42335 1
5.18083 1
6.63882 1
4.31202 1
5.66431 1
5.74142 1
11.989 1
2.07394 1
6.80856 1
5.87185 1
9.077 1
3.01925 1
5.17928 1
5.84519 1
13.2281 1
7.81934 1
8.37727 1
8.78593 1
10.8532 1
4.72094 1
11.223 1
4.59688 1
7.08475 1
4.58641 1
4.4855 1
0.0811996 1
7.52771 1
6.83041 1
1.00715 1
2.43798 1
3.25298 1
8.24659 1
10.3808 1
1.55812 1
6.59036 1
5.49957 1
3.04454 1
5.48079 1
12.8131 1
4.28469 1
8.00615 1
5.148 1
6.13943 1
7.79605 1
5.33792 1
6.6863 1
12.109 1
8.22389 1
6.4389 1
5.63916 1
6.46833 1
1.81972 1
-0.741599 1
0.446602 1
6.32242 1
5.27074 1
3.99694 1
4.54995 1
5.89894 1
-0.638312 1
4.4096 1
6.30658 1
6.20428 1
3.80645 1
3.13613 1
2.49402 1
3.44352 1
5.22814 1
5.4917 1
5.8156 1
2.77335 1
4.89614 1
13.8771 1
1.74419 1
6.74738 1
3.56344 1
11.1397 1
1.16803 1
3.19934 1
6.11266 1
4.9806 1
5.62773 1
5.42905 1
8.13146 1
2.17253 1
1.17063 1
5.92818 1
6.53356 1
2.80883 1
5.74775 1
2.48279 1
4.07217 1
4.25019 1
7.90135 1
5.58186 1
2.4321 1
1.7812 1
8.63929 1
6.44076 1
4.94653 1
8.62237 1
3.64897 1
5.50025 1
4.36091 1
7.24326 1
7.28734 1
8.12817 1
10.5834 1
7.08121 1
5.74177 1
3.02351 1
6.42224 1
-3.89574 1
3.20896 1
6.65032 1
5.24261 1
1.36943 1
5.96518 1
9.42676 1
5.03523 1
1.72158 1
13.8458 1
8.60531 1
5.89052 1
2.31048 1
3.73103 1
5.92982 1
5.11435 1
-0.00400864 1
5.78549 1
7.52067 1
3.55458 1
6.80266 1
10.5666 1
7.18907 1
6.27529 1
7.21725 1
7.1525 1
8.14265 1
3.57086 1
3.70152 1
3.63869 1
7.62291 1
5.49562 1
4.79891 1
-3.98487 1
4.6837 1
4.54361 1
4.23927 1
1.06266 1
2.29971 1
9.42039 1
6.16945 1
9.91622 1
4.98364 1
6.79429 1
0.486157 1
3.86864 1
13.3253 1
8.62669 1
5.75105 1
11.3061 1
8.38132 1
5.2259 1
-2.99658 1
1.11849 1
1.20103 1
1.88329 1
6.16955 1
1.2861 1
5.37181 1
5.26369 1
4.62018 1
5.9543 1
9.331 1
14.2757 1
4.38789 1
6.66834 1
5.4639 1
5.88075 1
6.79657 1
6.96608 1
7.18798 1
3.98718 1
1.47422 1
11.6558 1
7.93892 1
3.4805 1
-2.00519 1
2.78609 1
-0.138507 1
7.06187 1
1.37118 1
0.138583 1
4.59322 1
1.05343 1
-3.14837 1
4.09605 1
2.94742 1
5.24539 1
6.52727 1
0.795135 1
2.02434 1
6.97019 1
3.92076 1
9.87721 1
4.0938 1
2.60162 1
13.921 1
8.37564 1
-2.31234 1
9.87049 1
7.52675 1
10.434 1
8.17759 1
4.95374 1
8.14485 1
4.04765 1
3.93183 1
9.5676 1
5.01379 1
5.82311 1
0.588746 1
2.44358 1
5.3456 1
6.28932 1
-3.32899 1
8.12011 1
10.1938 1
-0.856035 1
4.60044 1
6.04149 1
8.75067 1
6.19191 1
10.7527 1
8.186 1
5.39588 1
3.02415 1
-1.29663 1
6.9263 1
2.01795 1
7.05592 1
6.65778 1
11.3596 1
3.31677 1
2.21594 1
8.20996 1
7.4151 1
5.76587 1
2.31255 1
7.52195 1
4.91528 1
6.46255 1
6.76522 1
0.10828 1
4.88404 1
4.29923 1
10.877 1
3.24721 1
3.42321 1
-3.69071 1
7.2862 1
5.93334 1
3.41032 1
2.79005 1
3.0309 1
8.95494 1
7.7094 1
4.55457 1
6.50456 1
6.77521 1
5.38835 1
-1.78375 1
5.58361 1
10.9818 1
4.08915 1
3.16961 1
3.4166 1
4.92139 1
10.0601 1
7.53199 1
6.43712 1
9.69789 1
9.18565 1
3.53866 1
8.52485 1
6.79656 1
7.37989 1
4.71825 1
3.84757 1
1.12611 1
-3.07498 1
4.63789 1
14.0126 1
5.62071 1
4.80365 1
3.92893 1
1.90606 1
3.60354 1
6.17904 1
4.60435 1
-1.98135 1
9.32425 1
6.29916 1
9.35785 1
3.97127 1
0.755251 1
-1.92068 1
1.78838 1
9.78147 1
6.03295 1
5.02909 1
8.11635 1
4.83764 1
3.31385 1
6.48271 1
-0.277424 1
3.66383 1
7.50361 1
8.87185 1
-1.2952 1
3.88205 1
4.32706 1
5.52295 1
0.016146 1
4.63734 1
8.87133 1
10.3404 1
3.72234 1
6.42265 1
8.27456 1
2.26654 1
4.46716 1
8.21505 1
5.06276 1
3.1594 1
8.93997 1
4.89213 1
12.8342 1
-3.68654 1
5.39426 1
4.38598 1
5.99682 1
5.44191 1
8.23592 1
1.03692 1
-2.64051 1
3.80832 1
1.57539 1
4.39038 1
0.0390183 1
4.69882 1
10.2705 1
6.36134 1
9.42857 1
3.04981 1
8.35686 1
5.27278 1
-2.52182 1
4.99654 1
12.2278 1
5.1815 1
7.38469 1
8.62926 1
5.82605 1
-2.88561 1
2.85043 1
12.8513 1
7.94561 1
4.3777 1
8.77297 1
5.56701 1
4.98919 1
10.1918 1
2.20951 1
7.73381 1
5.21609 1
5.89614 1
4.94866 1
2.07867 1
6.04863 1
5.32808 1
10.6578 1
2.87853 1
9.11278 1
-1.0151 1
4.76201 1
4.6188 1
1.88527 1
6.5298 1
13.9634 1
2.59881 1
8.52523 1
7.34396 1
3.87058 1
1.09605 1
7.15474 1
5.00862 1
14.0542 1
7.62873 1
3.7182 1
3.66039 1
-0.275139 1
-3.89584 1
6.6182 1
2.96546 1
4.50629 1
7.81044 1
7.01723 1
9.23782 1
5.58693 1
2.19614 1
4.55414 1
12.3105 1
3.87322 1
3.78869 1
6.56315 1
0.328115 1
3.24399 1
4.99129 1
7.86582 1
6.67809 1
2.16339 1
4.25032 1
3.09985 1
3.67412 1
4.61436 1
7.8253 1
7.8597 1
7.23551 1
7.69265 1
-1.92357 1
5.77081 1
3.20924 1
5.01438 1
5.38433 1
0.667055 1
1.8796 1
11.5926 1
5.68418 1
-3.66368 1
6.87548 1
6.36963 1
6.68881 1
0.508761 1
12.2967 1
12.2925 1
7.91821 1
6.07521 1
2.63228 1
7.57863 1
0.974464 1
5.42562 1
7.96017 1
12.1111 1
2.58732 1
11.5347 1
7.98452 1
4.3397 1
6.42917 1
6.64063 1
4.77087 1
6.49397 1
7.66756 1
5.42976 1
5.39279 1
5.56145 1
1.13657 1
13.6084 1
6.68819 1
-3.09144 1
9.63044 1
6.46678 1
1.23514 1
6.8244 1
5.28542 1
1.87089 1
1.87662 1
6.8474 1
5.48718 1
5.43291 1
4.9424 1
5.22299 1
1.27877 1
-2.2579 1
5.21097 1
0.46047 1
3.25805 1
6.36695 1
4.90835 1
11.4935 1
2.53562 1
10.055 1
4.62099 1
4.98688 1
8.04152 1
4.60282 1
6.95486 1
6.06038 1
0.344179 1
6.29622 1
12.5506 1
1.98402 1
1.68266 1
11.8804 1
6.17408 1
4.738 1
6.65092 1
9.58718 1
1.5773 1
2.00277 1
5.72788 1
10.7395 1
6.55776 1
8.65656 1
5.84059 1
3.19104 1
-4.2369 1
0.14298 1
5.26677 1
8.80856 1
4.76499 1
9.30618 1
9.32226 1
0.541903 1
2.53982 1
5.79205 1
3.73203 1
3.4545 1
11.4966 1
9.66267 1
6.45926 1
4.58475 1
6.88556 1
2.75587 1
4.34898 1
8.80352 1
5.13907 1
3.04101 1
9.95805 1
7.47017 1
5.33217 1
3.43266 1
2.92141 1
-1.3061 1
5.16925 1
7.42006 1
4.40085 1
5.83119 1
5.02556 1
5.34579 1
0.501015 1
10.195 1
5.3342 1
2.52338 1
0.918265 1
6.83743 1
1.45648 1
12.3155 1
13.2739 1
5.6977 1
6.62395 1
3.24919 1
7.14318 1
1.396 1
4.5557 1
6.31642 1
8.03067 1
4.09377 1
3.45593 1
5.78208 1
7.43379 1
-4.61875 1
4.57859 1
6.92641 1
5.00775 1
2.08756 1
12.0978 1
4.26685 1
13.7287 1
3.24633 1
12.8423 1
-2.29947 1
10.6985 1
7.41262 1
8.14567 1
6.99448 1
2.52683 1
9.72182 1
9.22566 1
4.54341 1
2.202 1
7.02551 1
-2.49833 1
12.5726 1
9.20751 1
11.4082 1
5.76306 1
0.728745 1
5.96953 1
2.2642 1
0.70825 1
5.1414 1
0.377833 1
8.77306 1
8.11414 1
7.82356 1
12.545 1
7.02948 1
3.9499 1
6.19841 1
6.53351 1
8.1044 1
2.95745 1
3.64711 1
11.6144 1
9.82447 1
9.07342 1
8.06054 1
5.04985 1
9.35094 1
5.05295 1
-2.67521 1
3.63949 1
1.52621 1
10.0002 1
4.83113 1
7.07004 1
6.44745 1
1.08929 1
4.44452 1
3.13408 1
3.95469 1
7.27466 1
3.61402 1
10.764 1
12.11 1
8.91412 1
6.59028 1
6.10724 1
3.93552 1
3.6673 1
7.52635 1
-2.09786 1
6.59244 1
5.40465 1
4.86823 1
4.57314 1
4.17638 1
13.4436 1
4.28169 1
5.00333 1
4.168 1
7.59259 1
6.46579 1
4.50637 1
7.68993 1
6.41098 1
11.1548 1
5.58123 1
5.79272 1
-3.85525 1
6.13811 1
-0.00279146 1
6.9363 1
4.26098 1
3.82737 1
-0.0763524 1
8.6483 1
4.81285 1
6.34881 1
6.58667 1
10.2801 1
8.86231 1
6.51091 1
7.02568 1
5.81693 1
6.0754 1
5.11962 1
9.30616 1
6.23085 1
1.90534 1
5.48404 1
10.2274 1
5.23359 1
11.5445 1
3.6197 1
8.59652 1
6.15497 1
5.19122 1
2.5532 1
9.18414 1
6.28924 1
2.71695 1
3.10833 1
7.38724 1
4.61929 1
4.30217 1
7.18167 1
-0.158721 1
7.57789 1
7.48453 1
3.62178 1
-0.536809 1
5.83699 1
8.01534 1
9.56151 1
5.93119 1
-3.24478 1
7.29161 1
2.67508 1
-0.967214 1
10.1411 1
8.16504 1
5.21824 1
10.3561 1
-2.72154 1
7.48046 1
4.8932 1
3.85509 1
4.10333 1
10.6836 1
2.89319 1
3.09097 1
-3.05924 1
3.60054 1
5.42339 1
2.31906 1
9.00148 1
4.67824 1
4.39545 1
8.2695 1
5.32475 1
5.41106 1
4.24729 1
-0.6895 1
-2.72228 1
3.35558 1
5.1496 1
10.832 1
13.2101 1
5.62146 1
6.07874 1
4.6262 1
0.611602 1
4.90537 1
11.9105 1
13.8336 1
6.05969 1
3.77489 1
5.8642 1
6.92454 1
3.3013 1
4.34013 1
7.43346 1
-0.767191 1
7.0987 1
6.04961 1
2.70915 1
-1.04875 1
3.44768 1
4.37445 1
5.10018 1
3.59648 1
7.14987 1
3.16654 1
2.11154 1
0.673596 1
5.66909 1
4.42693 1
0.789992 1
5.93176 1
6.79499 1
10.4851 1
-4.74697 1
4.80176 1
2.58358 1
-1.13747 1
-1.66257 1
5.00515 1
2.81035 1
5.76741 1
5.99464 1
-0.793873 1
5.00332 1
2.73817 1
4.84071 1
3.26178 1
2.67441 1
3.86757 1
8.64483 1
4.61667 1
7.35137 1
3.5351 1
8.95174 1
7.31955 1
6.51833 1
9.41305 1
7.42008 1
5.50261 1
13.1271 1
7.36869 1
3.68611 1
4.47678 1
4.48455 1
2.61608 1
4.99003 1
4.32043 1
2.56342 1
7.00742 1
8.84579 1
4.96793 1
4.83085 1
4.87777 1
-1.21576 1
6.76293 1
2.3416 1
6.76377 1
6.13376 1
2.38748 1
4.82895 1
6.90815 1
5.22501 1
7.45137 1
3.80128 1
5.71931 1
3.67908 1
3.73499 1
7.95243 1
3.51976 1
7.70223 1
3.60628 1
3.94486 1
7.4935 1
6.35562 1
5.53153 1
7.08241 1
3.80814 1
-3.45655 1
6.72683 1
5.8955 1
1.73408 1
5.31066 1
8.07666 1
4.47959 1
2.91222 1
3.21381 1
0.997889 1
13.3434 1
2.7201 1
8.16625 1
-3.11102 1
5.6435 1
6.01338 1
9.49254 1
11.7279 1
-3.07482 1
14.1776 1
4.88685 1
3.03005 1
0.25977 1
4.22938 1
4.1861 1
1.56558 1
3.8217 1
6.94395 1
7.41015 1
6.44612 1
6.04652 1
3.41832 1
4.90516 1
2.58288 1
2.67338 1
-2.31903 1
5.68168 1
5.394 1
9.0131 1
7.0861 1
8.47243 1
3.20466 1
2.96667 1
3.59545 1
4.81288 1
10.5531 1
9.28071 1
6.62366 1
1.53623 1
7.50619 1
9.99259 1
4.17256 1
6.47822 1
4.30316 1
9.64337 1
5.70223 1
-1.09611 1
1.06947 1
10.6892 1
4.86255 1
8.16094 1
5.88723 1
3.3197 1
0.453495 1
9.20298 1
4.6174 1
2.76114 1
2.33042 1
6.88032 1
7.39263 1
1.77612 1
9.8057 1
6.96051 1
6.05639 1
-2.06933 1
3.59633 1
5.3555 1
3.24533 1
3.92051 1
5.86514 1
7.279 1
4.91622 1
5.47552 1
0.947298 1
10.2733 1
5.83377 1
4.9525 1
7.66175 1
7.08849 1
8.00194 1
6.4407 1
4.84824 1
-3.08081 1
7.59527 1
10.2709 1
3.984 1
7.02603 1
-4.07561 1
5.23203 1
6.10707 1
4.04099 1
6.67147 1
3.52055 1
6.37263 1
4.72607 1
4.26329 1
2.06917 1
6.29527 1
4.06332 1
3.04062 1
6.24578 1
5.19292 1
4.99071 1
5.42972 1
13.5101 1
1.1507 1
-0.990956 1
2.25895 1
-0.107012 1
8.93049 1
2.59643 1
3.8654 1
1.45966 1
11.3834 1
5.44006 1
4.87248 1
3.04309 1
9.68103 1
4.12855 1
5.04196 1
6.02357 1
12.647 1
5.33605 1
3.1602 1
5.52247 1
1.29088 1
5.20816 1
3.78159 1
-2.53732 1
5.38353 1
11.89 1
13.767 1
3.11831 1
7.50668 1
3.57557 1
2.71248 1
4.49455 1
8.97124 1
1.69479 1
7.1511 1
11.6142 1
2.49694 1
8.34636 1
2.13288 1
2.6442 1
3.21775 1
1.76154 1
13.7493 1
6.49722 1
6.86305 1
6.44758 1
9.23095 1
7.5457 1
8.50685 1
4.10938 1
3.33483 1
9.53137 1
6.65034 1
6.62009 1
12.5486 1
2.01842 1
11.6202 1
4.81542 1
4.04354 1
5.63484 1
6.23378 1
5.45862 1
9.93745 1
3.88254 1
5.35031 1
3.76433 1
7.25464 1
2.71546 1
-0.953763 1
6.25606 1
2.76516 1
5.80377 1
6.60573 1
1.17 1
4.03044 1
6.12982 1
0.690907 1
9.56986 1
0.819904 1
-1.01736 1
0.222437 1
3.52947 1
3.33065 1
12.4521 1
0.225267 1
3.98786 1
14.4273 1
10.1047 1
4.858 1
2.71912 1
7.39542 1
3.27462 1
5.68535 1
12.6144 1
4.61145 1
5.28133 1
8.48768 1
4.09238 1
-2.3486 1
6.40412 1
2.8179 1
7.2955 1
7.86924 1
7.86309 1
3.6133 1
6.09561 1
6.42639 1
-3.44261 1
2.05281 1
8.23564 1
4.95635 1
8.73983 1
5.86253 1
7.2284 1
5.18904 1
2.23263 1
5.05977 1
5.93046 1
5.17862 1
5.6488 1
6.5111 1
7.40327 1
4.32468 1
5.71853 1
7.10045 1
0.339715 1
5.66428 1
11.4681 1
7.34784 1
6.40946 1
13.8641 1
3.52613 1
6.75442 1
5.46819 1
5.78281 1
-3.12496 1
4.91385 1
7.55021 1
1.97781 1
3.33188 1
7.05234 1
5.27301 1
-3.50502 1
5.26395 1
5.02008 1
5.1839 1
12.1821 1
5.44897 1
1.69136 1
1.33418 1
4.59863 1
6.42092 1
2.13195 1
-1.70454 1
7.11323 1
3.74778 1
2.49776 1
6.45433 1
0.576319 1
3.02458 1
7.22025 1
7.51224 1
4.95194 1
3.42777 1
-4.07645 1
9.37776 1
-3.25366 1
5.3598 1
4.10628 1
6.69604 1
3.85959 1
5.63972 1
3.45106 1
6.05136 1
11.343 1
6.54012 1
1.27573 1
6.16446 1
4.44271 1
10.3859 1
9.02915 1
0.899242 1
-2.49535 1
9.01273 1
3.02417 1
-1.13511 1
14.3762 1
-2.41574 1
3.49668 1
1.07684 1
-4.52803 1
5.36508 1
9.55302 1
7.73467 1
3.00507 1
5.80363 1
2.49771 1
3.69994 1
5.26626 1
3.39003 1
-1.03877 1
10.8928 1
4.60584 1
8.88689 1
4.22579 1
4.69408 1
4.57661 1
1.60951 1
8.25926 1
9.42832 1
13.5081 1
7.38388 1
7.00588 1
3.63121 1
-3.71059 1
7.99371 1
4.61188 1
3.09202 1
10.2769 1
3.08293 1
8.29011 1
5.95539 1
6.25887 1
1.47079 1
4.8029 1
2.35834 1
5.73243 1
4.65932 1
10.6212 1
6.67175 1
5.87672 1
6.60355 1
0.765825 1
4.21699 1
4.68256 1
5.57851 1
5.34136 1
3.46267 1
4.78186 1
2.01467 1
14.176 1
-4.87746 1
7.86361 1
3.1911 1
4.23838 1
6.77129 1
6.50913 1
2.79281 1
11.7215 1
10.9564 1
10.9323 1
7.11751 1
5.71374 1
7.96483 1
3.15094 1
10.8904 1
6.10996 1
0.152184 1
-0.386355 1
4.07401 1
3.10239 1
5.35245 1
7.17346 1
0.0534247 1
3.17177 1
7.65496 1
-3.47236 1
9.60658 1
3.7502 1
6.22151 1
4.07774 1
5.31975 1
1.63324 1
6.83585 1
0.421843 1
-1.87527 1
8.91895 1
10.8701 1
4.73436 1
5.43926 1
4.74603 1
1.78711 1
11.7763 1
5.66312 1
4.13878 1
3.05195 1
2.26566 1
4.97567 1
5.59838 1
11.9219 1
8.38498 1
-3.72599 1
7.04102 1
5.83675 1
5.87081 1
5.03732 1
5.32076 1
0.36143 1
4.63205 1
-0.403264 1
10.7215 1
6.08633 1
7.56457 1
4.08211 1
0.503035 1
3.32249 1
1.62759 1
9.00812 1
3.7564 1
5.19785 1
-0.834792 1
4.62524 1
5.37281 1
7.24235 1
10.2899 1
5.2623 1
0.582432 1
10.0112 1
1.62154 1
12.2515 1
6.17928 1
5.73052 1
4.70536 1
4.99751 1
1.85039 1
4.3052 1
13.907 1
4.31278 1
1.62457 1
6.53959 1
4.33004 1
-0.363525 1
10.4898 1
10.1318 1
3.33314 1
1.90533 1
11.5677 1
5.1143 1
6.14492 1
7.38219 1
7.11835 1
6.74612 1
7.11157 1
7.69965 1
4.01708 1
6.66138 1
10.0095 1
5.33536 1
7.62768 1
4.61509 1
5.90661 1
7.55126 1
3.29964 1
5.65156 1
1.07993 1
3.5767 1
1.94695 1
6.85645 1
7.16715 1
2.88185 1
5.5013 1
6.35498 1
-1.0848 1
5.73682 1
8.16404 1
7.48868 1
2.18957 1
5.89055 1
5.30736 1
5.64509 1
11.5299 1
3.27044 1
12.5895 1
4.05702 1
7.01036 1
6.12055 1
7.01542 1
5.41224 1
7.71132 1
6.7373 1
4.35615 1
10.0333 1
7.78803 1
5.46686 1
7.46702 1
11.3449 1
5.64251 1
4.21952 1
6.29247 1
3.58052 1
8.89475 1
8.69249 1
4.77715 1
9.30338 1
6.0088 1
9.54853 1
9.0006 1
9.30856 1
5.0691 1
5.08098 1
4.35672 1
4.57809 1
13.5768 1
3.64195 1
3.88625 1
3.16935 1
2.41397 1
7.16768 1
1.00425 1
4.08961 1
10.0195 1
6.76551 1
4.06378 1
5.45666 1
4.36373 1
-1.48698 1
7.90784 1
11.9155 1
14.0831 1
12.4901 1
7.38654 1
-2.81269 1
0.210042 1
3.23286 1
5.09024 1
6.91536 1
3.64781 1
4.89562 1
-3.8772 1
7.29244 1
3.63897 1
-0.578921 1
0.625701 1
7.42144 1
-1.11747 1
5.01211 1
10.0434 1
5.38206 1
5.95454 1
8.7555 1
-1.26857 1
6.79877 1
7.82275 1
8.12997 1
3.95899 1
5.04216 1
-1.3662 1
9.44386 1
1.84736 1
7.8626 1
4.02677 1
7.38661 1
-0.196755 1
5.31829 1
3.04351 1
2.79894 1
5.40623 1
5.15595 1
4.56109 1
-1.76839 1
6.39145 1
-0.736147 1
9.12293 1
5.4806 1
7.92025 1
0.909019 1
5.81433 1
11.932 1
5.58932 1
4.08739 1
1.49214 1
4.19553 1
11.8019 1
6.11918 1
6.30961 1
4.98455 1
6.51647 1
10.0664 1
3.09697 1
4.84397 1
7.13004 1
-2.23093 1
6.93789 1
5.56081 1
6.6642 1
5.76464 1
8.47795 1
2.38618 1
5.79741 1
2.90015 1
10.7768 1
7.11536 1
6.73931 1
13.8703 1
5.41334 1
0.310587 1
6.0995 1
7.18338 1
5.18573 1
-3.54856 1
12.0681 1
5.52401 1
1.53988 1
7.26051 1
4.74122 1
7.80385 1
5.15347 1
10.7183 1
0.611332 1
4.73046 1
2.32675 1
5.06773 1
4.70153 1
8.50163 1
9.62776 1
7.0515 1
6.041 1
10.7554 1
2.90254 1
3.42968 1
6.42781 1
7.84883 1
7.50738 1
4.45806 1
1.74217 1
-3.38808 1
3.22938 1
2.02923 1
1.51706 1
6.83795 1
8.07197 1
11.4251 1
6.12741 1
0.903179 1
4.13073 1
7.15047 1
-4.58579 1
13.7236 1
1.33845 1
3.63684 1
6.06457 1
5.33196 1
10.6755 1
6.12411 1
4.61141 1
4.6224 1
5.34482 1
12.8305 1
3.616 1
-2.27722 1
7.54727 1
9.68455 1
4.00292 1
-2.66469 1
4.29304 1
8.84326 1
-3.0768 1
3.75265 1
9.45007 1
6.08881 1
8.23776 1
4.07708 1
12.7418 1
4.08782 1
5.50857 1
9.22309 1
2.47523 1
3.65848 1
5.89549 1
6.7346 1
10.1584 1
9.1086 1
14.8109 1
6.79734 1
4.26069 1
13.7644 1
4.3808 1
5.92726 1
8.32131 1
6.61947 1
5.36749 1
6.41285 1
3.73452 1
2.19369 1
6.1298 1
8.33999 1
7.85218 1
3.49439 1
0.444938 1
8.11537 1
2.05774 1
5.64472 1
3.50064 1
5.84404 1
3.43786 1
3.32667 1
-0.202246 1
6.71536 1
6.78023 1
5.71719 1
4.27366 1
8.23768 1
9.5613 1
3.10625 1
11.816 1
-2.36773 1
3.12605 1
6.30465 1
-1.9243 1
6.31944 1
10.7949 1
9.79895 1
7.75453 1
7.32286 1
3.03872 1
5.52538 1
0.838 1
3.92298 1
7.91567 1
6.35863 1
4.76671 1
11.6368 1
-1.86829 1
5.94895 1
4.78182 1
6.63827 1
6.36541 1
5.05319 1
2.96231 1
3.39077 1
6.66768 1
10.2046 1
4.55751 1
4.4869 1
9.53444 1
7.81029 1
1.93919 1
2.42685 1
-4.04345 1
14.6765 1
4.77948 1
2.90292 1
10.2492 1
6.88468 1
6.3559 1
6.20236 1
2.94865 1
3.61335 1
4.43105 1
5.19338 1
3.88619 1
8.61091 1
3.98519 1
4.26028 1
5.83635 1
2.73815 1
5.72361 1
3.51356 1
5.34142 1
4.93506 1
3.4519 1
3.7203 1
2.01892 1
6.66538 1
3.89261 1
3.40049 1
4.61832 1
11.532 1
5.04796 1
5.6784 1
4.57648 1
3.14565 1
13.1497 1
6.56019 1
4.69989 1
3.30131 1
5.27153 1
3.97236 1
10.6798 1
2.08787 1
8.26154 1
0.52731 1
14.6374 1
5.66966 1
4.52608 1
4.16211 1
0.760002 1
9.90494 1
4.20487 1
1.17063 1
2.71335 1
0.214653 1
1.87571 1
5.5528 1
11.6088 1
-2.191 1
3.81606 1
-3.86896 1
7.04894 1
-2.44901 1
8.95696 1
11.4848 1
2.21715 1
3.40078 1
13.8523 1
7.63274 1
2.5637 1
7.48362 1
-0.628862 1
5.12004 1
0.813378 1
5.72339 1
4.37101 1
4.83838 1
2.93407 1
-2.6403 1
0.863111 1
6.19163 1
4.02956 1
8.69159 1
-1.09363 1
6.76167 1
10.7248 1
-1.91159 1
2.85739 1
-4.44986 1
5.26541 1
8.08454 1
5.26126 1
7.22044 1
5.22374 1
5.0053 1
2.26813 1
2.68214 1
-1.1389 1
1.1756 1
4.62091 1
6.5379 1
2.83001 1
-0.298755 1
4.78424 1
3.49439 1
5.52607 1
8.55966 1
5.01343 1
6.10143 1
6.48246 1
13.1403 1
1.26497 1
4.86503 1
8.63762 1
6.40492 1
8.02308 1
3.84954 1
0.485585 1
0.54807 1
1.32778 1
3.74074 1
8.22772 1
5.68555 1
2.17046 1
4.5405 1
6.58585 1
5.36822 1
2.26699 1
3.95199 1
9.19279 1
-0.491482 1
7.51921 1
6.31437 1
9.23185 1
6.43915 1
6.06954 1
3.554 1
7.75732 1
7.08751 1
10.3135 1
6.19804 1
2.08632 1
4.52317 1
5.16093 1
6.84432 1
7.44171 1
3.08145 1
-0.641356 1
7.53266 1
5.51795 1
12.747 1
0.488384 1
-1.45505 1
2.76787 1
9.60739 1
2.70902 1
2.56267 1
-2.29006 1
7.68759 1
-2.78028 1
-0.281012 1
6.65428 1
4.00784 1
2.54595 1
1.65874 1
7.57335 1
-3.65987 1
4.02336 1
6.66732 1
6.07662 1
4.59921 1
-0.163465 1
4.73148 1
3.86032 1
7.49259 1
9.79828 1
12.3683 1
3.91347 1
4.1427 1
2.854 1
10.5918 1
5.85673 1
-1.00678 1
-1.08176 1
4.76158 1
4.64587 1
3.54893 1
9.05237 1
0.760061 1
-1.84458 1
0.800119 1
9.49231 1
-0.135312 1
8.08799 1
6.0223 1
5.71697 1
4.32878 1
2.35583 1
5.27729 1
10.3614 1
4.2522 1
11.2599 1
3.8384 1
3.28639 1
6.50621 1
3.72977 1
3.71059 1
2.40569 1
12.0172 1
5.60166 1
6.13745 1
1.42697 1
6.42561 1
1.40805 1
11.9281 1
7.60293 1
4.3456 1
5.73858 1
4.989 1
5.80678 1
12.9503 1
6.74487 1
3.75908 1
0.122806 1
2.20841 1
2.51673 1
7.11016 1
8.08884 1
0.173621 1
7.19898 1
5.76398 1
5.4921 1
4.45257 1
8.78107 1
4.98494 1
6.22884 1
2.50208 1
-3.61107 1
-1.30256 1
3.7155 1
6.95433 1
4.98667 1
10.4605 1
5.71112 1
5.44495 1
13.9215 1
4.28394 1
5.98971 1
7.66726 1
5.81434 1
7.79356 1
4.86282 1
1.95692 1
-2.51236 1
6.76099 1
7.74403 1
7.05762 1
5.01312 1
0.0810177 1
1.14878 1
1.16464 1
10.7501 1
1.55977 1
4.79605 1
-3.36113 1
9.98194 1
1.88931 1
-4.69959 1
1.52866 1
5.23677 1
5.74426 1
1.25554 1
9.51244 1
7.644 1
14.8193 1
5.34205 1
5.94978 1
9.41488 1
2.90978 1
6.85143 1
12.6687 1
6.72191 1
11.4408 1
6.1842 1
2.48423 1
3.08419 1
6.50721 1
7.94673 1
5.70884 1
6.53137 1
6.68542 1
6.93373 1
1.64924 1
6.30541 1
0.722433 1
6.81316 1
-0.953658 1
7.30541 1
1.49645 1
5.10685 1
-3.45475 1
4.29991 1
6.30385 1
6.81591 1
5.29241 1
6.25509 1
1.98711 1
5.5531 1
1.54378 1
3.09074 1
11.1327 1
3.08298 1
9.83618 1
-0.0613406 1
4.76851 1
7.3855 1
3.57769 1
3.61698 1
8.12645 1
8.90541 1
6.04392 1
9.65167 1
3.06909 1
5.85875 1
8.38195 1
5.72844 1
6.47794 1
3.64815 1
5.75952 1
12.841 1
12.9077 1
0.747044 1
2.93478 1
6.237 1
3.4021 1
5.01453 1
8.70881 1
7.68021 1
13.7956 1
3.31197 1
5.43054 1
10.5808 1
5.55003 1
3.59118 1
4.39152 1
6.44565 1
7.97637 1
6.67061 1
5.65466 1
8.16442 1
3.35606 1
5.63263 1
-1.31153 1
2.39128 1
5.56268 1
3.92674 1
2.77665 1
4.89059 1
3.56592 1
-0.0790875 1
-2.64444 1
4.7082 1
2.98312 1
5.85486 1
1.23809 1
0.216346 1
3.78721 1
9.052 1
6.14894 1
2.49299 1
8.44163 1
7.96725 1
6.11814 1
-3.87329 1
12.0512 1
5.00641 1
6.23202 1
3.36166 1
5.18796 1
4.64886 1
6.04228 1
6.47087 1
9.70223 1
5.32946 1
10.1619 1
5.15108 1
3.80117 1
3.40386 1
7.72067 1
9.63132 1
7.14862 1
8.16936 1
13.3809 1
0.294457 1
4.41137 1
5.28051 1
3.58577 1
4.583 1
8.45134 1
-2.70615 1
5.51645 1
5.44872 1
1.28924 1
6.13118 1
7.59182 1
4.898 1
8.20573 1
2.69151 1
10.8662 1
3.92939 1
3.76007 1
-2.93357 1
4.78544 1
2.52048 1
4.97567 1
3.5135 1
5.43773 1
5.20036 1
4.87151 1
-3.7418 1
10.1895 1
4.71053 1
4.65378 1
0.250577 1
5.22792 1
-4.33133 1
2.39528 1
4.35224 1
6.62271 1
6.82067 1
3.53494 1
12.1153 1
3.63125 1
5.71461 1
9.10855 1
2.89194 1
3.94009 1
-2.24351 1
3.27977 1
3.79664 1
4.35458 1
6.27199 1
2.44311 1
7.90123 1
2.59088 1
-2.45593 1
5.30055 1
3.70881 1
6.71387 1
4.12218 1
4.06455 1
10.3694 1
2.08819 1
2.74703 1
11.2601 1
5.2172 1
5.96612 1
4.5184 1
2.88689 1
2.85476 1
7.4572 1
6.86274 1
8.37694 1
2.02034 1
4.17904 1
0.225362 1
11.1255 1
3.66137 1
11.7053 1
6.28455 1
14.7802 1
2.56689 1
6.74783 1
1.45602 1
6.61022 1
4.47397 1
3.91316 1
14.5059 1
3.41493 1
9.53648 1
11.2463 1
1.57311 1
7.30027 1
3.54371 1
5.74119 1
4.04179 1
7.60586 1
6.03471 1
8.97986 1
3.45915 1
2.86964 1
5.37985 1
-0.134694 1
4.32937 1
2.9835 1
9.84709 1
3.40943 1
6.19076 1
3.25383 1
3.60759 1
1.86957 1
7.47423 1
8.73696 1
8.80964 1
10.7307 1
5.74575 1
6.35016 1
0.659997 1
8.05597 1
4.38781 1
-3.96899 1
2.48317 1
3.52593 1
7.24695 1
-0.29627 1
8.98787 1
4.72322 1
5.11053 1
6.37557 1
4.71545 1
7.36085 1
6.37784 1
13.0895 1
2.39468 1
2.55063 1
5.70266 1
3.57185 1
0.244849 1
0.0800235 1
10.4017 1
-1.1563 1
3.97916 1
2.2124 1
2.96996 1
5.31906 1
4.47554 1
6.71513 1
7.06812 1
0.166415 1
11.7226 1
10.8635 1
10.2913 1
5.39102 1
7.61081 1
11.4647 1
5.31934 1
0.628338 1
6.33024 1
5.30672 1
7.707 1
5.06183 1
6.46159 1
2.21799 1
3.03525 1
3.10948 1
7.87674 1
4.97582 1
7.63444 1
6.09007 1
12.2595 1
5.90059 1
-1.04375 1
0.520102 1
2.48396 1
5.77107 1
14.1994 1
10.9435 1
9.4731 1
4.17091 1
4.56616 1
3.14684 1
-1.17114 1
6.25868 1
1.66744 1
7.08778 1
-0.581575 1
8.24543 1
3.41627 1
11.8307 1
4.34456 1
6.21513 1
0.739442 1
8.11333 1
6.40788 1
2.78605 1
-3.67345 1
10.0542 1
0.565852 1
3.40085 1
6.45752 1
4.65728 1
6.13334 1
2.87824 1
0.62804 1
5.92569 1
-2.51006 1
12.9846 1
9.95805 1
7.92883 1
9.41001 1
3.58671 1
-1.55524 1
5.48493 1
2.80653 1
5.50281 1
5.42239 1
4.57273 1
3.27953 1
8.12299 1
6.164 1
7.11556 1
2.60607 1
5.21705 1
6.25436 1
1.97509 1
7.2527 1
3.88518 1
5.11612 1
4.04282 1
7.56522 1
5.10933 1
3.03529 1
2.91852 1
11.3043 1
1.35105 1
7.3402 1
4.82405 1
7.11706 1
8.13472 1
2.86449 1
13.7174 1
5.13601 1
6.44941 1
7.46093 1
4.60847 1
5.59174 1
7.07172 1
6.30251 1
3.59471 1
5.87935 1
10.9495 1
9.73874 1
9.16474 1
6.01662 1
4.38005 1
5.21615 1
7.62011 1
5.35065 1
6.51601 1
4.38267 1
4.63438 1
4.50224 1
3.64194 1
4.61751 1
4.54574 1
3.26363 1
7.21032 1
7.31894 1
-1.753 1
6.60211 1
5.04512 1
5.41863 1
5.26316 1
2.71403 1
5.75477 1
8.88073 1
3.1611 1
0.769123 1
6.96963 1
6.91637 1
6.74646 1
5.32554 1
2.83792 1
4.9821 1
-0.261891 1
7.80542 1
4.56234 1
6.36407 1
6.21737 1
-0.274989 1
4.45531 1
6.60987 1
7.56466 1
5.82592 1
6.65406 1
3.43547 1
5.39095 1
3.00529 1
8.35015 1
1.55892 1
7.33224 1
4.89561 1
3.95551 1
6.29613 1
5.42295 1
8.91839 1
6.3234 1
9.53486 1
6.95286 1
8.13018 1
2.89607 1
1.87891 1
9.03213 1
5.04316 1
11.1941 1
5.01709 1
6.54913 1
0.938399 1
5.21127 1
5.30195 1
10.5776 1
0.0920737 1
0.292677 1
0.0583655 1
5.09915 1
8.18045 1
2.52799 1
0.349189 1
4.15504 1
5.16292 1
6.79169 1
6.30352 1
5.55789 1
6.17088 1
4.34666 1
5.81012 1
9.69605 1
7.1448 1
7.79266 1
3.49777 1
5.73272 1
6.19128 1
3.25652 1
5.09419 1
3.49505 1
4.94006 1
1.16306 1
6.03347 1
8.33503 1
2.9417 1
3.0242 1
3.62816 1
4.57966 1
1.11701 1
4.80673 1
0.520234 1
-0.935074 1
5.61541 1
4.95829 1
-0.221814 1
4.57009 1
7.58258 1
3.96083 1
2.53064 1
1.26906 1
7.36504 1
0.411019 1
10.1563 1
-4.48719 1
3.29678 1
-3.02627 1
3.32656 1
5.50861 1
5.43927 1
4.1651 1
3.09669 1
7.31303 1
4.98623 1
5.27132 1
8.26917 1
5.26755 1
8.23809 1
8.55369 1
-4.1132 1
12.1229 1
3.14627 1
4.82204 1
3.30465 1
6.2547 1
6.59662 1
-4.12266 1
2.45124 1
6.00524 1
7.29385 1
0.0551415 1
-4.41814 1
9.98301 1
8.90538 1
5.51831 1
-1.60615 1
-0.474383 1
13.0234 1
6.14219 1
13.8284 1
4.34205 1
1.68355 1
2.75036 1
14.2664 1
10.2893 1
7.43244 1
4.09668 1
-3.67729 1
5.73643 1
7.78209 1
6.29481 1
2.46806 1
-4.20332 1
5.01949 1
3.28994 1
4.25136 1
6.04569 1
1.89561 1
8.01031 1
5.92631 1
7.17981 1
3.54682 1
6.93092 1
10.327 1
3.66999 1
7.64666 1
8.3705 1
0.802909 1
9.76213 1
3.00759 1
8.4086 1
4.4157 1
7.55925 1
6.31934 1
5.3456 1
4.98087 1
4.11104 1
5.54765 1
-2.55272 1
2.59198 1
6.89206 1
6.84336 1
6.61 1
11.4027 1
5.09141 1
10.533 1
4.04821 1
3.5302 1
7.83542 1
3.93319 1
8.70951 1
6.1691 1
-3.09649 1
4.98313 1
5.48129 1
11.9569 1
3.15704 1
11.8583 1
6.148 1
5.03588 1
4.28027 1
5.94489 1
12.9951 1
4.25972 1
2.234 1
4.30136 1
6.28092 1
4.61302 1
0.51393 1
13.3032 1
3.48308 1
5.41048 1
4.19631 1
0.481387 1
7.77417 1
14.3608 1
1.11467 1
8.31178 1
-0.435903 1
5.16261 1
8.74286 1
1.47278 1
7.00459 1
10.5323 1
5.98975 1
4.76296 1
7.60854 1
4.08117 1
9.47369 1
4.64921 1
7.62812 1
4.60424 1
7.4436 1
8.28735 1
4.24507 1
4.37031 1
5.5815 1
5.51687 1
5.63015 1
5.99503 1
7.58263 1
7.18351 1
2.21482 1
2.86048 1
4.94983 1
0.050647 1
13.2915 1
7.29865 1
5.16332 1
4.1142 1
7.01434 1
-2.1839 1
5.81421 1
-2.94129 1
4.21588 1
11.8615 1
5.86586 1
5.15078 1
2.23311 1
7.79102 1
6.76993 1
2.73362 1
1.9195 1
4.24079 1
-0.485145 1
6.23081 1
3.12099 1
1.10535 1
4.4451 1
8.15742 1
5.96878 1
2.93479 1
1.71738 1
4.5432 1
3.15038 1
11.4334 1
6.28428 1
4.74474 1
5.20061 1
5.92731 1
6.42142 1
5.19078 1
2.85423 1
4.24924 1
-0.050704 1
4.57381 1
3.8694 1
5.09453 1
-0.0105415 1
13.7238 1
6.86075 1
5.06932 1
-0.774257 1
3.79365 1
13.6913 1
7.43184 1
6.05479 1
8.57676 1
7.40985 1
3.9581 1
5.65683 1
4.22432 1
5.26095 1
5.04068 1
-0.927128 1
7.79399 1
3.52528 1
5.49017 1
6.33821 1
-2.9549 1
13.9726 1
7.34369 1
2.99716 1
1.29923 1
6.92347 1
10.2487 1
1.02624 1
4.81911 1
7.96338 1
3.65525 1
2.77661 1
1.92996 1
1.93006 1
0.292365 1
9.21395 1
7.14779 1
1.93783 1
8.02093 1
3.74045 1
8.84191 1
8.06511 1
4.35768 1
-0.79456 1
6.0737 1
5.55708 1
4.71077 1
6.47283 1
4.19509 1
4.73243 1
3.79063 1
4.79418 1
3.72171 1
2.89317 1
2.44471 1
2.7906 1
1.93079 1
6.28003 1
3.6644 1
8.16048 1
7.22979 1
4.73063 1
5.15422 1
3.12004 1
3.59865 1
5.10901 1
5.96605 1
2.18392 1
4.08617 1
1.93463 1
5.66517 1
11.1007 1
4.3742 1
5.36418 1
7.28664 1
2.66858 1
8.17552 1
4.43728 1
5.78838 1
2.13149 1
8.76804 1
9.73452 1
6.54987 1
7.44692 1
7.90384 1
5.07783 1
0.518141 1
6.53869 1
6.82734 1
4.70593 1
7.23688 1
10.9987 1
14.4829 1
7.16798 1
1.52431 1
2.54698 1
6.03243 1
5.99839 1
5.18208 1
8.72954 1
6.39825 1
2.25543 1
3.52832 1
4.10615 1
0.151599 1
5.26492 1
6.85544 1
3.40453 1
4.33009 1
4.93585 1
3.94605 1
-4.56774 1
7.96207 1
3.50871 1
2.75953 1
7.10599 1
6.36236 1
0.172933 1
3.23078 1
-1.84171 1
5.60901 1
5.98014 1
4.04647 1
12.2405 1
12.1571 1
6.99984 1
3.09946 1
5.90656 1
9.60897 1
4.37035 1
9.78032 1
4.33523 1
0.830154 1
9.96416 1
1.86194 1
-2.94276 1
6.80734 1
7.15042 1
6.27591 1
11.0484 1
4.35417 1
5.84794 1
1.81613 1
4.9779 1
4.98985 1
0.509988 1
3.80888 1
4.67758 1
8.16592 1
1.56061 1
5.59757 1
3.44351 1
9.50175 1
9.47559 1
4.24104 1
4.71273 1
5.23716 1
2.90771 1
1.24782 1
9.90529 1
6.25333 1
12.6451 1
6.68538 1
7.36868 1
7.0826 1
4.71088 1
5.64509 1
9.76825 1
8.03236 1
5.95431 1
7.22108 1
-0.543769 1
3.8004 1
5.3313 1
2.79451 1
5.52784 1
7.14989 1
6.17473 1
3.76745 1
5.87025 1
4.57028 1
4.14214 1
7.5501 1
6.90383 1
1.18971 1
5.9324 1
10.7 1
7.05095 1
-3.4851 1
2.21973 1
4.84586 1
2.69706 1
5.8446 1
4.75407 1
3.02584 1
3.08916 1
5.77211 1
6.73765 1
-4.85711 1
-3.83566 1
11.1177 1
5.46209 1
4.51629 1
7.49298 1
1.9024 1
1.88838 1
0.872945 1
3.31019 1
14.7864 1
9.16564 1
7.34494 1
0.792345 1
11.6395 1
3.09769 1
0.455199 1
8.72454 1
-0.455245 1
2.81312 1
4.71014 1
0.807163 1
0.732338 1
3.5496 1
6.99595 1
-0.169176 1
11.7477 1
7.81283 1
-0.048482 1
4.15123 1
9.40531 1
7.77089 1
3.62744 1
4.81056 1
3.81914 1
2.98541 1
1.45969 1
6.87582 1
1.06266 1
5.22013 1
5.56155 1
11.4834 1
6.12502 1
4.41359 1
4.66093 1
5.97768 1
12.0457 1
4.20888 1
4.92908 1
7.57972 1
6.27785 1
6.48211 1
5.0118 1
10.2587 1
6.94891 1
3.1075 1
4.46034 1
6.64211 1
4.94181 1
8.9547 1
5.64388 1
3.86775 1
9.90911 1
-0.711572 1
11.111 1
8.90011 1
0.423555 1
2.50694 1
8.65459 1
9.11348 1
8.05791 1
10.5503 1
3.86959 1
1.33041 1
3.94826 1
13.3011 1
4.53658 1
3.03536 1
10.696 1
1.40472 1
2.70877 1
1.27902 1
4.01599 1
4.45492 1
11.5168 1
7.11803 1
6.27938 1
3.97464 1
11.3201 1
2.37063 1
5.47597 1
6.43642 1
10.7601 1
7.13454 1
10.6967 1
0.10646 1
4.34712 1
10.8843 1
6.50145 1
1.49895 1
7.31368 1
7.22316 1
4.23184 1
11.7229 1
5.15597 1
2.93383 1
6.98457 1
2.04578 1
4.00776 1
-1.44231 1
-0.101704 1
7.7037 1
5.39553 1
2.70169 1
1.91028 1
4.35475 1
5.4494 1
3.00099 1
8.1431 1
1.72548 1
6.5356 1
6.61397 1
0.511986 1
5.29009 1
9.46963 1
5.06543 1
-1.03758 1
4.23787 1
6.65535 1
6.85194 1
4.86389 1
-4.33899 1
6.98381 1
4.64579 1
8.34328 1
5.75463 1
4.92584 1
8.10871 1
3.64838 1
4.32019 1
7.16231 1
4.45422 1
1.76659 1
0.322033 1
5.83912 1
6.6717 1
1.43742 1
5.23967 1
9.63589 1
1.67082 1
1.91507 1
6.62971 1
3.77718 1
6.74888 1
1.63706 1
2.52654 1
7.72291 1
3.47198 1
5.28526 1
6.25019 1
4.9877 1
-0.913627 1
8.37277 1
6.01096 1
0.852997 1
8.01785 1
7.48568 1
1.20811 1
8.16822 1
4.9707 1
5.55304 1
6.05797 1
6.81096 1
5.84423 1
6.53669 1
-1.88983 1
5.12452 1
6.32359 1
1.16243 1
7.62946 1
9.04933 1
3.89765 1
9.81795 1
5.10224 1
13.955 1
6.40988 1
6.01979 1
10.7755 1
3.1238 1
10.5426 1
6.06586 1
3.40691 1
14.1754 1
-0.613076 1
6.5099 1
4.99031 1
5.05597 1
9.42454 1
7.4925 1
12.5217 1
6.51803 1
3.30509 1
3.65264 1
-0.860695 1
0.761633 1
6.30502 1
6.9981 1
-4.29005 1
1.60496 1
9.02636 1
4.37007 1
9.84162 1
1.11529 1
-3.63542 1
4.00187 1
3.13345 1
-4.49779 1
6.19415 1
7.60008 1
8.92833 1
7.753 1
5.50689 1
0.952953 1
3.50615 1
5.37152 1
8.70043 1
3.06109 1
0.981271 1
0.906376 1
5.29728 1
-0.30134 1
6.82882 1
14.1204 1
6.26453 1
14.5369 1
1.76365 1
5.26602 1
7.20345 1
4.29362 1
2.96948 1
6.44585 1
12.2426 1
6.30594 1
0.323114 1
3.20363 1
5.10745 1
4.36615 1
6.22704 1
5.23441 1
2.17798 1
3.40298 1
4.43191 1
2.53164 1
3.66672 1
3.29448 1
2.39406 1
8.61902 1
7.47279 1
8.86165 1
5.26211 1
5.69577 1
-0.534707 1
2.36886 1
6.29042 1
2.80777 1
5.36386 1
5.62572 1
-0.416559 1
6.97505 1
2.46482 1
11.2949 1
13.7115 1
2.41326 1
6.22903 1
12.417 1
1.55208 1
10.8884 1
9.31317 1
11.2157 1
14.4528 1
2.35293 1
7.63262 1
10.8279 1
2.60023 1
4.73835 1
2.71675 1
2.93545 1
2.32326 1
-3.75912 1
6.70895 1
5.39684 1
2.93765 1
7.24112 1
11.9264 1
8.32344 1
5.35216 1
3.54371 1
10.8945 1
3.39757 1
-0.0595511 1
5.44818 1
6.83952 1
3.66489 1
4.50334 1
7.75641 1
3.40759 1
11.1338 1
2.68627 1
10.0301 1
-0.505064 1
5.61308 1
2.27825 1
6.6764 1
1.96899 1
2.84372 1
4.38323 1
3.99355 1
7.0626 1
9.73619 1
5.43617 1
7.62695 1
5.83618 1
9.82998 1
1.95503 1
9.53753 1
5.55569 1
6.98675 1
8.01127 1
6.87573 1
5.22626 1
4.67673 1
4.54552 1
6.15084 1
6.6123 1
5.16532 1
2.43256 1
4.73595 1
4.18177 1
2.46279 1
11.8239 1
3.8417 1
7.78581 1
10.8685 1
3.39303 1
7.10991 1
6.28304 1
7.68992 1
7.07399 1
4.44612 1
10.2544 1
6.5889 1
1.6794 1
2.3201 1
6.96425 1
8.14755 1
4.90928 1
-2.02178 1
0.77953 1
4.17689 1
0.0528754 1
1.00829 1
5.39431 1
4.90335 1
6.80055 1
-0.680692 1
5.22855 1
7.30503 1
3.81376 1
13.8568 1
0.78891 1
6.6367 1
5.03898 1
6.70117 1
8.21269 1
4.96716 1
4.88613 1
5.63653 1
6.48596 1
5.45443 1
5.22418 1
9.68172 1
4.59651 1
4.18705 1
5.71731 1
4.77704 1
4.83321 1
6.00722 1
0.464715 1
2.59895 1
4.88747 1
9.64866 1
-0.521661 1
9.61656 1
2.61991 1
11.3394 1
2.39361 1
4.53296 1
8.85485 1
4.6364 1
-3.78536 1
3.45341 1
5.80739 1
5.32293 1
6.58186 1
2.99007 1
4.52325 1
13.8573 1
1.93808 1
2.75057 1
6.34345 1
0.680673 1
7.24607 1
12.5853 1
9.28637 1
8.2654 1
4.23824 1
5.53004 1
4.89605 1
5.37173 1
6.97666 1
3.97842 1
6.72156 1
0.294529 1
5.95491 1
5.19648 1
14.6781 1
3.41293 1
-1.72003 1
6.66155 1
3.35781 1
5.97681 1
7.74504 1
4.50115 1
6.63365 1
7.30235 1
5.5323 1
6.29127 1
-3.46225 1
3.44088 1
-0.37031 1
9.20486 1
2.18412 1
6.18021 1
2.71943 1
-1.31934 1
-3.02537 1
5.70085 1
6.32212 1
4.64688 1
-1.09385 1
8.16253 1
7.57465 1
2.88211 1
6.62559 1
4.04738 1
3.52753 1
8.01528 1
8.35101 1
9.0037 1
3.42635 1
5.07489 1
6.51064 1
6.17985 1
4.37665 1
-1.07696 1
3.72151 1
1.68313 1
5.27324 1
10.3408 1
4.40729 1
-0.633154 1
5.10996 1
5.45684 1
10.323 1
5.8963 1
5.52268 1
4.64412 1
-3.54438 1
12.1186 1
5.78929 1
5.94856 1
2.51049 1
5.06704 1
8.35644 1
7.64455 1
4.608 1
6.42167 1
14.5228 1
7.57191 1
3.23954 1
6.55423 1
12.0204 1
6.63331 1
5.32269 1
-0.353935 1
5.57072 1
1.93255 1
1.62117 1
5.00166 1
-1.57613 1
7.50894 1
3.75167 1
4.40388 1
-0.27287 1
7.87726 1
7.2561 1
6.64938 1
4.35174 1
3.71163 1
-0.8553 1
2.41898 1
9.58138 1
1.17121 1
0.496848 1
10.2505 1
4.1491 1
6.91988 1
5.21042 1
4.67063 1
4.15671 1
11.0727 1
2.84467 1
10.6478 1
3.18634 1
1.67716 1
7.84292 1
3.35837 1
7.53903 1
9.28075 1
13.244 1
8.10347 1
10.2433 1
8.15845 1
5.46877 1
6.47774 1
2.95408 1
1.69285 1
3.32628 1
2.87671 1
1.18587 1
11.0683 1
6.41112 1
7.86585 1
5.00218 1
4.39219 1
3.91024 1
4.34937 1
2.46332 1
6.19372 1
2.33551 1
5.78835 1
4.74462 1
8.7974 1
14.4196 1
6.68433 1
3.80251 1
7.06749 1
1.41765 1
7.60359 1
10.1591 1
5.39785 1
8.46947 1
7.36134 1
7.58591 1
8.28962 1
10.2514 1
10.8789 1
4.79715 1
5.5848 1
0.327652 1
10.098 1
6.67026 1
1.017 1
6.30031 1
8.30198 1
4.48149 1
0.843541 1
6.34299 1
5.52402 1
4.74859 1
4.23378 1
0.365051 1
6.26317 1
3.72713 1
1.90726 1
0.932869 1
6.54317 1
5.28638 1
6.17615 1
3.93544 1
13.0137 1
12.509 1
4.70009 1
2.4927 1
2.1871 1
3.12613 1
2.89412 1
5.16644 1
6.63197 1
5.42868 1
6.62197 1
11.7868 1
3.07395 1
7.03181 1
0.451543 1
7.36177 1
5.93544 1
10.1399 1
6.23842 1
0.844542 1
-2.53098 1
1.24056 1
2.2616 1
-2.01151 1
6.8085 1
1.88967 1
5.58213 1
6.62922 1
5.98871 1
5.21676 1
2.0561 1
7.60713 1
2.8814 1
1.24362 1
8.56387 1
4.63388 1
4.16582 1
0.387457 1
0.746973 1
8.45822 1
1.06416 1
6.65832 1
6.5867 1
-2.9908 1
4.75723 1
2.76719 1
2.88749 1
8.22523 1
6.46007 1
6.28989 1
5.73168 1
8.13739 1
5.16688 1
2.86695 1
3.85246 1
4.80337 1
2.33774 1
5.98088 1
6.641 1
-0.282 1
5.40742 1
4.06963 1
3.8577 1
3.59902 1
-3.23928 1
4.5667 1
6.27719 1
7.54744 1
2.85409 1
3.28175 1
4.0526 1
3.71238 1
3.0437 1
8.16987 1
-2.28553 1
3.52514 1
8.0583 1
2.86109 1
1.95183 1
2.26523 1
4.59027 1
4.15406 1
5.97997 1
4.18025 1
7.35238 1
4.35374 1
2.16835 1
5.11114 1
0.239849 1
5.3906 1
7.73127 1
6.65198 1
-2.33601 1
9.90649 1
6.97621 1
2.71464 1
4.38825 1
4.72898 1
7.57823 1
1.4323 1
14.1589 1
2.57709 1
6.6141 1
1.53214 1
5.63854 1
8.00308 1
5.65168 1
5.08189 1
1.50963 1
6.17351 1
3.78971 1
5.66124 1
1.9921 1
4.87791 1
8.7368 1
10.5665 1
5.14686 1
7.19992 1
2.13283 1
10.1364 1
6.30416 1
4.62231 1
4.87985 1
5.86549 1
2.26958 1
1.79117 1
10.8966 1
-0.51846 1
8.31088 1
3.53682 1
1.48333 1
2.40672 1
3.01116 1
5.39381 1
1.20952 1
-0.781595 1
5.29586 1
6.89204 1
5.19186 1
3.79174 1
5.55176 1
2.56639 1
6.05819 1
6.62069 1
2.5711 1
7.95587 1
13.1091 1
3.01803 1
1.42027 1
4.97748 1
7.98302 1
-4.08424 1
0.483961 1
5.98689 1
5.64922 1
4.03195 1
3.44849 1
3.844 1
6.59696 1
4.73057 1
5.17356 1
4.22084 1
2.93411 1
6.84549 1
1.10947 1
0.524481 1
6.56619 1
6.06934 1
4.40836 1
4.131 1
4.10727 1
4.11994 1
8.96307 1
5.82544 1
0.4736 1
4.60206 1
4.12195 1
5.89314 1
4.57677 1
2.13996 1
5.63839 1
3.85501 1
0.815811 1
0.928864 1
0.646572 1
8.06439 1
4.98649 1
4.47788 1
9.68876 1
1.74627 1
5.14256 1
-2.61088 1
4.73733 1
5.51674 1
14.4873 1
5.28891 1
2.69429 1
5.84027 1
2.77377 1
11.448 1
12.6126 1
10.6541 1
0.678831 1
9.11235 1
3.57215 1
0.319594 1
2.85015 1
12.641 1
-2.53305 1
8.38786 1
5.04439 1
8.80075 1
9.03316 1
7.88612 1
4.59049 1
8.93307 1
5.01527 1
5.8897 1
2.42569 1
7.69518 1
4.05956 1
3.19816 1
4.02963 1
4.43851 1
-1.95341 1
5.40894 1
-1.3398 1
8.56688 1
4.24846 1
3.6038 1
8.14308 1
2.749 1
12.5107 1
5.37854 1
0.173519 1
3.1665 1
5.83144 1
3.12742 1
-4.68061 1
1.22722 1
7.86721 1
7.14261 1
4.87575 1
7.77449 1
7.52714 1
7.72944 1
10.5603 1
7.82877 1
3.36692 1
4.6382 1
3.90955 1
1.32897 1
6.18914 1
2.38258 1
3.66639 1
6.40458 1
6.70676 1
0.984516 1
8.83505 1
4.4853 1
4.83325 1
5.23103 1
7.07973 1
2.85953 1
5.46134 1
5.11857 1
5.42308 1
0.595752 1
7.24041 1
1.93947 1
3.17071 1
5.62044 1
8.26314 1
14.7911 1
-1.60068 1
3.89409 1
6.25442 1
0.726198 1
1.71349 1
7.48683 1
-1.53588 1
9.99897 1
4.10101 1
13.0724 1
-4.77271 1
2.37638 1
4.66401 1
-2.06027 1
9.25747 1
6.90901 1
8.08325 1
4.20496 1
3.21428 1
12.2689 1
4.00273 1
4.04567 1
4.74115 1
-3.04831 1
1.46007 1
8.23468 1
8.06685 1
-0.47295 1
9.18505 1
4.34347 1
4.47217 1
1.48435 1
2.93588 1
5.63917 1
3.19931 1
8.0904 1
6.03454 1
5.22851 1
-4.68038 1
2.74504 1
3.04548 1
2.40118 1
4.61828 1
5.86306 1
5.53438 1
5.9358 1
7.33709 1
-4.15045 1
12.8858 1
6.71901 1
4.56338 1
3.48689 1
5.87326 1
4.4023 1
11.8892 1
7.24454 1
5.15241 1
8.58375 1
6.03411 1
3.84119 1
6.23459 1
0.64442 1
10.0024 1
8.78361 1
6.32346 1
5.24419 1
4.45734 1
4.52208 1
2.96444 1
13.8318 1
2.44091 1
1.65776 1
4.49243 1
4.80338 1
8.08646 1
7.88453 1
3.60962 1
8.97435 1
3.44099 1
7.70825 1
5.7823 1
3.97529 1
-2.48048 1
1.25786 1
11.7865 1
-2.02479 1
4.33555 1
6.09491 1
3.09175 1
6.4519 1
6.26322 1
4.36094 1
-1.95416 1
3.72905 1
4.91501 1
10.4693 1
2.77406 1
0.255935 1
5.95669 1
5.76694 1
12.2895 1
5.70987 1
1.45365 1
13.0904 1
6.63712 1
9.80383 1
13.8946 1
2.39039 1
4.18606 1
6.15133 1
3.89581 1
-2.55947 1
7.64052 1
4.25653 1
8.92998 1
7.80806 1
5.70305 1
3.01899 1
6.75329 1
13.1738 1
2.86152 1
8.82102 1
11.4343 1
9.66962 1
8.48155 1
4.75889 1
4.79253 1
6.2562 1
4.78461 1
2.75481 1
5.1116 1
5.94886 1
6.85906 1
6.18215 1
8.93278 1
2.12886 1
11.4735 1
-2.03391 1
-3.72828 1
4.85297 1
3.94408 1
5.04663 1
1.99674 1
4.95676 1
5.97485 1
9.42704 1
4.70941 1
2.00164 1
6.95238 1
6.16633 1
8.12343 1
7.21027 1
2.71578 1
5.83086 1
14.5456 1
6.41314 1
7.46483 1
5.70598 1
10.4493 1
4.44795 1
5.57523 1
5.09984 1
7.17951 1
3.47666 1
9.27776 1
-0.929957 1
8.59451 1
4.70842 1
-3.5553 1
1.14897 1
-4.49527 1
-1.14591 1
5.71223 1
2.78382 1
5.77916 1
6.24914 1
3.57955 1
5.36692 1
4.37061 1
6.58434 1
5.24917 1
4.35926 1
2.42834 1
4.09631 1
6.41852 1
-0.970066 1
5.7412 1
1.16338 1
6.89483 1
4.95525 1
1.71099 1
6.00671 1
9.93337 1
7.59809 1
7.18368 1
-2.91424 1
1.20067 1
9.6732 1
7.06076 1
-1.99573 1
1.58582 1
4.53521 1
12.9651 1
6.90206 1
6.95331 1
5.59427 1
7.13492 1
3.09053 1
6.66174 1
5.96681 1
5.06868 1
-2.46667 1
6.15105 1
11.433 1
-2.80197 1
4.06705 1
1.68015 1
5.25029 1
1.48964 1
12.8675 1
5.36381 1
4.75653 1
5.77119 1
6.87404 1
4.48611 1
6.52183 1
-4.73296 1
1.7479 1
3.18651 1
13.2712 1
4.86666 1
4.47825 1
7.00052 1
4.05792 1
6.32746 1
2.08269 1
2.56639 1
6.91552 1
8.18683 1
2.65698 1
8.32108 1
5.34896 1
5.85276 1
5.76036 1
2.09176 1
8.10964 1
8.01885 1
3.90616 1
7.61552 1
6.69127 1
6.04738 1
7.26897 1
6.37168 1
5.20924 1
0.152235 1
7.74204 1
7.69209 1
7.76388 1
9.10337 1
6.13024 1
0.827685 1
5.02372 1
8.65271 1
7.74346 1
6.64943 1
0.406557 1
-2.70774 1
9.86053 1
1.63054 1
4.7541 1
6.13515 1
11.5875 1
6.93185 1
10.7101 1
3.72231 1
11.0926 1
2.75123 1
5.53098 1
9.89647 1
10.8252 1
5.52584 1
0.337571 1
8.61286 1
7.35159 1
6.9025 1
0.650256 1
14.6276 1
8.88604 1
4.34037 1
4.50278 1
4.32893 1
5.43965 1
8.48041 1
3.57976 1
2.03535 1
2.64054 1
5.4993 1
10.8032 1
8.01026 1
5.9999 1
5.85605 1
4.81111 1
4.56414 1
4.35175 1
1.16087 1
7.09004 1
7.71088 1
4.75359 1
11.419 1
10.7406 1
-0.951333 1
13.0514 1
11.4937 1
8.37919 1
8.08041 1
6.81388 1
3.69889 1
4.00769 1
0.251272 1
6.77162 1
0.580849 1
-0.357143 1
3.49098 1
7.76279 1
6.7362 1
5.61136 1
-0.76103 1
4.76802 1
-3.84154 1
4.42209 1
5.27318 1
12.9512 1
7.92648 1
6.47676 1
9.72229 1
4.85115 1
5.20635 1
4.95024 1
7.88354 1
7.4506 1
-0.707879 1
5.11984 1
3.17817 1
-1.51524 1
4.75122 1
7.01029 1
4.85835 1
-4.76346 1
2.53965 1
2.6256 1
6.55502 1
9.1907 1
7.85414 1
4.95585 1
5.09885 1
2.98429 1
-1.15868 1
10.2167 1
8.40886 1
4.55719 1
9.16369 1
3.57489 1
5.691 1
2.4753 1
3.89581 1
5.28995 1
5.2036 1
5.86958 1
5.46404 1
13.5654 1
2.32314 1
7.35108 1
14.3534 1
7.6946 1
8.21043 1
3.38806 1
5.49573 1
4.48275 1
3.89603 1
4.89935 1
8.64889 1
4.63468 1
2.89305 1
6.06795 1
2.08559 1
4.23266 1
3.26467 1
7.37662 1
5.41409 1
3.86595 1
11.4386 1
5.25727 1
8.96855 1
4.64051 1
7.75969 1
4.30364 1
3.5174 1
4.5799 1
3.53749 1
-0.990093 1
1.57679 1
4.2694 1
9.7922 1
5.35873 1
6.36813 1
0.270421 1
6.43576 1
7.37571 1
7.38108 1
9.65487 1
12.0298 1
7.50125 1
6.35267 1
6.06013 1
7.01358 1
12.7714 1
9.12935 1
4.00717 1
4.45918 1
3.77298 1
-0.759184 1
2.05922 1
9.27936 1
5.78704 1
5.08915 1
1.41367 1
2.92324 1
9.51545 1
14.0053 1
-0.283417 1
9.34791 1
9.38466 1
6.17482 1
8.73087 1
-2.54467 1
2.70769 1
4.66302 1
3.56725 1
4.23678 1
1.41927 1
3.38659 1
5.70502 1
9.28402 1
1.62701 1
13.3546 1
3.46637 1
4.12046 1
9.46744 1
8.52119 1
6.30856 1
3.14096 1
7.14979 1
5.42289 1
7.39589 1
5.07713 1
2.84654 1
3.11641 1
5.98169 1
4.24562 1
10.2924 1
4.4766 1
8.75731 1
3.37434 1
-1.00229 1
3.33001 1
9.09574 1
7.41591 1
2.83957 1
6.72495 1
8.62215 1
6.02668 1
1.62907 1
6.56819 1
8.77817 1
10.0322 1
5.56542 1
13.3843 1
4.39332 1
5.14637 1
6.55694 1
5.93305 1
5.04183 1
4.49392 1
6.23138 1
3.4815 1
3.78783 1
7.1365 1
5.89334 1
4.92285 1
4.9205 1
10.8221 1
4.38267 1
-1.10161 1
2.63176 1
3.14598 1
5.67029 1
-0.91165 1
4.81781 1
14.5685 1
4.88184 1
6.3684 1
3.96597 1
2.28561 1
2.44653 1
5.74627 1
7.21284 1
-4.42119 1
8.04063 1
8.93619 1
6.77756 1
3.55351 1
7.61531 1
4.35802 1
11.0498 1
6.454 1
4.78177 1
6.2477 1
3.99274 1
6.44991 1
7.38188 1
11.1126 1
3.98565 1
6.38286 1
10.3581 1
5.91575 1
9.63549 1
6.21021 1
5.94025 1
8.28293 1
3.05198 1
6.23969 1
-3.492 1
6.95162 1
2.17323 1
8.32271 1
5.55617 1
5.80526 1
13.2759 1
6.77962 1
4.76157 1
11.4121 1
5.14653 1
6.53387 1
11.4765 1
8.82261 1
1.00929 1
4.8835 1
9.01782 1
-0.00506636 1
4.96064 1
5.50769 1
5.24649 1
6.41476 1
4.50322 1
-1.77564 1
4.52823 1
6.37383 1
4.33847 1
3.41207 1
5.59119 1
3.54747 1
6.51966 1
10.1409 1
4.31747 1
0.331848 1
9.61075 1
6.08001 1
-0.187469 1
5.32311 1
1.42726 1
6.03404 1
1.8789 1
3.88134 1
5.7891 1
9.96844 1
5.61475 1
7.21091 1
5.57375 1
3.15391 1
8.44067 1
-3.01533 1
3.62035 1
6.81911 1
7.53147 1
12.8256 1
3.93728 1
7.40947 1
4.78303 1
-1.45885 1
10.9662 1
5.70036 1
4.73004 1
7.34478 1
7.21006 1
5.83403 1
5.19697 1
9.10767 1
3.10426 1
0.0173821 1
2.5841 1
1.54298 1
6.83055 1
0.689645 1
10.8319 1
5.12225 1
9.23731 1
4.72856 1
6.58772 1
5.79407 1
4.76352 1
-1.39524 1
-0.30912 1
5.10264 1
5.2707 1
6.01809 1
5.7619 1
0.431051 1
9.01717 1
6.20505 1
2.25494 1
9.27863 1
0.462396 1
4.74606 1
11.0268 1
1.01559 1
12.8148 1
0.696591 1
5.36916 1
7.43659 1
4.09558 1
5.39401 1
6.43292 1
6.88256 1
-3.18114 1
2.0905 1
-2.11878 1
9.6599 1
1.74106 1
3.29464 1
2.68567 1
6.78761 1
6.67101 1
6.01019 1
4.65281 1
13.5056 1
4.48903 1
8.65877 1
4.68567 1
6.14287 1
8.72629 1
7.63212 1
6.88716 1
3.88258 1
-3.43446 1
4.28891 1
4.76829 1
3.41677 1
9.51214 1
4.60079 1
3.83623 1
6.80693 1
6.29411 1
6.18183 1
6.97288 1
13.5225 1
3.00302 1
4.97097 1
0.842816 1
6.99493 1
8.86412 1
9.00334 1
6.53495 1
5.12098 1
0.641536 1
7.99198 1
6.04742 1
7.55961 1
-2.97902 1
4.58623 1
2.19139 1
5.16179 1
6.46024 1
6.3443 1
8.94668 1
0.0877752 1
5.92134 1
5.14995 1
5.82247 1
5.4688 1
6.64022 1
6.73563 1
12.3827 1
10.7033 1
3.69839 1
6.72603 1
5.61231 1
3.17761 1
14.2211 1
8.37701 1
6.48076 1
7.4664 1
3.29123 1
4.91034 1
3.26914 1
6.41191 1
4.77381 1
8.91834 1
4.80227 1
7.00532 1
5.25279 1
0.834732 1
5.4436 1
-1.01463 1
4.44761 1
4.46455 1
6.24816 1
7.17053 1
-1.0394 1
6.03558 1
11.4644 1
9.56176 1
2.26731 1
-1.88503 1
-0.667971 1
-3.7241 1
13.0092 1
7.05738 1
9.10397 1
6.4823 1
4.25767 1
2.13523 1
5.92734 1
-1.50902 1
13.4789 1
0.699512 1
2.04848 1
2.3824 1
-0.111309 1
6.5356 1
3.76097 1
4.0716 1
4.43508 1
3.50161 1
1.6122 1
6.82233 1
5.53397 1
9.86536 1
5.96891 1
8.22357 1
5.35019 1
6.33211 1
4.82747 1
4.55629 1
5.00855 1
1.81722 1
7.32078 1
7.81616 1
5.66276 1
3.63498 1
3.49038 1
6.92678 1
4.66651 1
7.72011 1
7.8119 1
4.41573 1
10.3022 1
13.9573 1
5.79677 1
3.0124 1
6.04074 1
0.858018 1
7.54553 1
6.68252 1
5.00842 1
3.83805 1
5.36755 1
5.50107 1
9.04804 1
6.86754 1
12.3975 1
3.13026 1
2.62299 1
12.0563 1
6.54479 1
2.83393 1
8.24397 1
6.63071 1
6.7244 1
6.59016 1
4.4039 1
5.1093 1
6.03667 1
10.1633 1
3.3094 1
9.39163 1
3.50705 1
3.69302 1
4.06694 1
0.26362 1
3.68022 1
4.9064 1
1.79462 1
8.69589 1
-1.91055 1
4.39017 1
5.56685 1
10.802 1
6.58525 1
4.18068 1
3.95534 1
6.35131 1
6.30583 1
5.18613 1
6.02998 1
4.85227 1
0.769957 1
9.17096 1
5.90076 1
9.39713 1
-1.83235 1
5.90489 1
3.9164 1
8.49068 1
-0.545721 1
5.76737 1
0.20413 1
8.85937 1
7.29489 1
3.75461 1
3.41346 1
3.44558 1
6.90861 1
6.68843 1
5.48122 1
3.36874 1
5.3638 1
5.66715 1
3.28938 1
-1.14938 1
1.24939 1
5.49281 1
7.33225 1
7.10312 1
7.31216 1
5.70471 1
7.99677 1
1.80219 1
4.38689 1
1.80636 1
8.24586 1
5.17814 1
1.96367 1
5.71844 1
14.6907 1
6.17826 1
11.6055 1
-0.347742 1
4.18674 1
-1.04967 1
4.51732 1
5.70572 1
2.19565 1
-0.0157474 1
12.4684 1
1.69343 1
-3.30383 1
4.01025 1
6.59342 1
5.5178 1
4.05283 1
6.04968 1
10.2905 1
4.81328 1
5.78427 1
0.70278 1
-1.54629 1
0.872709 1
8.37715 1
5.76784 1
4.96319 1
8.67991 1
3.2668 1
7.31458 1
5.76957 1
9.55393 1
2.09596 1
6.29311 1
10.5172 1
9.10965 1
5.269 1
2.92277 1
4.70353 1
4.01924 1
1.45584 1
4.26922 1
2.18946 1
7.32056 1
4.17474 1
3.42078 1
3.86119 1
3.44215 1
4.02659 1
6.54155 1
5.14371 1
2.34181 1
-0.0423728 1
3.97343 1
5.29321 1
8.35478 1
6.87665 1
13 1
-1.44044 1
0.288774 1
4.33754 1
1.99562 1
6.91244 1
11.0512 1
6.65468 1
2.23094 1
3.05471 1
8.5185 1
3.32405 1
0.123671 1
7.67355 1
1.68349 1
4.45354 1
5.84279 1
7.09614 1
-4.18884 1
-1.9934 1
7.55699 1
1.58896 1
6.01716 1
5.78832 1
-1.36811 1
4.13223 1
0.663776 1
4.9062 1
4.83311 1
5.04913 1
2.14064 1
8.10359 1
6.81049 1
7.37476 1
6.11442 1
13.8916 1
7.51235 1
10.7319 1
6.80412 1
5.09311 1
5.41414 1
10.1439 1
4.77929 1
10.5798 1
5.29245 1
6.07748 1
8.66241 1
5.39605 1
1.41771 1
7.18685 1
9.0923 1
7.28437 1
6.22656 1
-1.57472 1
11.4707 1
2.76959 1
9.14448 1
-3.55385 1
7.74712 1
5.50923 1
7.43425 1
3.78197 1
2.94386 1
5.02644 1
5.5672 1
6.19114 1
2.65466 1
6.22512 1
3.14483 1
1.8931 1
3.54575 1
3.53872 1
3.96336 1
3.08532 1
5.49366 1
4.68101 1
2.42435 1
-3.36455 1
2.79818 1
4.76258 1
4.78295 1
5.26601 1
10.9963 1
8.87797 1
3.99168 1
-0.995066 1
3.2392 1
5.07876 1
-2.42566 1
-0.919851 1
2.92139 1
5.22768 1
2.74322 1
5.09299 1
3.21754 1
8.93712 1
3.90107 1
3.07919 1
6.77535 1
-0.676399 1
0.83147 1
6.11815 1
8.62488 1
11.0597 1
6.03955 1
8.37 1
5.82219 1
-4.65585 1
2.48849 1
2.06128 1
5.27252 1
6.93066 1
-0.412965 1
3.01797 1
-0.234415 1
9.47318 1
1.48975 1
11.5464 1
1.40909 1
2.67932 1
5.43784 1
-2.29753 1
3.86252 1
7.64608 1
2.28744 1
6.19684 1
6.08038 1
2.42433 1
5.86998 1
3.52986 1
4.92108 1
6.2044 1
11.3654 1
5.27464 1
6.87603 1
4.25805 1
10.3987 1
7.22844 1
4.96752 1
7.32037 1
13.858 1
7.84742 1
-2.67227 1
3.91931 1
9.27238 1
9.00681 1
5.09427 1
3.66288 1
3.52202 1
1.12245 1
12.6783 1
3.70915 1
4.13323 1
10.3675 1
7.41482 1
10.9756 1
8.72987 1
7.86968 1
7.97714 1
1.91198 1
7.98611 1
1.55263 1
4.66234 1
4.46589 1
5.27333 1
-2.93859 1
1.74926 1
8.83614 1
7.73442 1
2.02824 1
5.04574 1
4.86483 1
4.33052 1
3.37313 1
-0.313748 1
6.64719 1
5.27672 1
5.83984 1
5.76772 1
3.72147 1
6.16058 1
7.89974 1
3.31724 1
8.53441 1
2.89749 1
6.28267 1
3.77914 1
5.68924 1
4.03817 1
1.06755 1
7.11799 1
12.7962 1
12.6644 1
6.19947 1
1.41998 1
7.18203 1
4.49712 1
4.7847 1
5.60271 1
8.69272 1
4.31375 1
6.10263 1
4.31564 1
-0.707698 1
5.10442 1
9.34608 1
4.98812 1
2.2608 1
6.43192 1
3.30607 1
7.86806 1
5.24257 1
1.47046 1
-2.74505 1
13.239 1
-1.62117 1
4.74251 1
4.67157 1
5.45784 1
4.46383 1
14.7458 1
3.94706 1
8.13575 1
3.32013 1
2.79797 1
9.60973 1
1.96509 1
6.42614 1
5.23447 1
5.85254 1
5.09063 1
5.33277 1
0.461572 1
8.67829 1
5.79406 1
4.59118 1
6.89458 1
6.14684 1
3.97902 1
7.71361 1
4.47857 1
9.56249 1
4.08007 1
-0.461496 1
12.0465 1
10.8369 1
6.68963 1
3.55402 1
7.34237 1
4.37259 1
4.51955 1
4.52498 1
13.2871 1
6.53225 1
6.17726 1
5.41129 1
7.9257 1
9.95769 1
7.74304 1
8.78505 1
7.77569 1
3.29641 1
1.61112 1
1.96813 1
5.838 1
6.08473 1
2.93026 1
5.26237 1
4.43247 1
11.4345 1
5.56966 1
5.83227 1
5.84366 1
6.56155 1
5.66208 1
5.99127 1
9.34254 1
4.01826 1
4.84046 1
9.24163 1
12.2704 1
2.94434 1
-2.91307 1
9.44849 1
8.17296 1
5.66396 1
9.96982 1
8.98328 1
7.18446 1
5.7228 1
5.52408 1
3.46065 1
5.65203 1
4.39238 1
-2.7108 1
5.13714 1
8.75939 1
4.33495 1
7.46352 1
7.53153 1
4.47413 1
9.69152 1
3.31678 1
7.23894 1
6.01371 1
-2.90693 1
7.13597 1
3.12853 1
4.42783 1
5.3217 1
5.97303 1
8.56616 1
3.84091 1
3.86879 1
0.153692 1
7.89551 1
8.08638 1
1.84356 1
-0.242877 1
7.48877 1
2.62255 1
6.37104 1
6.00508 1
-3.07068 1
4.65345 1
-1.33337 1
-1.17344 1
1.03664 1
3.75434 1
3.85501 1
9.54139 1
5.95948 1
0.501611 1
9.80994 1
5.81707 1
-0.16682 1
6.40424 1
9.1737 1
-1.46947 1
7.86236 1
12.0611 1
7.13208 1
3.36785 1
3.9756 1
2.01563 1
5.08543 1
6.94542 1
5.61316 1
3.89442 1
3.82819 1
6.00758 1
7.96283 1
10.526 1
5.41863 1
5.48251 1
7.41947 1
6.87367 1
7.43872 1
2.50357 1
10.7748 1
4.52129 1
-4.47926 1
1.02837 1
5.71387 1
5.53741 1
12.5957 1
10.3742 1
11.3973 1
11.5572 1
-1.52868 1
0.987367 1
5.3348 1
5.27213 1
-3.8326 1
0.963284 1
-0.876177 1
2.55389 1
8.20137 1
2.85679 1
7.43887 1
6.54672 1
8.41063 1
4.90927 1
8.24635 1
2.97605 1
1.10131 1
4.02845 1
9.11757 1
4.44528 1
4.55154 1
4.49143 1
8.10856 1
12.9479 1
7.08206 1
2.4847 1
2.72276 1
10.1019 1
4.93532 1
4.75516 1
5.78932 1
6.47065 1
11.5042 1
6.40078 1
7.88479 1
5.5602 1
7.38942 1
11.1563 1
3.64287 1
4.31761 1
8.4346 1
5.48905 1
4.89573 1
4.75556 1
8.31724 1
4.28299 1
5.08922 1
3.12669 1
6.79555 1
10.175 1
4.73205 1
6.28658 1
3.8267 1
5.82908 1
1.13851 1
5.16348 1
9.53753 1
8.90582 1
3.68404 1
8.06283 1
4.37506 1
6.63386 1
5.17371 1
3.79098 1
3.09579 1
5.41681 1
9.62851 1
10.539 1
11.6008 1
4.72778 1
-1.8299 1
6.63046 1
0.188149 1
1.68488 1
6.50762 1
9.37935 1
5.44576 1
5.23192 1
7.48327 1
14.746 1
3.12575 1
3.0473 1
8.11431 1
3.11544 1
-1.47997 1
4.8921 1
2.1503 1
-0.51197 1
5.43784 1
3.68759 1
2.97611 1
2.66449 1
1.18225 1
-4.66224 1
5.24578 1
4.53485 1
3.72393 1
7.40466 1
8.19672 1
6.89468 1
7.41071 1
4.79963 1
2.1053 1
6.63225 1
2.69522 1
3.58762 1
2.90247 1
6.49259 1
5.31637 1
12.07 1
5.75001 1
-1.49259 1
2.1212 1
-2.79716 1
1.59353 1
4.48711 1
5.02487 1
5.34644 1
7.45351 1
0.185362 1
4.45611 1
5.14915 1
4.65075 1
-2.83485 1
3.25963 1
6.79299 1
8.9333 1
2.99324 1
5.21474 1
10.1188 1
2.64193 1
6.09053 1
2.27809 1
6.84917 1
13.4161 1
-3.23882 1
4.0921 1
0.720878 1
4.62198 1
10.9222 1
4.26469 1
7.9538 1
1.49009 1
4.82104 1
4.69775 1
2.5937 1
4.50183 1
14.6138 1
4.40148 1
4.20725 1
0.189186 1
6.08445 1
6.61336 1
1.40997 1
13.6004 1
3.68265 1
4.08789 1
9.98364 1
11.0017 1
0.235819 1
5.19532 1
-1.80147 1
2.11715 1
4.32162 1
5.62292 1
8.18784 1
5.9941 1
6.24641 1
2.73451 1
4.88003 1
5.70926 1
7.99569 1
4.46821 1
1.28904 1
2.13111 1
11.7539 1
-0.972297 1
4.70509 1
3.5368 1
4.72606 1
9.26273 1
2.97803 1
4.52284 1
5.65296 1
5.21251 1
3.29673 1
-0.5645 1
7.69045 1
6.99191 1
6.31209 1
3.57309 1
6.17564 1
0.149313 1
6.37256 1
14.4097 1
6.7738 1
8.60337 1
5.30599 1
-1.79829 1
4.15803 1
6.78386 1
1.26141 1
6.66255 1
7.12414 1
7.25319 1
4.70053 1
3.0852 1
4.68558 1
3.71907 1
5.78116 1
2.40338 1
6.01908 1
3.89668 1
5.85008 1
3.76644 1
14.2473 1
5.24452 1
-0.333326 1
5.38641 1
4.21747 1
6.1678 1
4.31125 1
2.84178 1
6.71031 1
1.83861 1
2.96806 1
6.17228 1
7.95054 1
6.56544 1
3.19173 1
4.33226 1
9.94903 1
5.68936 1
5.66689 1
4.39864 1
2.7289 1
4.47338 1
7.20647 1
10.3339 1
8.95797 1
-0.696603 1
6.83229 1
-1.69533 1
8.96717 1
-1.58846 1
5.03967 1
7.50245 1
8.35345 1
6.50269 1
10.5683 1
5.19803 1
6.61952 1
5.50373 1
6.76597 1
6.18811 1
4.39644 1
5.27208 1
3.24826 1
5.05427 1
6.0021 1
10.3446 1
9.07428 1
5.19836 1
5.60295 1
-4.83671 1
4.50283 1
9.87843 1
0.0278367 1
5.0893 1
8.29269 1
4.04402 1
6.22414 1
5.63044 1
7.73397 1
-3.25415 1
7.64097 1
9.1496 1
4.70383 1
1.57145 1
6.86413 1
7.53196 1
2.82165 1
9.01893 1
3.00589 1
6.04906 1
6.61783 1
2.04151 1
6.96271 1
7.52618 1
4.22876 1
5.65921 1
10.5371 1
5.12678 1
4.83439 1
5.54667 1
5.26509 1
3.86862 1
4.30326 1
10.2378 1
5.38918 1
3.65857 1
5.95816 1
7.49034 1
5.58065 1
-2.49898 1
6.42465 1
5.98011 1
-3.41382 1
3.66375 1
6.81234 1
6.14654 1
3.93687 1
-3.62079 1
7.53136 1
3.4133 1
3.28386 1
8.67373 1
5.35851 1
3.08835 1
8.50178 1
1.85575 1
7.23504 1
5.78984 1
5.08092 1
4.0361 1
1.08242 1
2.51893 1
1.38986 1
-0.63413 1
7.53065 1
4.93085 1
7.7245 1
6.94293 1
6.55008 1
9.71446 1
6.62954 1
2.61973 1
8.84695 1
12.2809 1
-3.51376 1
2.6472 1
4.94979 1
4.93666 1
7.11741 1
1.77076 1
4.25166 1
6.57314 1
3.68411 1
4.06883 1
-0.139646 1
5.60122 1
3.61821 1
4.57987 1
4.41138 1
6.72611 1
6.8822 1
0.503394 1
5.45334 1
5.52867 1
8.69239 1
-0.919639 1
4.25483 1
9.7146 1
5.39726 1
5.63093 1
3.61331 1
2.32129 1
1.47938 1
4.41746 1
4.15198 1
4.13299 1
1.01372 1
-2.0562 1
3.81977 1
-1.69651 1
-1.07429 1
3.11323 1
1.91568 1
9.21188 1
6.25388 1
14.6648 1
5.02242 1
4.96881 1
7.44486 1
2.86602 1
4.83364 1
1.49078 1
4.63511 1
4.50642 1
4.64466 1
3.24528 1
8.59622 1
4.71299 1
-1.18475 1
3.47105 1
5.17447 1
13.6001 1
5.10218 1
2.89485 1
2.21253 1
3.31192 1
3.97738 1
-1.56533 1
3.1931 1
6.67785 1
8.76261 1
6.65504 1
5.18938 1
7.64493 1
4.53696 1
5.77274 1
7.22595 1
7.39123 1
1.24719 1
4.28616 1
5.30626 1
8.51395 1
5.73255 1
6.30533 1
5.08708 1
5.85193 1
5.13436 1
6.74639 1
10.5636 1
-0.479051 1
11.2499 1
6.44575 1
0.889847 1
5.54286 1
8.70702 1
3.50379 1
6.88421 1
4.66973 1
8.19905 1
7.12444 1
7.46401 1
10.9841 1
3.78874 1
5.08488 1
3.64337 1
5.25373 1
4.3383 1
4.71631 1
8.20634 1
5.11939 1
6.03231 1
9.78243 1
5.45872 1
8.60967 1
0.813833 1
10.6575 1
4.00347 1
4.20375 1
6.86552 1
7.28733 1
3.77867 1
5.84867 1
8.67311 1
4.20635 1
2.13873 1
5.88701 1
6.99156 1
5.43198 1
7.17627 1
3.16824 1
1.80924 1
6.66091 1
7.44747 1
3.49695 1
7.73904 1
0.682952 1
3.41161 1
8.3126 1
-3.82094 1
13.6376 1
7.56795 1
0.300881 1
9.64934 1
9.06135 1
7.99167 1
3.13076 1
5.28773 1
9.95616 1
-1.18731 1
5.37363 1
10.3841 1
8.54125 1
3.21692 1
5.73883 1
1.67138 1
5.15691 1
13.8554 1
-0.222281 1
5.75663 1
6.16406 1
2.41212 1
5.30033 1
5.68172 1
6.08656 1
3.18581 1
7.55607 1
11.9042 1
4.88604 1
-3.20978 1
-0.975102 1
7.82258 1
3.95317 1
-0.242192 1
3.57889 1
1.18523 1
2.88016 1
7.21473 1
4.74866 1
4.05696 1
2.10069 1
-0.274724 1
-2.78242 1
11.0156 1
7.60955 1
13.9299 1
4.01376 1
9.93678 1
12.6821 1
6.25687 1
5.47193 1
7.49067 1
5.8941 1
5.60378 1
1.4204 1
7.64048 1
6.5473 1
5.20356 1
5.20074 1
1.30163 1
3.70192 1
0.777981 1
6.10071 1
2.36568 1
-3.94165 1
6.87153 1
4.87633 1
3.95189 1
5.05317 1
5.49443 1
5.70491 1
6.39816 1
12.5505 1
13.1624 1
5.75362 1
7.13288 1
4.95249 1
8.29774 1
10.7544 1
2.38587 1
2.0068 1
4.21836 1
3.38282 1
2.171 1
5.69429 1
3.03238 1
-2.09553 1
3.15748 1
12.727 1
4.05019 1
8.86128 1
4.48692 1
6.10517 1
9.68741 1
5.08398 1
7.55015 1
2.52748 1
4.42696 1
1.36206 1
-1.8542 1
-0.491066 1
4.04294 1
4.96824 1
13.0228 1
9.88027 1
2.99076 1
2.77629 1
4.31883 1
2.07493 1
1.86774 1
5.7429 1
3.16691 1
8.45012 1
6.25441 1
5.11954 1
4.86848 1
14.7584 1
6.04782 1
3.93829 1
1.72908 1
9.10664 1
7.45984 1
7.54693 1
3.89985 1
2.28614 1
4.3693 1
9.11166 1
3.19334 1
7.4984 1
4.44876 1
5.89779 1
2.29615 1
1.31764 1
5.20478 1
0.146893 1
6.47558 1
8.73728 1
4.76237 1
8.76444 1
5.67453 1
7.09501 1
4.31839 1
5.75967 1
1.07584 1
8.20531 1
4.04778 1
-2.63296 1
3.93658 1
10.5184 1
3.74029 1
1.53043 1
8.72478 1
-0.624523 1
6.04082 1
7.40981 1
4.6907 1
5.05389 1
5.17044 1
8.13869 1
5.54371 1
6.8133 1
4.19011 1
4.8335 1
4.27641 1
-2.26917 1
4.32325 1
6.59979 1
9.25054 1
-0.337213 1
4.4173 1
2.86544 1
6.6325 1
6.3923 1
-3.80253 1
6.15735 1
-3.79119 1
5.55059 1
6.35369 1
3.31929 1
5.29983 1
7.73689 1
6.22712 1
-0.674975 1
0.393361 1
7.97998 1
9.82764 1
4.28054 1
9.85281 1
4.44675 1
2.25732 1
3.85294 1
6.82678 1
5.55347 1
4.67336 1
3.96107 1
8.0223 1
8.13333 1
9.75543 1
4.54112 1
-0.0907335 1
1.855 1
11.2448 1
9.94359 1
7.16906 1
5.2033 1
5.13703 1
13.2534 1
10.8593 1
3.78021 1
2.8371 1
2.9824 1
10.1019 1
5.89587 1
4.55368 1
4.21187 1
6.55724 1
10.2412 1
7.48761 1
5.10584 1
2.07214 1
2.57552 1
11.6455 1
8.4774 1
5.98749 1
9.20163 1
1.7024 1
1.11707 1
3.62647 1
2.10404 1
4.97075 1
12.3211 1
10.6455 1
2.65708 1
5.24104 1
6.1428 1
4.41537 1
4.80068 1
6.76231 1
4.02965 1
1.74963 1
1.19886 1
5.14115 1
6.01053 1
1.07454 1
3.46547 1
-1.05838 1
8.04096 1
6.7782 1
-1.28925 1
-4.54215 1
-2.49948 1
5.28355 1
3.27848 1
7.89538 1
5.40341 1
3.46163 1
1.1184 1
13.5703 1
8.67765 1
3.36414 1
3.97199 1
5.04773 1
4.51016 1
6.20446 1
0.11214 1
3.10736 1
1.2123 1
9.9076 1
6.88384 1
11.1902 1
5.56035 1
4.86777 1
5.24222 1
10.5886 1
7.43514 1
7.54634 1
7.03269 1
8.84886 1
10.9711 1
7.04981 1
5.1753 1
10.9191 1
13.976 1
4.5379 1
4.88288 1
5.3864 1
13.594 1
-0.321705 1
6.44549 1
3.71913 1
8.33908 1
-1.71856 1
2.78951 1
5.48735 1
13.0294 1
6.19668 1
5.91269 1
5.25157 1
5.20682 1
5.08273 1
7.54116 1
4.05511 1
0.476945 1
7.30068 1
-0.822859 1
10.2282 1
4.74982 1
4.19268 1
7.56406 1
9.2817 1
5.22716 1
5.74118 1
3.15363 1
2.33109 1
2.76119 1
3.32637 1
10.4837 1
13.4041 1
1.99477 1
2.57628 1
7.21977 1
-0.993358 1
2.5517 1
5.73892 1
4.73446 1
4.02883 1
2.28837 1
4.77522 1
-0.822694 1
13.8783 1
12.9855 1
3.19767 1
8.82082 1
7.57961 1
2.75004 1
5.81362 1
0.299552 1
3.70559 1
-1.67605 1
4.8219 1
3.73456 1
7.18171 1
3.12483 1
6.61414 1
7.66653 1
4.98114 1
3.43939 1
13.1777 1
4.04699 1
9.70419 1
7.56386 1
5.61449 1
5.15647 1
3.15502 1
2.7678 1
7.60357 1
6.70485 1
11.0754 1
0.319751 1
5.1971 1
3.93564 1
9.58589 1
6.41242 1
12.3377 1
5.84281 1
8.83767 1
13.3758 1
4.9748 1
-2.98514 1
5.48721 1
5.18892 1
8.38784 1
10.3677 1
4.77667 1
6.65347 1
3.41803 1
12.5111 1
4.17951 1
6.87275 1
0.354952 1
7.31032 1
12.2658 1
5.50796 1
2.17053 1
4.0389 1
3.51648 1
4.50083 1
0.644233 1
7.17614 1
3.37728 1
4.65876 1
2.98577 1
6.10999 1
3.43237 1
4.1077 1
5.35684 1
6.40258 1
1.29442 1
0.10052 1
5.68894 1
11.1422 1
6.22338 1
5.43717 1
5.60607 1
2.48303 1
4.9111 1
8.49027 1
8.15981 1
14.5503 1
4.39538 1
6.22406 1
5.49654 1
12.0542 1
-1.80581 1
0.309086 1
6.35593 1
6.65862 1
10.387 1
11.2719 1
2.16006 1
7.73718 1
7.84436 1
3.6848 1
5.73696 1
1.14771 1
6.64914 1
13.3882 1
2.6012 1
2.69743 1
6.43714 1
2.94432 1
8.52863 1
0.017562 1
0.911668 1
9.15531 1
0.831202 1
6.06787 1
3.85675 1
4.76701 1
2.64671 1
6.24804 1
10.2188 1
5.81457 1
1.89404 1
1.7871 1
5.7283 1
4.56423 1
