5.16385 1
4.60544 1
5.81642 1
2.42477 1
8.35051 1
3.85544 1
0.148079 1
6.81446 1
10.5505 1
-1.33308 1
11.4444 1
4.57476 1
7.0683 1
5.89663 1
9.3156 1
10.0817 1
1.09955 1
3.08001 1
-4.29004 1
6.56999 1
6.65266 1
0.669364 1
1.79983 1
5.96726 1
-0.595362 1
-1.84733 1
3.99194 1
5.24078 1
4.76007 1
-1.2676 1
12.2246 1
5.33586 1
7.39877 1
1.89754 1
11.5979 1
5.66578 1
4.42469 1
12.048 1
4.35301 1
2.23695 1
3.68847 1
4.24931 1
3.19678 1
1.52398 1
4.64014 1
10.4011 1
8.97738 1
6.41197 1
12.1079 1
2.18758 1
4.73958 1
8.67761 1
6.6867 1
7.29301 1
9.00605 1
4.72477 1
7.84946 1
4.31646 1
8.48662 1
0.558594 1
3.93384 1
6.79847 1
5.37279 1
-2.28281 1
3.94911 1
10.085 1
1.89809 1
3.49749 1
4.51938 1
11.0929 1
4.50048 1
4.24166 1
3.3004 1
5.45344 1
5.32699 1
6.06603 1
5.78208 1
4.85618 1
4.87934 1
9.68606 1
6.08296 1
5.39503 1
9.97789 1
4.46549 1
4.39609 1
4.6616 1
7.56036 1
3.01262 1
9.12176 1
4.10204 1
7.31623 1
7.92974 1
11.4849 1
2.59125 1
3.4057 1
9.38317 1
-0.974744 1
7.72015 1
-2.88485 1
3.19816 1
8.19042 1
3.83497 1
3.36688 1
3.83623 1
4.54749 1
7.22136 1
8.53126 1
5.47488 1
5.96625 1
4.82552 1
6.68351 1
1.90618 1
4.58112 1
4.03848 1
7.25594 1
0.433591 1
10.0244 1
1.96472 1
-3.18082 1
5.07554 1
5.10076 1
6.75848 1
2.88484 1
14.1407 1
3.59703 1
6.0873 1
12.7948 1
7.49682 1
1.37999 1
6.82156 1
7.15201 1
8.65031 1
1.90469 1
3.19749 1
2.5111 1
5.16658 1
-0.747527 1
8.83107 1
8.8303 1
12.9922 1
5.17556 1
5.58603 1
9.09782 1
4.47781 1
4.66233 1
7.92241 1
7.70383 1
13.9628 1
3.74946 1
5.81275 1
7.97753 1
8.32096 1
3.08765 1
5.13949 1
7.38753 1
6.35481 1
3.82004 1
0.373717 1
8.3958 1
4.80233 1
6.13609 1
4.78459 1
-3.7772 1
2.3417 1
6.63036 1
1.86865 1
4.75251 1
5.31045 1
10.7393 1
3.91042 1
0.21957 1
4.26172 1
3.30242 1
4.84022 1
6.04161 1
0.46123 1
4.52858 1
4.26064 1
0.543995 1
3.45317 1
7.48009 1
7.42289 1
4.96533 1
1.79184 1
1.88242 1
3.13482 1
3.83299 1
8.24745 1
10.4266 1
10.0679 1
5.36328 1
5.21368 1
14.1427 1
6.59126 1
7.97224 1
5.36583 1
5.76016 1
6.9517 1
4.34454 1
11.1835 1
4.57648 1
2.0773 1
4.50491 1
-1.91413 1
9.80891 1
10.9824 1
13.7499 1
4.60568 1
5.17927 1
2.49098 1
4.88771 1
5.86013 1
7.61176 1
3.34168 1
8.38726 1
6.93022 1
4.18693 1
5.8576 1
5.58094 1
10.9006 1
4.84679 1
7.49921 1
1.35653 1
0.385576 1
11.5242 1
6.75072 1
5.27119 1
2.38563 1
5.16418 1
7.68741 1
0.974264 1
5.25607 1
8.50169 1
6.00075 1
6.30497 1
6.16231 1
10.1801 1
4.35304 1
4.92931 1
7.57129 1
5.3428 1
5.36999 1
4.72695 1
10.5854 1
14.8508 1
9.46287 1
7.02358 1
3.40607 1
2.98962 1
4.43638 1
4.52476 1
6.78417 1
2.11769 1
4.88308 1
6.73391 1
1.87324 1
1.35734 1
1.98583 1
1.39033 1
3.55591 1
3.30913 1
5.99446 1
1.01867 1
3.23275 1
8.05692 1
4.5976 1
14.2729 1
7.24336 1
8.44485 1
4.66481 1
3.98367 1
1.38515 1
4.76074 1
6.96831 1
3.42911 1
6.1026 1
3.37662 1
8.72794 1
11.7939 1
10.6732 1
5.08099 1
3.61049 1
8.60941 1
7.21348 1
12.6343 1
3.00636 1
5.70448 1
5.96921 1
4.82776 1
10.9126 1
5.73892 1
4.23479 1
4.43066 1
4.52955 1
6.55876 1
-0.0300581 1
11.2936 1
3.17513 1
6.87896 1
8.23862 1
6.51461 1
6.74765 1
6.15736 1
6.61116 1
6.86676 1
6.77703 1
1.93704 1
3.57041 1
6.1109 1
-2.55718 1
2.79229 1
7.56829 1
9.2679 1
4.99528 1
5.822 1
9.17464 1
3.94267 1
9.80832 1
0.327319 1
3.76135 1
5.7685 1
3.51056 1
8.01693 1
4.06729 1
7.62621 1
3.67472 1
4.16407 1
3.43917 1
6.66995 1
5.33922 1
7.98702 1
9.11138 1
4.26659 1
4.52757 1
2.34121 1
11.959 1
1.53282 1
4.83082 1
5.75156 1
5.51773 1
11.0169 1
11.4022 1
9.61437 1
4.01531 1
5.40571 1
0.487842 1
1.71339 1
4.76521 1
7.32226 1
0.907367 1
-0.531914 1
4.1401 1
13.68 1
5.76969 1
6.30815 1
5.69377 1
9.96441 1
4.62236 1
5.30901 1
1.31307 1
8.17567 1
3.25088 1
12.7522 1
5.60523 1
-1.27276 1
6.0705 1
5.79169 1
6.54824 1
8.4541 1
7.32311 1
6.18999 1
10.1815 1
4.91421 1
-1.13957 1
5.37308 1
6.28563 1
3.64913 1
1.27622 1
9.59278 1
7.12912 1
5.26368 1
-4.49455 1
5.60899 1
1.2429 1
2.76609 1
1.91048 1
6.60903 1
5.24942 1
2.99293 1
5.53849 1
5.43595 1
1.66137 1
9.12929 1
-1.13351 1
5.48158 1
1.17516 1
4.23692 1
4.25228 1
4.12287 1
3.58578 1
5.09853 1
7.63654 1
3.60698 1
11.7909 1
5.1961 1
4.66172 1
8.7188 1
5.57102 1
4.08515 1
3.53256 1
4.01707 1
0.841884 1
4.09196 1
0.405224 1
3.11819 1
6.8582 1
4.17114 1
9.26989 1
7.62047 1
5.97182 1
14.3561 1
6.60201 1
5.76334 1
10.1446 1
6.81663 1
6.3863 1
9.23987 1
7.215 1
2.78117 1
11.0401 1
4.30176 1
-4.61727 1
9.11991 1
1.28335 1
5.50789 1
7.68426 1
6.23928 1
7.75063 1
2.55841 1
3.62036 1
6.27035 1
9.81798 1
4.86998 1
3.5368 1
5.90447 1
2.3904 1
7.08524 1
5.7307 1
5.12472 1
4.82256 1
-2.80144 1
5.62204 1
6.43497 1
2.32403 1
4.99234 1
4.9111 1
3.59195 1
9.84056 1
7.03596 1
3.96682 1
6.40324 1
7.46568 1
-3.09064 1
11.0557 1
11.3554 1
6.29634 1
3.4865 1
7.3655 1
3.1787 1
5.45617 1
7.55388 1
8.14254 1
9.12857 1
5.77951 1
3.32628 1
0.33098 1
6.19214 1
5.9087 1
9.49704 1
11.3938 1
-4.2965 1
6.66021 1
2.11719 1
7.4265 1
8.06536 1
4.92729 1
3.76889 1
6.44263 1
7.51023 1
5.47286 1
3.94258 1
2.76082 1
14.6948 1
3.48519 1
12.3035 1
6.6292 1
4.30836 1
6.02978 1
4.86731 1
7.8533 1
10.3711 1
4.82195 1
8.59298 1
2.19568 1
3.09415 1
3.36127 1
4.78876 1
-0.500773 1
5.43965 1
6.14299 1
6.68997 1
7.13294 1
7.11141 1
4.25298 1
5.77863 1
7.14645 1
7.25217 1
5.39301 1
3.70966 1
3.69283 1
3.99233 1
7.03127 1
4.35055 1
8.36443 1
-0.663957 1
0.94153 1
6.59827 1
4.93237 1
6.69655 1
9.05335 1
6.80589 1
6.76666 1
4.11881 1
5.23524 1
4.93232 1
6.31659 1
1.13373 1
11.5507 1
8.21557 1
2.81825 1
-0.699943 1
3.75621 1
5.49856 1
9.76406 1
-4.46629 1
0.931671 1
2.83452 1
6.95113 1
7.73265 1
5.74393 1
8.46339 1
10.037 1
6.25861 1
5.17431 1
1.25907 1
6.12447 1
0.470635 1
2.89186 1
5.47601 1
10.0369 1
5.7651 1
1.94056 1
5.89854 1
4.80046 1
10.6501 1
6.27288 1
4.67443 1
6.0197 1
7.84062 1
5.82061 1
6.74623 1
3.20815 1
2.49468 1
3.12327 1
2.06619 1
3.86822 1
10.922 1
4.56932 1
4.32611 1
7.77814 1
10.0678 1
6.51268 1
3.34749 1
0.632606 1
3.88413 1
14.3264 1
7.48788 1
6.53274 1
1.84309 1
6.95543 1
-1.29755 1
4.94497 1
5.65608 1
6.64564 1
9.84475 1
14.2094 1
2.31569 1
6.54049 1
7.03031 1
4.00261 1
4.02852 1
10.048 1
7.00505 1
-3.3715 1
3.6307 1
5.37151 1
10.5759 1
-0.517228 1
9.34026 1
5.44142 1
6.72917 1
2.08023 1
1.85995 1
3.93664 1
6.88603 1
3.0043 1
5.83189 1
11.8569 1
-2.57073 1
4.77159 1
7.00636 1
5.23285 1
5.51567 1
5.59171 1
-4.55296 1
5.34645 1
6.82653 1
0.488801 1
5.27306 1
-4.3503 1
1.42535 1
4.73603 1
12.168 1
6.59253 1
5.6313 1
3.94391 1
10.7388 1
5.65166 1
4.72615 1
-0.3219 1
8.76451 1
5.66656 1
8.27893 1
2.88712 1
5.71972 1
6.70072 1
5.45929 1
6.81374 1
4.23883 1
2.16208 1
7.45724 1
6.30318 1
9.34453 1
2.35925 1
1.52113 1
4.37558 1
5.22065 1
6.87817 1
3.77246 1
4.98548 1
-4.10056 1
1.47972 1
6.71308 1
7.09394 1
2.18962 1
2.34791 1
9.4047 1
7.40719 1
6.70435 1
6.71308 1
3.6722 1
6.4779 1
5.8159 1
1.64923 1
7.3471 1
7.29746 1
5.42861 1
4.94789 1
3.63691 1
1.24942 1
4.21277 1
2.30886 1
4.10067 1
11.9484 1
6.35719 1
7.27221 1
4.72672 1
2.46276 1
7.61756 1
7.7493 1
7.93349 1
6.52766 1
5.97509 1
5.75272 1
6.47196 1
1.70806 1
10.0769 1
7.5688 1
5.86318 1
5.24772 1
5.32932 1
6.94095 1
-1.56186 1
4.94773 1
8.27642 1
6.80653 1
5.7408 1
-3.81247 1
5.09327 1
6.33702 1
5.07832 1
1.05118 1
6.62352 1
12.7147 1
5.99158 1
3.98571 1
3.86032 1
6.7377 1
6.39966 1
4.10011 1
6.50699 1
0.719648 1
3.55731 1
5.3384 1
3.57018 1
1.16594 1
1.87397 1
8.58427 1
-1.28854 1
4.53374 1
4.10815 1
0.993867 1
5.26424 1
3.72345 1
5.19107 1
5.02799 1
5.72383 1
8.37671 1
6.98013 1
6.34714 1
2.57698 1
1.16465 1
7.24114 1
4.44933 1
5.29908 1
12.7732 1
3.16967 1
5.73222 1
9.41914 1
5.85736 1
6.57145 1
1.62241 1
3.58543 1
6.60334 1
8.89281 1
7.61312 1
8.38204 1
7.84625 1
3.9957 1
6.28217 1
5.49977 1
7.94384 1
13.5422 1
11.3201 1
4.34241 1
6.33086 1
2.67947 1
0.477059 1
3.29848 1
5.35316 1
6.36437 1
1.8566 1
6.70264 1
8.85509 1
5.65322 1
5.607 1
2.94896 1
5.43047 1
10.5266 1
7.02327 1
3.83658 1
5.44144 1
2.28518 1
5.67643 1
14.855 1
0.929632 1
9.10036 1
3.06618 1
3.43095 1
8.47317 1
4.22235 1
3.24451 1
4.28229 1
0.286556 1
10.5771 1
10.0715 1
-2.44169 1
8.38868 1
3.82298 1
9.17819 1
7.59504 1
3.36825 1
4.8787 1
4.12976 1
7.89496 1
-1.16478 1
3.58378 1
7.64103 1
4.77234 1
3.18177 1
5.53762 1
0.768726 1
-0.964199 1
7.92822 1
4.88194 1
-1.07529 1
5.30068 1
10.9055 1
4.8405 1
3.78504 1
5.41352 1
13.3207 1
4.85776 1
-3.08869 1
8.06689 1
8.13829 1
3.07817 1
8.75684 1
6.06079 1
8.10579 1
2.57235 1
6.03697 1
4.27841 1
-1.85418 1
0.752815 1
4.31923 1
4.19299 1
8.04984 1
4.01312 1
8.448 1
2.75147 1
6.08626 1
5.39873 1
6.40581 1
2.81586 1
-2.27159 1
10.2277 1
-0.727278 1
4.94112 1
6.1827 1
5.32929 1
-0.211486 1
7.10771 1
3.12192 1
4.44935 1
3.94156 1
4.11356 1
6.78433 1
8.80269 1
4.29609 1
0.1088 1
7.83332 1
4.78855 1
3.95987 1
-1.16876 1
4.89361 1
5.80302 1
12.2132 1
1.25616 1
-0.842306 1
8.54723 1
2.65691 1
11.667 1
9.41651 1
1.13322 1
0.131048 1
2.50618 1
3.38606 1
2.7559 1
4.64962 1
4.08668 1
8.28813 1
5.60087 1
5.27052 1
2.64075 1
4.23142 1
8.62716 1
4.5187 1
6.58333 1
2.23991 1
14.4834 1
-1.82638 1
5.95984 1
4.13713 1
3.66259 1
7.68492 1
8.08852 1
8.79001 1
0.762807 1
5.24761 1
7.08374 1
3.23845 1
4.20719 1
4.63839 1
4.89751 1
2.06251 1
2.13899 1
6.21802 1
6.54763 1
8.04424 1
0.843627 1
7.97048 1
12.877 1
6.23892 1
5.81566 1
6.01877 1
6.22786 1
-3.11161 1
4.67191 1
3.34406 1
4.82388 1
5.66989 1
10.2617 1
6.17398 1
6.37451 1
7.76988 1
-1.00089 1
-0.502022 1
8.04263 1
4.70259 1
7.15827 1
12.1102 1
10.2798 1
1.78665 1
8.3445 1
3.31512 1
4.28692 1
3.50961 1
6.0236 1
-0.655861 1
7.67691 1
4.51847 1
6.12597 1
6.71968 1
7.3217 1
4.15085 1
3.68257 1
4.74972 1
10.2008 1
11.5599 1
2.93765 1
4.47875 1
9.42003 1
6.43567 1
6.84269 1
6.21286 1
7.51414 1
14.0206 1
3.87961 1
5.15372 1
-2.84739 1
12.6697 1
4.96253 1
-4.35974 1
3.07065 1
9.45514 1
9.58084 1
5.77276 1
3.89723 1
4.72468 1
6.98294 1
1.93752 1
6.76215 1
6.04483 1
2.52631 1
4.7542 1
5.54958 1
3.26263 1
3.92139 1
8.84326 1
5.16361 1
4.70369 1
4.96595 1
8.46154 1
4.81093 1
2.20435 1
11.7697 1
3.92872 1
0.908639 1
6.99321 1
4.53169 1
2.66467 1
4.3859 1
7.79372 1
4.63877 1
5.88138 1
5.04385 1
5.62308 1
-1.29464 1
6.29892 1
4.56356 1
4.40752 1
0.630973 1
3.91 1
9.97431 1
3.4333 1
4.04129 1
-0.777924 1
5.17402 1
3.82891 1
7.33968 1
9.85877 1
4.37762 1
5.57552 1
2.47728 1
4.99404 1
0.666397 1
4.79803 1
2.91804 1
1.75377 1
7.70518 1
6.41895 1
2.67284 1
13.4239 1
5.89205 1
13.5281 1
3.5939 1
2.59789 1
-1.46606 1
0.914513 1
2.04515 1
6.89358 1
5.9595 1
-1.11877 1
6.5754 1
1.46381 1
5.02846 1
12.2844 1
7.62108 1
14.175 1
9.17528 1
7.95252 1
5.73258 1
7.36147 1
1.44489 1
2.34877 1
3.88084 1
1.79568 1
6.24169 1
9.04663 1
5.48332 1
5.15518 1
3.3262 1
7.37693 1
4.34991 1
4.5467 1
5.48658 1
5.81791 1
8.73199 1
0.86645 1
9.4613 1
7.34928 1
3.69994 1
3.83881 1
4.62458 1
1.56249 1
7.71945 1
7.95633 1
6.82041 1
4.80863 1
9.28816 1
5.5615 1
6.27413 1
4.11472 1
10.994 1
0.181097 1
8.76446 1
8.59715 1
7.00915 1
5.84019 1
7.65193 1
2.63978 1
8.26337 1
3.62901 1
5.49136 1
2.87196 1
5.61474 1
3.71524 1
6.20562 1
7.73999 1
4.82247 1
9.32946 1
3.79184 1
4.84945 1
4.40218 1
8.24584 1
7.69918 1
5.70627 1
4.00324 1
9.29638 1
5.92851 1
0.187005 1
2.31627 1
6.36695 1
-3.15241 1
5.83407 1
6.48209 1
-4.19837 1
9.87474 1
14.4872 1
8.04257 1
1.09539 1
4.16782 1
12.2368 1
14.0418 1
9.76489 1
6.03893 1
4.47553 1
3.10472 1
5.05549 1
-4.32984 1
-4.5022 1
9.36635 1
5.6212 1
11.9681 1
4.25293 1
2.23547 1
1.74657 1
5.83778 1
7.87657 1
5.62072 1
5.23679 1
13.279 1
7.18962 1
6.55098 1
4.74822 1
4.47614 1
3.77494 1
8.29061 1
9.21586 1
2.88942 1
5.87715 1
7.82402 1
-3.93785 1
7.9922 1
2.05514 1
4.2865 1
6.57364 1
6.80389 1
3.76391 1
1.5628 1
6.46162 1
4.83955 1
4.72696 1
7.19592 1
-2.93002 1
4.86608 1
7.09637 1
8.37683 1
3.6658 1
7.05238 1
3.88471 1
7.82213 1
4.3283 1
1.39475 1
3.22655 1
13.9768 1
3.88132 1
0.425541 1
3.2405 1
6.09067 1
5.85915 1
10.0985 1
5.10132 1
7.21025 1
0.637549 1
4.0985 1
4.70371 1
4.24186 1
5.47039 1
5.56845 1
3.7403 1
2.27023 1
0.722295 1
5.47409 1
9.17955 1
8.43325 1
4.42454 1
6.99845 1
0.941256 1
2.75812 1
6.29335 1
7.54887 1
1.164 1
-1.59995 1
4.11269 1
6.92127 1
5.43471 1
10.6104 1
2.58752 1
1.73416 1
4.61858 1
6.20777 1
3.96591 1
4.84185 1
5.5975 1
-2.11305 1
5.48987 1
6.66047 1
-1.26874 1
5.28616 1
0.226507 1
6.11491 1
6.68193 1
6.00935 1
2.57442 1
6.05531 1
6.43831 1
8.6595 1
1.14035 1
6.68317 1
8.11953 1
4.97738 1
8.86493 1
-0.969422 1
4.2643 1
5.27029 1
4.05009 1
6.02442 1
5.26554 1
8.5203 1
6.20591 1
-1.7956 1
5.1075 1
4.04509 1
5.56368 1
8.91506 1
7.27613 1
4.0995 1
4.23028 1
5.69855 1
7.03697 1
5.91557 1
3.69765 1
12.3086 1
2.80574 1
10.7399 1
5.72989 1
1.09621 1
9.69338 1
5.08878 1
7.91827 1
4.68931 1
4.06943 1
3.6195 1
8.07235 1
3.31555 1
6.95265 1
6.22629 1
7.03757 1
10.5312 1
3.40031 1
7.12514 1
7.30202 1
4.81744 1
7.28906 1
7.93455 1
6.44748 1
12.3161 1
5.44717 1
4.36006 1
5.50138 1
5.51655 1
6.20581 1
0.72428 1
7.71197 1
2.25417 1
-1.88407 1
6.45284 1
3.83879 1
11.9363 1
8.15194 1
2.20941 1
5.48289 1
8.38623 1
12.362 1
5.76336 1
4.05666 1
11.1431 1
7.08855 1
4.94959 1
6.46398 1
9.64129 1
-0.82325 1
-1.70401 1
3.79506 1
3.70194 1
8.59833 1
2.52974 1
3.97697 1
5.89239 1
3.18952 1
3.58363 1
7.18535 1
-1.16759 1
6.51916 1
3.02778 1
2.93514 1
5.44539 1
7.17522 1
2.28688 1
6.19197 1
8.97545 1
-1.23234 1
6.07462 1
7.20248 1
5.51714 1
10.0807 1
-0.945867 1
-4.2674 1
4.65367 1
8.84461 1
2.76931 1
6.93089 1
11.7744 1
5.23099 1
4.04399 1
3.66557 1
2.81287 1
2.65649 1
8.7096 1
4.98462 1
5.35083 1
7.4233 1
-2.29568 1
4.15776 1
2.01449 1
5.81857 1
7.0016 1
6.84426 1
3.6394 1
8.91641 1
6.52904 1
0.88165 1
5.0948 1
9.8133 1
7.00742 1
6.38409 1
3.01745 1
3.26491 1
6.72687 1
2.05071 1
5.69076 1
8.50257 1
6.39679 1
6.01098 1
5.11542 1
4.64492 1
7.63709 1
4.72718 1
6.17871 1
7.37768 1
4.45786 1
6.31022 1
5.25261 1
3.79513 1
7.12106 1
4.46526 1
4.87661 1
4.16216 1
4.77921 1
0.214512 1
8.00382 1
0.759281 1
8.11527 1
4.69115 1
5.81832 1
7.08675 1
3.81072 1
4.61724 1
4.57715 1
3.36332 1
8.7183 1
-2.37229 1
8.35136 1
13.3958 1
3.79084 1
9.16604 1
10.92 1
11.4301 1
5.37891 1
1.54489 1
5.4346 1
5.72465 1
6.44374 1
10.5945 1
14.7853 1
4.75924 1
4.93209 1
0.997671 1
7.40989 1
7.52356 1
4.22165 1
4.12256 1
11.1202 1
5.94323 1
4.63949 1
2.54494 1
10.663 1
3.34994 1
11.0121 1
4.05548 1
0.864805 1
1.92481 1
4.24864 1
6.34257 1
7.98607 1
5.33789 1
3.81794 1
13.1809 1
-3.28335 1
-2.32732 1
4.25948 1
10.2051 1
-4.6238 1
4.30739 1
4.61642 1
3.45635 1
5.66006 1
9.46213 1
5.00533 1
3.78717 1
0.122572 1
5.86462 1
4.608 1
6.84852 1
8.59123 1
6.89665 1
0.924591 1
1.77306 1
9.63568 1
3.53194 1
4.01769 1
6.30443 1
5.5288 1
10.138 1
10.2763 1
2.7106 1
5.37738 1
7.75932 1
3.9542 1
3.5993 1
5.84397 1
5.37687 1
6.30435 1
3.79933 1
5.88013 1
4.26677 1
2.12382 1
8.24509 1
11.7784 1
5.29455 1
7.49362 1
1.72465 1
7.20785 1
9.65739 1
3.2193 1
6.41319 1
2.917 1
6.61963 1
5.57822 1
1.91977 1
7.52901 1
4.00054 1
12.8962 1
4.71645 1
3.30623 1
-3.67246 1
4.46611 1
9.39346 1
5.69901 1
5.18264 1
9.97126 1
6.47083 1
6.80512 1
10.3096 1
4.50022 1
2.2887 1
5.78356 1
9.90488 1
7.20505 1
4.8872 1
6.35344 1
3.25767 1
6.89645 1
7.71011 1
4.67249 1
9.65312 1
10.6216 1
13.9775 1
5.52387 1
4.45583 1
-1.13882 1
3.01936 1
2.65376 1
-3.5041 1
4.7929 1
1.91631 1
5.77656 1
2.14322 1
4.41811 1
10.2087 1
6.38525 1
5.5914 1
7.1458 1
6.18101 1
2.31752 1
12.258 1
1.87465 1
9.30782 1
5.84124 1
7.70115 1
-1.79204 1
1.67286 1
11.7511 1
0.749015 1
3.70052 1
12.3021 1
8.80743 1
4.91039 1
2.62541 1
6.46275 1
-2.97575 1
0.756794 1
4.42678 1
6.41473 1
4.00945 1
12.0664 1
4.65086 1
1.79247 1
5.84617 1
3.60764 1
1.9055 1
6.70551 1
5.78541 1
2.05617 1
6.01247 1
8.35418 1
6.19609 1
3.15938 1
3.3999 1
6.64953 1
4.73632 1
5.70227 1
5.06721 1
6.32688 1
5.93039 1
2.87823 1
-0.522902 1
1.22538 1
0.41088 1
10.2474 1
7.89044 1
4.47078 1
4.15561 1
1.6224 1
3.0308 1
7.43967 1
7.03729 1
6.63996 1
12.4208 1
6.98002 1
3.68248 1
0.172478 1
-1.36747 1
-0.799566 1
6.58868 1
1.82129 1
9.07514 1
2.65178 1
4.12089 1
2.87862 1
4.27468 1
10.7608 1
7.90536 1
6.47367 1
4.24225 1
4.57667 1
5.15385 1
8.43379 1
4.36876 1
3.32038 1
4.88934 1
12.5813 1
4.41229 1
6.23839 1
4.76439 1
9.60071 1
4.08208 1
3.64703 1
7.15985 1
10.8348 1
2.86475 1
5.08324 1
10.7267 1
6.32166 1
10.8023 1
2.0214 1
12.4441 1
4.58702 1
5.06374 1
7.22327 1
0.819971 1
4.99531 1
4.19738 1
3.90132 1
12.7764 1
10.6599 1
4.51866 1
-1.58467 1
4.44533 1
14.202 1
6.27884 1
1.08792 1
9.3887 1
5.01962 1
1.12306 1
11.5455 1
-1.91581 1
5.19162 1
-3.71826 1
5.86733 1
5.57477 1
-4.81355 1
6.83132 1
10.2943 1
1.12244 1
4.52631 1
9.14343 1
6.00575 1
5.26484 1
4.86202 1
3.55907 1
6.55237 1
4.17883 1
3.3988 1
1.39127 1
-0.0745995 1
6.6961 1
8.67976 1
4.80308 1
3.65889 1
9.15394 1
7.50165 1
1.54936 1
7.31872 1
5.986 1
2.31407 1
2.99716 1
4.61386 1
10.611 1
3.40457 1
10.3091 1
5.30442 1
9.87155 1
13.2241 1
4.6943 1
10.9109 1
4.16528 1
12.0669 1
6.36262 1
0.597852 1
6.39478 1
7.05145 1
10.553 1
2.37154 1
3.02804 1
8.00032 1
-0.991199 1
5.40858 1
11.1859 1
8.03113 1
7.33628 1
6.48429 1
5.96624 1
-1.07283 1
6.46409 1
3.28172 1
10.3229 1
11.1008 1
9.10351 1
-0.25052 1
5.23366 1
2.95059 1
5.6434 1
3.85692 1
6.48787 1
7.4756 1
-4.04698 1
7.70785 1
2.13461 1
1.52678 1
10.4989 1
5.69557 1
6.60424 1
9.02074 1
11.2412 1
5.07194 1
10.8384 1
7.47531 1
5.95964 1
4.75993 1
6.92057 1
4.05317 1
8.58995 1
7.84281 1
10.1635 1
7.64807 1
8.42647 1
6.47674 1
7.37486 1
10.836 1
7.43827 1
3.57826 1
14.4474 1
10.1411 1
3.55294 1
-1.47878 1
6.73282 1
1.7547 1
8.34389 1
-2.95801 1
10.5595 1
2.60505 1
5.91015 1
4.84216 1
3.49507 1
4.8315 1
0.145951 1
5.66986 1
12.0794 1
9.09331 1
7.30989 1
4.83328 1
4.17157 1
4.98645 1
6.79852 1
2.4859 1
6.71422 1
4.25288 1
4.8803 1
6.03381 1
1.86137 1
-2.44126 1
-1.25172 1
10.2223 1
5.39103 1
2.69957 1
1.4993 1
7.03735 1
4.77453 1
2.27176 1
3.44377 1
6.3518 1
7.48979 1
4.60989 1
3.61107 1
4.24761 1
3.52273 1
6.83267 1
7.48474 1
5.61333 1
4.92044 1
5.93246 1
4.66715 1
5.76021 1
6.49759 1
5.39629 1
4.70947 1
4.13512 1
7.28997 1
8.83264 1
7.59984 1
8.03538 1
2.55352 1
4.50494 1
4.0064 1
5.15878 1
8.00931 1
8.29767 1
3.27546 1
7.41587 1
9.32062 1
5.50163 1
5.95094 1
-0.181056 1
5.9802 1
3.19224 1
4.07385 1
9.5541 1
3.78246 1
5.02848 1
3.66519 1
4.69831 1
10.5515 1
3.98673 1
3.82374 1
2.74063 1
8.88535 1
2.63854 1
7.00818 1
5.06219 1
10.8676 1
4.7351 1
3.15907 1
4.14151 1
3.60248 1
4.48677 1
5.55627 1
2.17355 1
7.1521 1
7.52571 1
5.53764 1
5.94419 1
5.55962 1
4.08888 1
3.67338 1
4.04795 1
5.90964 1
14.8506 1
9.5631 1
9.1405 1
11.9597 1
11.512 1
5.63298 1
4.75363 1
4.89435 1
1.45518 1
-1.55695 1
5.02229 1
12.4054 1
10.2469 1
5.91373 1
2.54396 1
-0.583776 1
5.48623 1
5.87688 1
8.04563 1
6.21445 1
10.2229 1
4.32652 1
4.01428 1
3.23942 1
5.48636 1
4.82263 1
5.23056 1
8.76968 1
0.109156 1
6.14387 1
4.03173 1
2.51865 1
3.41143 1
2.9295 1
6.25909 1
6.64983 1
7.68682 1
0.801125 1
2.11457 1
6.27856 1
8.3485 1
6.77851 1
6.09655 1
9.22179 1
8.40162 1
4.05653 1
4.73147 1
4.59123 1
9.97518 1
7.0063 1
4.91071 1
6.15041 1
4.42996 1
1.13031 1
4.94384 1
0.0819271 1
3.87893 1
5.88576 1
7.23488 1
7.02839 1
10.9122 1
5.43032 1
4.75279 1
6.4378 1
4.09174 1
6.64764 1
-4.52013 1
6.94924 1
-1.02582 1
6.52207 1
5.52553 1
7.22472 1
4.42235 1
8.02089 1
1.15282 1
5.35433 1
5.99795 1
5.37187 1
4.3076 1
5.02573 1
8.88901 1
7.72751 1
2.17937 1
7.08844 1
4.99805 1
4.96126 1
3.87774 1
4.7744 1
0.364945 1
5.93591 1
5.52919 1
14.5308 1
4.65599 1
5.28954 1
4.08236 1
-2.2956 1
2.34207 1
13.0966 1
5.75453 1
8.6099 1
10.6131 1
5.64036 1
3.93363 1
2.34833 1
8.04369 1
11.5493 1
5.36293 1
8.81405 1
5.02402 1
-1.92488 1
5.02351 1
6.43063 1
6.21175 1
2.54683 1
3.03253 1
7.43512 1
4.01754 1
0.43249 1
0.991431 1
0.760914 1
9.62588 1
1.54403 1
4.41837 1
6.99473 1
9.75944 1
5.59031 1
-2.76737 1
4.99475 1
3.76349 1
10.3736 1
14.0277 1
14.4151 1
7.00573 1
0.617353 1
4.7918 1
-2.33103 1
4.25223 1
0.664708 1
4.80761 1
1.60146 1
7.12831 1
4.88032 1
-4.31303 1
6.48891 1
-1.3955 1
6.21976 1
4.61686 1
5.13746 1
-0.985721 1
4.95926 1
6.29082 1
6.81348 1
6.7344 1
3.18027 1
5.73961 1
4.58771 1
-0.585356 1
-2.34881 1
5.7311 1
2.43176 1
6.86184 1
0.118662 1
3.1866 1
7.21525 1
-1.17587 1
2.35528 1
4.07446 1
5.61099 1
12.3642 1
5.44218 1
4.33689 1
2.69434 1
-0.334424 1
9.50169 1
2.2144 1
6.87714 1
7.10398 1
3.74969 1
2.79973 1
6.62326 1
7.15424 1
-3.64993 1
5.96419 1
14.427 1
7.10831 1
8.81779 1
-2.09764 1
6.66649 1
2.93482 1
3.95056 1
7.64085 1
12.697 1
4.04002 1
4.90455 1
7.4485 1
5.7779 1
5.32924 1
7.75222 1
14.2709 1
3.80728 1
3.71938 1
0.868566 1
3.87124 1
-2.97199 1
6.00165 1
-1.84801 1
1.2549 1
3.70535 1
4.75675 1
4.015 1
2.64459 1
3.97619 1
10.5677 1
4.43535 1
4.9674 1
0.240319 1
10.4732 1
9.17941 1
10.7203 1
9.49443 1
3.48794 1
6.10288 1
4.27302 1
4.56292 1
6.86886 1
5.63044 1
3.75116 1
5.20418 1
1.2095 1
4.32523 1
6.26276 1
4.63763 1
5.8566 1
6.80472 1
6.67027 1
6.23537 1
-0.871487 1
5.08399 1
5.86837 1
10.6918 1
2.53919 1
13.4849 1
5.99021 1
1.62118 1
9.52043 1
3.38173 1
7.45705 1
5.97794 1
7.01969 1
7.80198 1
6.80942 1
12.3941 1
5.49483 1
5.59854 1
1.29543 1
8.72473 1
3.26916 1
-1.10481 1
6.91319 1
13.5977 1
5.88625 1
5.23311 1
2.43439 1
6.86877 1
0.137685 1
6.1711 1
-1.85645 1
5.31628 1
4.60871 1
5.34106 1
7.35007 1
14.1512 1
6.48366 1
6.72841 1
11.6256 1
6.68216 1
5.60977 1
2.58364 1
7.27272 1
5.11744 1
7.17337 1
5.04444 1
7.64567 1
5.64428 1
5.65429 1
4.15145 1
-2.03057 1
3.49025 1
6.22359 1
-2.97333 1
8.15856 1
6.49313 1
5.95192 1
2.75343 1
13.7629 1
5.16089 1
8.34152 1
3.43075 1
5.06088 1
3.88054 1
5.45542 1
6.52739 1
-2.26838 1
8.03365 1
-0.42311 1
6.07094 1
6.10476 1
6.94429 1
4.67294 1
4.33999 1
11.1629 1
5.3571 1
3.41211 1
-2.67849 1
5.71552 1
5.07141 1
8.81943 1
6.49117 1
3.49573 1
11.0708 1
7.03802 1
0.369271 1
9.63813 1
5.45799 1
5.85961 1
4.69774 1
12.6365 1
5.23459 1
2.25562 1
6.02495 1
14.6932 1
10.2553 1
1.0679 1
9.14146 1
3.7126 1
2.22177 1
14.6349 1
6.21979 1
8.01682 1
8.30841 1
3.02588 1
7.15496 1
2.81902 1
4.20903 1
-0.881132 1
6.1318 1
4.58626 1
10.5837 1
5.62749 1
5.52003 1
5.99526 1
4.00997 1
5.92835 1
2.3318 1
6.30964 1
-4.03357 1
4.68936 1
4.80244 1
7.76507 1
7.24125 1
-1.5956 1
5.71071 1
4.08548 1
8.38167 1
10.1761 1
6.73992 1
1.57618 1
7.38222 1
7.78976 1
7.17318 1
5.52122 1
7.29764 1
5.80247 1
2.36231 1
1.6816 1
8.73478 1
1.07808 1
3.75463 1
5.73154 1
1.69626 1
3.20845 1
-0.0773372 1
3.90471 1
5.87148 1
10.3362 1
4.00024 1
4.33968 1
7.62846 1
5.39375 1
5.03404 1
6.30016 1
5.04567 1
4.81524 1
7.00525 1
14.2408 1
8.18891 1
6.94801 1
4.5757 1
2.42772 1
7.53731 1
4.74598 1
2.35479 1
4.0403 1
3.57262 1
5.81278 1
5.31694 1
5.63053 1
-4.86553 1
6.49485 1
6.73849 1
0.189271 1
4.12102 1
6.45812 1
4.31457 1
5.0838 1
8.23283 1
4.21243 1
3.73382 1
13.9738 1
5.64933 1
4.41629 1
5.58106 1
-1.30738 1
5.60608 1
0.868127 1
10.1552 1
2.04577 1
3.98962 1
4.80518 1
5.87833 1
5.87921 1
9.67396 1
4.09241 1
1.26849 1
0.783937 1
1.00636 1
3.4385 1
7.177 1
5.03979 1
5.57141 1
3.42564 1
5.21133 1
5.51128 1
5.39562 1
6.61054 1
8.82858 1
6.85895 1
6.63033 1
5.20606 1
-2.67022 1
3.03503 1
2.24183 1
8.26681 1
3.86 1
11.1746 1
5.38726 1
4.1867 1
10.5045 1
9.1251 1
9.02376 1
8.9247 1
11.2301 1
1.06512 1
0.959964 1
1.76883 1
6.47265 1
3.32389 1
3.79337 1
6.30995 1
5.61494 1
3.07588 1
7.79275 1
5.24751 1
5.63486 1
6.14888 1
5.87234 1
3.36288 1
4.77006 1
-0.755987 1
5.20844 1
7.90986 1
4.87307 1
-1.44364 1
6.26412 1
5.01837 1
5.42774 1
13.856 1
8.78083 1
7.29197 1
5.63747 1
3.97731 1
5.33647 1
2.07549 1
8.76901 1
6.16935 1
5.26091 1
8.2797 1
9.44427 1
3.13112 1
10.5937 1
-1.641 1
8.12094 1
-1.75846 1
9.77089 1
3.90358 1
10.6386 1
1.67008 1
2.25791 1
5.96168 1
6.78362 1
4.2611 1
8.86381 1
5.7278 1
4.09181 1
2.16631 1
12.389 1
0.598521 1
6.14554 1
9.83795 1
4.3676 1
5.49957 1
5.64086 1
3.63611 1
-3.80709 1
4.86984 1
0.681555 1
4.92199 1
6.33148 1
8.03558 1
-0.435812 1
7.75767 1
5.29264 1
7.18624 1
0.893719 1
8.05387 1
7.16472 1
7.19767 1
14.8484 1
3.29928 1
-1.03977 1
-2.31597 1
4.49489 1
8.52326 1
7.67601 1
11.5245 1
-3.15389 1
0.896161 1
4.67925 1
3.71094 1
4.47162 1
2.37701 1
5.99731 1
6.69492 1
9.46419 1
5.21827 1
-1.00098 1
0.25148 1
10.5772 1
5.3668 1
8.7095 1
4.29201 1
13.2996 1
7.92103 1
2.9162 1
-0.234121 1
-1.75269 1
8.06315 1
-2.38746 1
4.88172 1
5.65083 1
5.46855 1
14.7966 1
2.89399 1
8.09535 1
8.57615 1
-2.57017 1
3.56378 1
-1.69297 1
11.6304 1
6.20986 1
5.68263 1
2.91705 1
5.50697 1
6.22666 1
8.09089 1
5.98605 1
5.34515 1
3.1705 1
6.33939 1
-4.38979 1
6.25131 1
3.48295 1
5.61265 1
-1.11481 1
5.76158 1
8.61789 1
5.49294 1
4.68885 1
1.23551 1
10.4335 1
4.76011 1
8.16057 1
8.7214 1
6.42509 1
0.858093 1
12.9473 1
4.81108 1
4.51685 1
-1.42685 1
6.88378 1
2.2037 1
5.44543 1
1.75784 1
6.07626 1
6.40882 1
4.13936 1
2.20891 1
8.58889 1
5.76352 1
7.64946 1
-0.94287 1
6.41142 1
1.83704 1
3.67822 1
9.41497 1
6.21065 1
5.53566 1
4.0199 1
2.52032 1
-2.36262 1
1.43212 1
7.44892 1
3.22747 1
10.0242 1
5.34676 1
7.56401 1
7.35565 1
2.71961 1
5.03911 1
5.03978 1
12.0047 1
4.81283 1
4.09841 1
5.79431 1
6.37922 1
3.02318 1
1.75667 1
0.106537 1
8.51127 1
11.8318 1
4.6188 1
2.38953 1
7.54325 1
4.27681 1
0.320755 1
9.41868 1
5.205 1
3.57305 1
8.56658 1
4.46702 1
2.32039 1
6.48453 1
7.28523 1
0.110686 1
6.05196 1
2.64369 1
8.45162 1
4.79619 1
4.39927 1
9.22797 1
0.75415 1
-2.76256 1
3.86342 1
4.63447 1
3.24271 1
-0.455957 1
0.213298 1
3.05895 1
9.40482 1
2.91455 1
3.20806 1
4.72611 1
5.05617 1
4.84308 1
10.1264 1
6.09977 1
1.44449 1
0.727276 1
2.16816 1
7.42295 1
5.64554 1
2.16113 1
4.93417 1
3.64012 1
8.41673 1
11.8994 1
5.70139 1
7.84806 1
2.20082 1
5.99419 1
5.73843 1
5.409 1
5.961 1
9.94203 1
1.28225 1
1.13052 1
4.67023 1
9.22364 1
2.38692 1
-2.32398 1
4.05316 1
5.95723 1
4.85985 1
6.75303 1
7.02206 1
6.18769 1
6.14113 1
4.08407 1
4.7894 1
1.26199 1
6.14251 1
2.31531 1
1.22357 1
1.86478 1
8.58532 1
8.57342 1
4.1741 1
6.87057 1
5.17504 1
8.03914 1
5.17056 1
4.98067 1
6.9185 1
3.45179 1
0.10878 1
6.46314 1
5.83962 1
1.85972 1
-1.42198 1
2.03455 1
4.39549 1
12.165 1
8.06888 1
0.341061 1
5.95151 1
6.76527 1
5.45149 1
5.83661 1
7.14971 1
5.6391 1
2.78954 1
7.69423 1
5.77428 1
-1.05404 1
9.26391 1
5.85796 1
2.23333 1
6.26264 1
8.382 1
7.00227 1
5.04264 1
0.8207 1
3.98045 1
14.5792 1
3.43645 1
5.45898 1
6.71424 1
7.22196 1
3.4286 1
11.3382 1
7.80751 1
1.64241 1
10.4354 1
4.77376 1
5.68349 1
5.45643 1
-3.42874 1
9.08569 1
4.49579 1
4.27084 1
3.14996 1
4.57244 1
2.68306 1
2.82675 1
-1.57917 1
6.90592 1
9.41784 1
5.10324 1
3.09805 1
7.81655 1
6.38092 1
5.7657 1
5.90604 1
13.1143 1
0.745901 1
7.72367 1
-0.978052 1
3.63916 1
2.53609 1
6.44223 1
6.43706 1
4.80534 1
0.194938 1
7.29866 1
1.97726 1
5.82029 1
1.18314 1
14.4343 1
8.79649 1
3.14325 1
4.62227 1
11.9828 1
2.22236 1
2.01896 1
5.07771 1
7.62956 1
4.82817 1
8.1085 1
7.46787 1
8.25821 1
11.1177 1
0.543822 1
5.95567 1
3.65254 1
6.50585 1
5.36724 1
3.31858 1
4.57065 1
8.05123 1
7.88783 1
13.4466 1
6.17227 1
5.84426 1
3.94995 1
8.7878 1
1.87694 1
3.13773 1
-0.563377 1
4.7345 1
2.91635 1
10.1368 1
5.62682 1
1.31982 1
10.4677 1
5.9802 1
6.32348 1
6.42875 1
1.14681 1
0.00567622 1
3.82306 1
4.46099 1
8.82153 1
5.15046 1
5.5912 1
2.41583 1
5.18634 1
10.9932 1
6.26379 1
7.74025 1
5.06715 1
6.21656 1
4.3237 1
2.93166 1
6.88316 1
0.95418 1
5.76981 1
6.81924 1
5.54547 1
1.63212 1
5.01243 1
0.401286 1
3.38413 1
13.3721 1
1.40672 1
5.05112 1
6.62226 1
-0.270861 1
6.63763 1
4.21783 1
8.88192 1
4.06034 1
-2.15198 1
7.73077 1
5.21835 1
4.47268 1
9.03303 1
7.77362 1
9.13137 1
5.76957 1
4.94193 1
7.34673 1
8.57308 1
2.01989 1
13.2666 1
4.07649 1
10.4435 1
11.4496 1
2.78366 1
5.06125 1
5.46149 1
-2.27292 1
-0.168472 1
6.0533 1
10.6146 1
5.81588 1
10.5007 1
6.42917 1
4.92014 1
4.84305 1
9.68742 1
12.1305 1
4.50407 1
6.41265 1
6.56519 1
14.8185 1
6.13855 1
1.96724 1
1.92575 1
5.67357 1
0.838328 1
12.0794 1
6.01152 1
7.88287 1
10.08 1
7.53886 1
7.3609 1
5.02405 1
5.64291 1
5.89062 1
10.8926 1
5.9112 1
8.66832 1
3.49967 1
5.0505 1
5.74511 1
2.0034 1
4.79832 1
4.11231 1
3.45127 1
11.5108 1
5.76404 1
5.95948 1
1.95434 1
6.02642 1
5.64102 1
4.67075 1
5.30102 1
3.00814 1
7.38803 1
7.04668 1
6.85679 1
5.12708 1
12.7206 1
6.69522 1
3.08589 1
4.75408 1
5.34816 1
7.50974 1
3.88425 1
6.41121 1
5.6387 1
14.7104 1
3.74632 1
5.40844 1
3.85597 1
4.70405 1
7.71988 1
4.64423 1
3.64956 1
-2.06647 1
5.33158 1
5.13938 1
4.95343 1
2.71113 1
8.02375 1
4.4108 1
5.6577 1
14.1331 1
5.31959 1
6.28943 1
6.50432 1
3.62356 1
6.56287 1
4.09611 1
-1.07783 1
4.49575 1
8.2308 1
6.12873 1
2.03417 1
0.102298 1
2.16851 1
1.25292 1
6.18119 1
6.5879 1
7.31196 1
0.947798 1
6.54851 1
14.4387 1
5.37335 1
6.49054 1
3.82111 1
7.93702 1
8.48065 1
2.8097 1
11.5293 1
9.35128 1
5.96772 1
-4.51517 1
4.5011 1
10.0717 1
9.66208 1
5.06467 1
11.244 1
14.0524 1
0.763767 1
3.6487 1
5.67935 1
5.91173 1
2.74748 1
5.85959 1
3.48647 1
8.28157 1
4.06025 1
6.18657 1
5.55916 1
8.44471 1
-3.38042 1
2.29256 1
6.98891 1
11.4392 1
7.76958 1
5.0083 1
4.69549 1
8.49115 1
6.69681 1
6.63493 1
6.59216 1
12.6069 1
3.08233 1
-0.697795 1
-4.5613 1
0.571112 1
4.32697 1
9.27175 1
5.50221 1
-3.50655 1
6.58573 1
5.85252 1
-1.71615 1
13.3121 1
6.9034 1
6.99707 1
10.5096 1
4.89011 1
5.36844 1
6.60586 1
5.13709 1
2.24821 1
-0.683358 1
2.17829 1
5.85146 1
6.41115 1
5.85884 1
-1.2265 1
6.29618 1
4.49105 1
5.97792 1
4.73617 1
3.29478 1
5.2866 1
2.42593 1
6.0151 1
5.24196 1
4.64237 1
8.87766 1
5.67515 1
6.99561 1
6.82151 1
4.00546 1
4.75549 1
2.52926 1
6.75109 1
0.866075 1
8.09384 1
4.69883 1
3.17407 1
11.4157 1
4.85637 1
5.16755 1
5.51026 1
3.88409 1
8.74534 1
2.34369 1
9.33165 1
3.00681 1
7.01068 1
4.19432 1
4.08236 1
-1.29046 1
-0.188282 1
4.31385 1
4.35036 1
6.03492 1
6.06976 1
3.85411 1
4.73022 1
5.22911 1
10.6639 1
4.75413 1
8.08549 1
1.6196 1
1.35413 1
9.84515 1
3.83634 1
-0.226493 1
2.90696 1
4.96529 1
-0.632902 1
-0.327301 1
5.70471 1
8.28997 1
6.67531 1
4.10546 1
5.35326 1
-2.49153 1
5.35522 1
3.75799 1
5.7017 1
0.741009 1
4.95629 1
5.46294 1
-0.0979553 1
3.40331 1
6.12377 1
4.28746 1
8.57672 1
-2.62552 1
4.58808 1
9.41043 1
6.80899 1
6.2218 1
5.51724 1
6.31612 1
7.91653 1
0.382343 1
2.27607 1
8.8141 1
3.06868 1
5.77971 1
7.20944 1
5.64608 1
1.30307 1
5.58912 1
2.1521 1
4.26199 1
1.98653 1
4.79771 1
6.61415 1
3.88853 1
5.0815 1
4.22413 1
9.14248 1
6.22043 1
5.23701 1
1.30002 1
6.48351 1
8.62126 1
2.05871 1
7.66394 1
3.87548 1
6.81705 1
3.19636 1
7.85401 1
5.35524 1
5.99657 1
4.46423 1
0.164961 1
5.48866 1
3.33406 1
3.95022 1
5.43936 1
5.53516 1
5.19036 1
11.4013 1
6.04267 1
1.30283 1
3.74516 1
5.68758 1
-0.095253 1
8.06389 1
0.177729 1
4.52962 1
2.81992 1
0.985828 1
8.4384 1
3.56598 1
5.09942 1
-4.1097 1
7.1725 1
9.49203 1
3.57222 1
5.40006 1
1.54174 1
7.24989 1
5.33163 1
4.52103 1
1.49617 1
7.12213 1
5.96639 1
1.95064 1
4.6045 1
7.78914 1
5.15899 1
7.29138 1
8.56822 1
8.54173 1
4.85591 1
7.69063 1
5.68713 1
4.2119 1
13.5301 1
6.46268 1
3.6249 1
5.60023 1
5.83973 1
13.4479 1
2.08472 1
4.41311 1
5.52752 1
-0.271927 1
3.47354 1
5.69773 1
4.51729 1
2.6646 1
6.09894 1
4.36828 1
5.93603 1
4.99844 1
5.75951 1
8.56729 1
7.09978 1
9.40937 1
6.94075 1
3.86433 1
5.9185 1
5.58612 1
-0.891819 1
6.55339 1
5.24333 1
6.31467 1
-0.167819 1
3.98464 1
10.8933 1
8.62293 1
8.05962 1
2.34814 1
4.61966 1
6.0948 1
5.95758 1
4.48619 1
-2.58814 1
3.79172 1
4.68627 1
4.57543 1
5.13881 1
0.159105 1
3.57903 1
2.40161 1
5.91526 1
6.67494 1
1.6925 1
5.67739 1
-2.66561 1
6.6407 1
5.40682 1
7.60204 1
4.7762 1
4.30156 1
-0.0856331 1
5.12268 1
6.45675 1
4.73238 1
4.20509 1
5.42321 1
3.50501 1
2.97345 1
5.06101 1
1.03269 1
4.85629 1
5.81863 1
4.59336 1
-1.23231 1
10.4403 1
2.19705 1
14.0509 1
7.78722 1
7.95494 1
1.47024 1
-4.4721 1
8.34798 1
4.37144 1
8.55358 1
4.17712 1
3.32819 1
1.6819 1
11.6822 1
12.2826 1
-1.63068 1
4.78939 1
-4.742 1
5.66262 1
9.1569 1
7.52992 1
6.2514 1
8.89372 1
7.30819 1
0.436626 1
7.8539 1
6.2189 1
3.43395 1
4.75791 1
6.26756 1
5.75362 1
2.30369 1
11.5366 1
6.5414 1
14.0088 1
4.03435 1
6.25231 1
1.16075 1
3.60783 1
3.27106 1
8.67405 1
7.28907 1
4.40903 1
1.30266 1
5.77268 1
1.08871 1
6.79859 1
-0.613829 1
8.17861 1
1.00799 1
5.07971 1
-1.29903 1
3.74115 1
6.25312 1
2.43033 1
5.9209 1
-3.2851 1
10.5402 1
5.46328 1
7.67193 1
6.07776 1
5.75185 1
3.44874 1
2.67082 1
-1.16449 1
8.57162 1
3.26218 1
4.87142 1
4.97529 1
4.93098 1
9.4489 1
4.56805 1
3.24025 1
6.68501 1
6.51791 1
4.75473 1
11.0133 1
2.46064 1
5.25847 1
6.0383 1
9.5491 1
10.1266 1
-0.0770464 1
-2.57974 1
6.40973 1
1.7825 1
6.99007 1
-0.863093 1
4.45932 1
-2.58503 1
-1.89656 1
-2.83464 1
0.766248 1
5.1561 1
4.3791 1
7.22547 1
6.07103 1
5.33404 1
4.70652 1
13.6649 1
3.19147 1
7.08106 1
4.31602 1
10.5375 1
4.34108 1
5.5485 1
6.02428 1
10.2962 1
5.69195 1
4.35505 1
7.76348 1
6.16079 1
9.42412 1
6.14995 1
6.17118 1
7.39413 1
3.21696 1
9.98016 1
3.63923 1
3.92403 1
4.83179 1
9.55717 1
-0.432147 1
4.64883 1
4.83251 1
3.62618 1
6.74721 1
2.28365 1
5.31541 1
5.93014 1
2.54114 1
3.30019 1
5.1584 1
6.55956 1
4.40783 1
8.65125 1
3.68977 1
3.60356 1
7.52129 1
7.21003 1
10.0729 1
11.4356 1
6.82176 1
3.23757 1
9.89875 1
3.85014 1
3.56189 1
-1.38451 1
4.84114 1
7.27749 1
4.34649 1
6.05514 1
5.21301 1
4.03574 1
7.90348 1
2.76485 1
3.01288 1
0.957868 1
7.02899 1
-1.38658 1
4.39872 1
3.69345 1
3.13535 1
5.67106 1
4.61229 1
1.20985 1
4.37717 1
4.56445 1
6.98967 1
4.57773 1
10.1946 1
8.2887 1
5.06293 1
5.67482 1
9.69233 1
6.54847 1
6.23697 1
6.45532 1
-3.00119 1
5.78737 1
7.69577 1
8.15503 1
4.65765 1
12.2296 1
1.31841 1
2.03984 1
4.14284 1
8.40587 1
6.87717 1
5.35584 1
7.21222 1
9.44189 1
7.67444 1
7.21261 1
1.30196 1
5.3381 1
3.74153 1
8.12796 1
2.53221 1
7.98295 1
4.56877 1
4.18728 1
11.7907 1
1.53991 1
1.6225 1
6.51186 1
6.07394 1
4.38273 1
10.5204 1
2.72931 1
3.86586 1
8.64515 1
5.01375 1
1.73148 1
6.54534 1
2.69474 1
-1.80485 1
7.13468 1
-3.939 1
4.87312 1
2.99122 1
6.87827 1
14.3449 1
4.29494 1
9.6285 1
3.36746 1
2.57086 1
4.20975 1
0.410332 1
4.40468 1
2.95712 1
4.62058 1
7.06786 1
4.59782 1
3.62083 1
7.80475 1
8.49181 1
4.61335 1
8.27578 1
6.33119 1
14.1167 1
-1.92854 1
6.08157 1
9.25141 1
13.993 1
8.3079 1
6.63132 1
5.08231 1
1.88869 1
9.75302 1
4.97295 1
4.80966 1
10.6672 1
2.35918 1
4.28496 1
-1.57938 1
9.84417 1
1.39742 1
4.97104 1
9.40782 1
5.55053 1
10.9276 1
1.67687 1
-0.357055 1
4.27197 1
9.84044 1
6.74891 1
5.206 1
6.20281 1
1.84718 1
10.496 1
6.20202 1
7.34097 1
5.48926 1
4.52013 1
6.90948 1
8.5068 1
-3.7539 1
0.913876 1
6.05986 1
1.93882 1
9.37793 1
5.23114 1
6.53711 1
5.5366 1
3.67028 1
5.28615 1
4.83329 1
8.37844 1
11.6029 1
0.240719 1
5.32468 1
6.36893 1
6.07747 1
5.77311 1
8.00033 1
10.8585 1
5.34049 1
-1.18642 1
2.38585 1
8.46592 1
6.61502 1
11.0635 1
10.1986 1
8.67139 1
5.41697 1
5.68753 1
9.44446 1
5.00322 1
4.86586 1
6.14861 1
11.8243 1
2.57348 1
9.57012 1
4.07151 1
4.36471 1
8.54033 1
2.78112 1
-0.428062 1
14.6876 1
0.593228 1
4.10361 1
10.5131 1
6.42523 1
8.41061 1
6.39503 1
-1.10096 1
6.06365 1
6.3451 1
8.87661 1
2.44306 1
4.00046 1
4.94798 1
3.87226 1
2.48606 1
7.00002 1
4.91652 1
10.0635 1
3.23434 1
6.45791 1
5.42506 1
3.54299 1
3.48148 1
6.6157 1
5.06415 1
2.2157 1
2.98882 1
4.49304 1
3.72843 1
6.65817 1
0.514479 1
2.12743 1
3.77851 1
4.46358 1
3.47825 1
5.64262 1
6.98776 1
11.9164 1
5.98008 1
3.12707 1
6.13819 1
1.50437 1
3.55875 1
5.13184 1
6.62449 1
6.77537 1
6.33793 1
6.74248 1
6.90556 1
4.7493 1
6.01177 1
3.0764 1
6.57895 1
6.20497 1
12.3317 1
6.52735 1
4.24202 1
3.7796 1
9.03131 1
5.0217 1
6.5423 1
11.0106 1
2.78549 1
3.5496 1
7.05423 1
4.37214 1
3.28316 1
5.10521 1
5.58185 1
4.94207 1
6.91386 1
0.421266 1
7.39685 1
5.79139 1
4.99763 1
4.32991 1
5.9453 1
7.67946 1
2.15293 1
4.61927 1
9.01956 1
6.8567 1
5.6784 1
9.82097 1
5.19777 1
3.64129 1
6.66732 1
11.6238 1
5.07719 1
5.57203 1
3.85083 1
6.07776 1
6.29994 1
4.6529 1
11.0049 1
7.101 1
4.68687 1
-2.34419 1
7.88117 1
5.24808 1
7.70239 1
5.28407 1
3.38438 1
5.64347 1
1.76391 1
5.69171 1
4.89388 1
4.55159 1
3.04762 1
4.59512 1
7.72688 1
2.08824 1
7.7825 1
4.15141 1
5.10679 1
-0.834894 1
-1.96322 1
13.108 1
3.52625 1
12.5052 1
-0.496924 1
-3.26011 1
4.74929 1
7.56254 1
6.0678 1
4.52321 1
6.081 1
10.0141 1
4.91132 1
4.63824 1
4.35833 1
6.24236 1
7.28227 1
2.075 1
4.87943 1
13.9448 1
7.15876 1
2.6454 1
6.78647 1
4.00109 1
6.31267 1
4.5091 1
1.37995 1
7.35723 1
3.50646 1
5.72746 1
4.74711 1
6.8047 1
4.84512 1
6.84646 1
5.5085 1
4.08831 1
9.04128 1
5.51786 1
10.0834 1
3.26434 1
6.70818 1
2.05027 1
6.33789 1
6.97664 1
8.05175 1
1.28951 1
6.10742 1
12.8831 1
-0.531764 1
4.49004 1
3.27758 1
3.41319 1
11.9414 1
5.95435 1
3.69442 1
4.07174 1
5.26767 1
3.15259 1
4.87819 1
0.57234 1
10.7986 1
4.3969 1
6.30712 1
7.43359 1
2.27774 1
8.15358 1
3.03163 1
6.16766 1
1.14033 1
6.55551 1
3.89451 1
5.43033 1
3.17446 1
5.92763 1
-1.83097 1
5.29819 1
3.38051 1
0.0893224 1
5.79832 1
5.07011 1
7.25425 1
12.9434 1
7.0828 1
3.93374 1
7.41922 1
-2.11794 1
3.17207 1
12.9007 1
2.99334 1
8.99867 1
6.98727 1
5.95568 1
9.3271 1
1.8459 1
5.10228 1
1.05495 1
4.33134 1
6.56874 1
9.13776 1
2.589 1
5.65492 1
1.84725 1
2.34615 1
4.8908 1
4.33418 1
2.00555 1
5.90992 1
8.53437 1
6.33746 1
11.9461 1
3.45492 1
1.06431 1
3.48791 1
6.42744 1
9.41009 1
3.19046 1
10.9626 1
6.54095 1
2.51337 1
13.219 1
6.18007 1
2.7225 1
9.11396 1
7.5334 1
-0.396906 1
4.58123 1
4.81984 1
5.97009 1
2.26802 1
5.25276 1
6.31897 1
2.5692 1
1.98291 1
11.9119 1
6.74659 1
4.77591 1
9.05166 1
5.43963 1
5.87484 1
-2.24376 1
2.46666 1
9.54761 1
5.77629 1
3.15017 1
9.38379 1
7.14924 1
6.16778 1
5.29021 1
6.1993 1
1.15992 1
2.9798 1
2.77498 1
2.39124 1
5.36594 1
10.6697 1
1.06034 1
8.36544 1
5.61301 1
6.89555 1
5.79357 1
3.06119 1
3.71397 1
1.14894 1
6.1694 1
6.05565 1
4.89089 1
5.83383 1
9.09819 1
6.03401 1
4.34018 1
3.52478 1
0.875979 1
5.04813 1
4.67769 1
2.38481 1
5.97466 1
6.17108 1
9.10195 1
5.75349 1
8.2676 1
7.03479 1
0.746169 1
5.04732 1
3.19169 1
2.2364 1
3.83454 1
4.3162 1
6.29219 1
7.39474 1
7.42508 1
7.32463 1
10.1234 1
2.61592 1
14.099 1
4.92632 1
5.60822 1
5.38663 1
3.49806 1
5.60603 1
-3.79139 1
6.42723 1
4.68839 1
-2.75914 1
-2.6336 1
4.2141 1
11.0502 1
-4.20608 1
6.58348 1
5.77144 1
3.07978 1
9.02001 1
2.93864 1
5.45076 1
4.48071 1
5.03919 1
4.28957 1
5.52667 1
1.06914 1
4.74779 1
6.23063 1
7.14098 1
4.15395 1
8.50268 1
3.16646 1
3.6579 1
1.44247 1
8.24009 1
4.10473 1
6.27363 1
4.23335 1
7.77226 1
5.01754 1
6.72932 1
7.1222 1
9.77287 1
3.03878 1
4.87974 1
7.35897 1
5.19707 1
4.40969 1
0.815494 1
5.48708 1
4.53764 1
3.70938 1
5.07109 1
6.19645 1
9.55665 1
8.18994 1
6.15826 1
5.7912 1
6.02903 1
4.08179 1
6.80242 1
4.76953 1
2.44835 1
3.56113 1
5.11035 1
11.1907 1
1.89621 1
3.04331 1
1.46066 1
6.21584 1
0.71723 1
7.34852 1
3.53321 1
8.65014 1
6.41724 1
5.68503 1
4.20193 1
5.91757 1
5.14746 1
6.61286 1
1.60272 1
-4.61005 1
6.8127 1
6.81075 1
1.6433 1
3.83762 1
5.79222 1
10.4294 1
8.55723 1
4.98278 1
2.85572 1
4.53056 1
6.61766 1
4.02235 1
3.09642 1
9.85623 1
5.81609 1
5.18433 1
11.3022 1
-0.0499783 1
4.41425 1
6.55563 1
9.81943 1
6.35599 1
6.13715 1
9.60308 1
7.16338 1
2.70097 1
-0.315837 1
3.49466 1
4.35024 1
14.6772 1
2.01687 1
7.70132 1
-2.08327 1
5.20453 1
7.62401 1
3.94957 1
1.35152 1
4.87431 1
3.6564 1
6.31612 1
9.64464 1
5.69581 1
4.4436 1
7.40678 1
6.65818 1
5.42643 1
8.17567 1
6.35587 1
5.47685 1
5.20324 1
0.148049 1
0.562726 1
10.0092 1
12.8299 1
4.21997 1
4.82783 1
4.45577 1
3.73918 1
1.68673 1
6.47673 1
7.96005 1
4.10808 1
8.07501 1
11.7075 1
5.7622 1
4.72696 1
13.0705 1
6.40312 1
7.36377 1
-0.972209 1
6.28803 1
4.45165 1
11.497 1
7.75122 1
7.09243 1
9.67078 1
6.07087 1
7.47914 1
12.8979 1
6.11672 1
5.9819 1
5.13084 1
1.42152 1
1.67423 1
5.51018 1
6.79148 1
7.15113 1
4.2708 1
9.83924 1
14.3707 1
7.30668 1
12.8328 1
3.7532 1
9.7035 1
5.25425 1
-2.50606 1
5.37871 1
2.9408 1
9.58446 1
9.10693 1
5.63338 1
2.37933 1
-0.522532 1
6.5968 1
7.44817 1
1.54 1
6.33416 1
5.13434 1
4.33476 1
5.76017 1
3.10547 1
11.4043 1
3.54029 1
2.59265 1
2.67671 1
-2.50561 1
8.62204 1
5.85688 1
2.58902 1
5.10324 1
2.81422 1
4.43867 1
6.22915 1
6.3193 1
5.25868 1
8.27306 1
6.27198 1
0.547623 1
2.95395 1
5.1009 1
5.31521 1
14.3949 1
6.53794 1
4.53569 1
11.5436 1
3.61857 1
6.00538 1
6.87516 1
8.59726 1
5.3283 1
7.38207 1
5.11664 1
5.19787 1
1.20221 1
7.09074 1
6.10351 1
5.50176 1
-1.84661 1
2.2866 1
7.58055 1
3.59395 1
5.58043 1
4.73285 1
1.262 1
6.71976 1
3.35458 1
3.01971 1
6.54969 1
9.25338 1
2.86428 1
4.63618 1
3.63114 1
2.55903 1
1.23176 1
4.57605 1
4.22078 1
5.69956 1
0.945723 1
1.39287 1
9.26322 1
5.11583 1
7.53655 1
-0.123029 1
9.95925 1
9.69632 1
9.94874 1
5.38662 1
6.93241 1
5.10889 1
6.15254 1
8.08008 1
7.4209 1
3.84133 1
9.82724 1
8.04818 1
6.16425 1
6.21182 1
2.42393 1
7.45047 1
7.36052 1
-2.85152 1
3.85596 1
-0.653396 1
4.52724 1
4.23392 1
5.33604 1
4.01869 1
5.34257 1
-3.69112 1
1.27825 1
6.8647 1
4.4275 1
3.35595 1
6.54877 1
5.8581 1
10.4062 1
9.684 1
6.34336 1
8.7695 1
-0.867311 1
3.71412 1
-0.5018 1
3.17983 1
3.7587 1
5.55584 1
2.1714 1
3.59194 1
6.3637 1
5.16513 1
3.52117 1
8.89286 1
3.45831 1
10.2779 1
-4.32884 1
-0.0527413 1
6.78784 1
-1.19405 1
5.19849 1
4.2304 1
7.39815 1
0.523433 1
7.51417 1
4.72226 1
1.2393 1
5.51086 1
4.14576 1
3.77664 1
3.4664 1
7.59183 1
8.45701 1
7.44932 1
13.9004 1
-0.390625 1
10.9125 1
7.04769 1
-1.68452 1
6.44538 1
-3.4785 1
4.83702 1
4.8775 1
-3.90635 1
3.12938 1
4.57392 1
14.6695 1
5.62633 1
4.11374 1
6.43163 1
11.6668 1
3.70336 1
7.16255 1
5.46385 1
10.9411 1
3.27513 1
4.88815 1
7.65207 1
14.6724 1
-0.786114 1
9.81416 1
7.61505 1
0.0215655 1
7.00906 1
2.33975 1
2.59669 1
-0.338495 1
3.8178 1
4.59375 1
4.30222 1
0.824217 1
4.50268 1
5.25756 1
5.88417 1
10.1844 1
4.74896 1
6.52927 1
6.50117 1
2.21223 1
11.4722 1
7.08438 1
4.54965 1
4.12571 1
2.20155 1
7.06348 1
5.2697 1
7.99184 1
13.1586 1
3.13705 1
5.38535 1
5.31064 1
3.30318 1
2.65061 1
5.85172 1
4.49557 1
1.41977 1
3.23582 1
-3.29394 1
3.42483 1
10.7421 1
8.83232 1
7.11809 1
6.66994 1
3.91976 1
4.99153 1
4.93913 1
6.49923 1
2.28731 1
4.15007 1
14.1978 1
6.39954 1
7.34382 1
2.50306 1
-1.63841 1
6.93012 1
2.73169 1
11.9902 1
8.66165 1
4.42083 1
4.68995 1
2.89046 1
4.44182 1
6.40178 1
4.35561 1
2.74073 1
4.21477 1
0.56501 1
2.9291 1
8.06682 1
5.17294 1
7.40363 1
5.673 1
2.8209 1
6.06812 1
6.75196 1
3.50549 1
3.50704 1
5.99372 1
5.1784 1
5.70155 1
4.8988 1
6.04371 1
4.64568 1
4.07171 1
4.93707 1
3.79252 1
4.57683 1
8.55348 1
7.23041 1
7.84511 1
7.42577 1
10.5844 1
4.76741 1
1.10884 1
6.65789 1
2.10133 1
8.14406 1
6.28549 1
-2.0945 1
-3.72973 1
2.85786 1
5.63773 1
2.90568 1
-4.20132 1
8.30036 1
11.4276 1
2.22366 1
5.13664 1
6.75613 1
4.89335 1
6.33812 1
4.27972 1
9.53148 1
5.78153 1
-0.398856 1
5.28431 1
5.9588 1
6.94387 1
9.99605 1
2.3972 1
1.18063 1
6.66299 1
9.23568 1
2.67987 1
4.60004 1
6.7677 1
8.07459 1
3.9183 1
6.35289 1
6.12318 1
5.93366 1
8.55813 1
9.58665 1
6.63525 1
0.33241 1
3.97872 1
4.33067 1
9.06138 1
6.42906 1
4.34236 1
1.10175 1
8.07803 1
4.97015 1
5.46684 1
4.37122 1
3.86566 1
8.83111 1
2.69774 1
5.23232 1
7.23062 1
7.32627 1
8.00389 1
5.80355 1
9.3126 1
5.29385 1
3.94616 1
5.19292 1
-1.20838 1
4.94686 1
3.25374 1
5.20737 1
3.02596 1
13.5949 1
6.11099 1
7.97556 1
9.54466 1
-0.291208 1
3.07669 1
7.69021 1
8.94209 1
4.02451 1
3.72215 1
5.43489 1
4.59306 1
7.53449 1
6.96194 1
5.04626 1
-2.45492 1
9.98704 1
8.65367 1
6.6381 1
0.609766 1
5.71484 1
10.4433 1
6.98113 1
1.42485 1
8.96938 1
3.4485 1
12.7795 1
4.87533 1
2.89737 1
7.13913 1
5.67307 1
5.32223 1
4.41877 1
10.1801 1
10.1429 1
8.3718 1
3.41725 1
5.0072 1
-0.328474 1
7.32186 1
4.17852 1
2.74359 1
5.55303 1
6.5725 1
5.49513 1
3.81624 1
3.84646 1
-1.70327 1
5.39272 1
7.74548 1
4.73337 1
-3.94911 1
5.77505 1
-0.811458 1
3.15855 1
6.57705 1
11.5897 1
2.92072 1
6.2033 1
0.517982 1
8.92823 1
-2.27214 1
9.7144 1
-0.989759 1
4.20889 1
10.0402 1
5.37273 1
2.72749 1
5.22403 1
6.90492 1
4.84019 1
12.6302 1
5.52589 1
4.40423 1
-4.69559 1
3.38153 1
4.85431 1
6.30127 1
12.0948 1
10.2221 1
3.45327 1
6.09471 1
5.75612 1
4.39521 1
9.50758 1
5.25747 1
3.6223 1
5.27013 1
5.6112 1
1.72098 1
4.52418 1
11.0704 1
-2.81508 1
7.65261 1
10.5171 1
5.46399 1
2.62412 1
6.51125 1
6.17676 1
7.53043 1
2.21074 1
5.30255 1
7.64859 1
7.3445 1
2.83368 1
3.99799 1
5.53111 1
5.59114 1
5.13208 1
5.11423 1
8.75887 1
4.80597 1
2.27697 1
13.1596 1
6.62675 1
0.0476543 1
3.1761 1
5.21011 1
5.51678 1
7.93364 1
12.2448 1
2.21525 1
1.35485 1
10.6194 1
4.28505 1
5.00576 1
4.86236 1
1.13192 1
7.32097 1
5.49988 1
11.5124 1
7.08226 1
13.1773 1
5.07199 1
8.38646 1
6.94375 1
5.3694 1
1.93516 1
9.42175 1
7.59654 1
5.65007 1
4.90452 1
13.9225 1
5.9638 1
5.07642 1
5.85685 1
7.48622 1
7.3147 1
2.5658 1
9.71154 1
5.90363 1
3.80012 1
3.777 1
7.51855 1
10.4223 1
6.34922 1
0.977627 1
6.27131 1
4.26435 1
3.4046 1
3.55506 1
9.42257 1
3.54135 1
2.71845 1
7.56554 1
5.15896 1
4.55024 1
6.31506 1
13.3436 1
3.4321 1
4.94943 1
2.76454 1
6.83435 1
6.38152 1
4.47499 1
3.7779 1
10.3619 1
1.03904 1
5.85519 1
6.4971 1
9.54979 1
4.94657 1
5.0065 1
9.81436 1
5.04877 1
5.25239 1
7.56217 1
5.71139 1
6.17138 1
-2.37175 1
5.89919 1
2.59003 1
8.31609 1
6.60318 1
8.31077 1
3.83127 1
-1.96651 1
7.55014 1
7.48026 1
4.6334 1
6.5062 1
1.85294 1
6.83325 1
11.5429 1
4.39575 1
7.61074 1
4.88983 1
12.2454 1
5.74559 1
2.11703 1
2.51255 1
5.51488 1
11.4232 1
7.99829 1
6.93185 1
6.18412 1
5.68839 1
-2.66446 1
4.36696 1
3.62342 1
5.47755 1
5.59653 1
10.9249 1
6.08447 1
5.52699 1
3.9749 1
13.9102 1
6.09971 1
0.532425 1
3.43684 1
8.97023 1
3.58195 1
3.95417 1
13.5381 1
0.142886 1
6.43147 1
5.50942 1
5.0374 1
2.70751 1
-1.3683 1
8.05514 1
4.50195 1
2.63702 1
4.88692 1
6.06523 1
6.27733 1
1.60581 1
5.53797 1
7.14233 1
2.62579 1
4.64277 1
5.30808 1
5.32208 1
4.55477 1
3.56139 1
-4.74875 1
9.86945 1
5.85703 1
3.2558 1
2.4105 1
1.74198 1
7.52698 1
7.45527 1
7.21358 1
4.19431 1
4.9625 1
7.85332 1
6.74718 1
2.30922 1
12.2682 1
0.612469 1
8.68376 1
6.00129 1
6.45595 1
5.28416 1
4.52476 1
5.90005 1
8.47808 1
-0.183581 1
3.80241 1
5.73913 1
13.164 1
8.2692 1
8.86375 1
3.83697 1
7.54678 1
7.43828 1
5.16528 1
4.1009 1
5.13011 1
5.90126 1
5.37868 1
8.35162 1
9.16136 1
4.75565 1
4.37426 1
10.4568 1
2.90736 1
2.73786 1
10.5485 1
4.45416 1
6.01624 1
7.67686 1
3.73508 1
5.07456 1
6.4671 1
3.35569 1
3.77179 1
-1.28727 1
4.29654 1
4.32515 1
5.87046 1
3.67882 1
2.98077 1
4.9647 1
4.33666 1
9.17451 1
4.53866 1
9.50183 1
1.65567 1
6.44509 1
7.43655 1
5.75272 1
5.6548 1
2.61807 1
7.79406 1
1.69757 1
8.12671 1
7.20095 1
5.07627 1
5.02095 1
7.05553 1
6.98186 1
1.58565 1
7.75769 1
4.56562 1
3.35643 1
7.51537 1
10.7499 1
5.83926 1
8.74715 1
5.51673 1
5.02152 1
5.89498 1
6.68097 1
5.29644 1
9.83056 1
8.23465 1
5.93623 1
5.50585 1
4.94094 1
6.11888 1
7.43606 1
6.52346 1
6.35822 1
12.8214 1
-1.20565 1
1.76549 1
8.28373 1
5.64186 1
6.18976 1
6.91475 1
-0.282235 1
5.69353 1
4.7399 1
4.34764 1
-0.316627 1
1.87757 1
4.32744 1
5.8468 1
5.55896 1
5.03914 1
7.37755 1
4.89568 1
9.33306 1
5.1249 1
3.87229 1
4.92148 1
2.97326 1
5.16593 1
6.14004 1
7.45235 1
5.37072 1
-1.49111 1
5.32019 1
5.80188 1
6.62819 1
1.60336 1
6.54595 1
8.33443 1
0.472411 1
6.68625 1
6.34285 1
3.4689 1
7.00066 1
5.28959 1
-4.50029 1
4.1217 1
4.73343 1
5.35945 1
2.16137 1
3.34804 1
8.78054 1
2.31757 1
-1.47687 1
3.61719 1
2.09994 1
-0.147209 1
13.9831 1
4.87801 1
5.96333 1
3.7158 1
5.40155 1
5.49246 1
5.80992 1
3.89101 1
2.54654 1
2.63797 1
4.88704 1
3.22519 1
2.78778 1
2.02284 1
4.86228 1
7.69554 1
3.74376 1
4.61925 1
2.72122 1
1.82928 1
12.5996 1
1.3746 1
2.37353 1
3.82789 1
5.55985 1
8.86191 1
0.846844 1
4.90593 1
3.30106 1
4.99346 1
4.75817 1
8.69679 1
2.67759 1
2.69505 1
6.88641 1
2.20953 1
7.75823 1
2.03789 1
2.23428 1
8.32398 1
4.00434 1
9.10488 1
0.0507063 1
6.36404 1
7.68391 1
6.44038 1
9.66403 1
7.86509 1
5.94292 1
5.08608 1
5.25221 1
8.29104 1
5.3941 1
8.37817 1
2.26973 1
3.03612 1
-2.50588 1
5.17332 1
4.32967 1
2.18223 1
-1.33883 1
8.41182 1
3.01658 1
6.47899 1
6.32602 1
4.15761 1
7.70724 1
5.85335 1
8.52341 1
6.95881 1
-2.19994 1
6.5484 1
11.7403 1
4.16696 1
7.49928 1
9.2696 1
7.15285 1
5.50806 1
6.72793 1
3.87279 1
6.62665 1
5.26504 1
6.57546 1
8.01924 1
5.95673 1
5.58853 1
4.78826 1
8.275 1
8.74216 1
-1.54083 1
12.5456 1
5.68198 1
4.55634 1
10.3678 1
7.70883 1
7.8187 1
3.39027 1
4.92287 1
9.92631 1
1.95632 1
6.4351 1
-0.726566 1
10.2457 1
8.18246 1
4.63213 1
5.32344 1
9.41837 1
2.95311 1
2.26093 1
5.82915 1
7.35363 1
4.80907 1
-1.97663 1
7.95697 1
5.41581 1
6.46413 1
9.92884 1
1.61581 1
5.8331 1
10.5038 1
3.46122 1
8.98876 1
10.6215 1
5.58426 1
3.59 1
2.13423 1
5.84912 1
8.68727 1
3.18081 1
3.67874 1
9.99288 1
3.5985 1
-0.781976 1
2.86807 1
4.28889 1
3.70382 1
3.10865 1
1.22356 1
5.08874 1
6.29987 1
3.64818 1
7.00026 1
-4.48816 1
7.83578 1
7.07056 1
4.38364 1
11.0747 1
5.85561 1
14.4736 1
3.80754 1
4.0106 1
4.92134 1
6.8513 1
5.74471 1
8.43447 1
-2.3216 1
5.85483 1
-4.70928 1
7.19773 1
7.71756 1
1.3946 1
6.91919 1
4.64334 1
3.47396 1
11.8658 1
4.61171 1
4.28826 1
9.65031 1
13.7436 1
-4.1785 1
7.83358 1
1.21084 1
5.99953 1
14.5006 1
0.0463633 1
3.35839 1
7.46925 1
1.02269 1
3.71965 1
6.72172 1
4.68262 1
0.922554 1
5.05195 1
2.71714 1
9.42762 1
7.6263 1
3.24656 1
12.5452 1
9.07387 1
1.44331 1
5.16789 1
1.18746 1
-2.75343 1
0.731937 1
3.29149 1
7.02532 1
3.20775 1
7.89179 1
1.41453 1
4.32669 1
3.14279 1
10.5514 1
-2.00943 1
8.43634 1
11.4742 1
2.28354 1
5.97846 1
5.91596 1
0.596143 1
-4.24199 1
3.07441 1
5.46933 1
2.6947 1
1.09481 1
9.16758 1
3.87554 1
5.68469 1
9.81203 1
7.18333 1
5.59858 1
12.6418 1
4.24693 1
9.04091 1
3.59422 1
3.7516 1
6.20245 1
4.98798 1
2.38003 1
11.0002 1
3.89753 1
7.54242 1
5.52733 1
5.43293 1
4.9546 1
12.0792 1
5.15113 1
7.94451 1
5.87031 1
12.9887 1
6.03555 1
5.0425 1
13.1327 1
7.74476 1
3.84795 1
11.9767 1
4.28825 1
5.77659 1
3.31828 1
1.82658 1
5.82088 1
2.33713 1
6.90582 1
4.31669 1
7.62993 1
11.1088 1
5.67061 1
5.46396 1
3.84186 1
10.3175 1
9.67364 1
1.83061 1
4.87039 1
7.51328 1
4.03405 1
5.42777 1
-2.81853 1
7.02041 1
7.4308 1
-0.550149 1
7.05464 1
5.16455 1
6.01272 1
5.94029 1
6.71579 1
3.25979 1
6.63992 1
5.76304 1
5.39587 1
0.343243 1
3.218 1
4.65201 1
6.79572 1
4.70148 1
5.11987 1
6.62238 1
1.32795 1
5.80634 1
5.94245 1
8.03162 1
4.14109 1
7.68381 1
8.30217 1
6.4491 1
4.27694 1
6.12315 1
6.83078 1
11.463 1
4.41613 1
13.2004 1
5.97357 1
5.26219 1
7.9145 1
6.11069 1
5.43987 1
1.07039 1
-0.524962 1
6.49611 1
13.9344 1
5.04129 1
1.73708 1
3.02293 1
3.56999 1
6.73157 1
1.60808 1
4.15573 1
0.336436 1
0.221997 1
3.9106 1
3.41131 1
4.7434 1
4.75776 1
6.96361 1
6.29547 1
2.57285 1
6.9223 1
5.19886 1
6.62941 1
5.35491 1
-0.419384 1
5.51407 1
5.98855 1
5.19088 1
7.26795 1
4.15904 1
6.42506 1
11.0463 1
5.17151 1
0.804002 1
3.34663 1
8.04359 1
7.32602 1
-2.64616 1
8.03906 1
2.59837 1
1.77706 1
6.85215 1
3.23612 1
5.90775 1
9.42081 1
2.17743 1
3.25025 1
7.87463 1
5.98813 1
-3.82769 1
12.7015 1
7.24936 1
5.27289 1
6.17892 1
1.54713 1
9.21331 1
11.4249 1
4.68966 1
3.7951 1
4.87317 1
3.34786 1
6.33418 1
7.11586 1
4.93584 1
6.18917 1
4.2596 1
5.90272 1
5.87325 1
6.33849 1
2.69853 1
3.9144 1
13.9814 1
6.01912 1
3.90399 1
6.07555 1
7.05915 1
3.4092 1
5.73162 1
7.02269 1
5.3142 1
3.35775 1
-0.897237 1
3.74269 1
13.9563 1
3.75955 1
6.60455 1
7.28777 1
7.39186 1
3.04733 1
7.21391 1
0.604537 1
6.88615 1
5.12362 1
6.91047 1
7.05702 1
10.3713 1
6.61536 1
0.221175 1
0.0712224 1
-2.13846 1
7.7168 1
4.91454 1
4.61812 1
5.15903 1
5.90161 1
5.85586 1
6.31596 1
3.78203 1
6.96716 1
4.34398 1
8.05845 1
0.685102 1
5.41917 1
9.89575 1
-1.8452 1
6.7034 1
7.0915 1
7.66459 1
5.20321 1
2.30688 1
5.02003 1
2.26766 1
7.47723 1
13.0925 1
2.78332 1
2.62844 1
9.244 1
7.76613 1
1.50018 1
1.65896 1
-2.82277 1
0.326056 1
10.686 1
5.45698 1
4.3074 1
5.50074 1
8.65466 1
6.28975 1
4.39404 1
11.5569 1
8.6329 1
4.39071 1
6.85002 1
9.32124 1
7.17933 1
4.58751 1
1.2711 1
1.07487 1
13.0216 1
10.0926 1
4.01523 1
12.2787 1
1.48484 1
1.62342 1
6.06761 1
3.97732 1
5.1152 1
1.38156 1
12.7576 1
6.46255 1
4.69847 1
8.34722 1
6.07648 1
3.47153 1
6.32363 1
13.6374 1
4.25133 1
7.32965 1
7.73819 1
5.3014 1
7.8352 1
10.3353 1
0.716222 1
1.86072 1
-2.84296 1
5.26283 1
5.02698 1
3.67327 1
14.1748 1
9.66912 1
4.01738 1
0.456963 1
6.50519 1
-0.825563 1
3.8127 1
4.68575 1
4.15378 1
10.0186 1
5.84327 1
1.32991 1
9.68137 1
4.21283 1
5.93741 1
7.76488 1
8.62057 1
1.95118 1
-1.38538 1
5.06019 1
5.32616 1
4.87809 1
2.44142 1
4.65984 1
10.0443 1
1.86306 1
6.05808 1
5.98334 1
5.70073 1
5.85356 1
3.69348 1
-2.79332 1
4.45447 1
2.33015 1
3.54316 1
8.26493 1
8.6916 1
7.19743 1
-0.399909 1
6.20839 1
7.41143 1
3.33338 1
4.50902 1
5.857 1
2.42816 1
3.34146 1
7.44656 1
5.19276 1
4.57193 1
6.38872 1
4.54701 1
9.66796 1
-1.50936 1
1.13776 1
7.16166 1
7.36119 1
13.4619 1
3.2347 1
4.35176 1
4.99524 1
2.98926 1
3.85374 1
5.82307 1
5.90203 1
9.89174 1
5.36528 1
8.53216 1
5.87523 1
-1.65956 1
6.02039 1
0.491631 1
10.2341 1
4.11089 1
6.42053 1
10.9777 1
1.01587 1
9.97693 1
13.0766 1
4.70312 1
11.3025 1
2.33663 1
4.97391 1
6.71899 1
4.50097 1
4.33123 1
-2.236 1
6.22774 1
5.47381 1
0.899552 1
5.43731 1
5.80884 1
5.1768 1
1.49626 1
5.18064 1
0.497626 1
5.55743 1
3.07953 1
4.16369 1
-0.682941 1
10.4763 1
3.39352 1
3.88212 1
6.61378 1
2.65255 1
11.2591 1
1.66785 1
8.49318 1
1.68105 1
9.92841 1
5.54666 1
13.6464 1
8.64709 1
12.2137 1
5.07409 1
3.61487 1
0.611581 1
7.43133 1
5.17256 1
8.44578 1
3.86432 1
-2.67089 1
3.17655 1
2.80435 1
10.7985 1
3.57476 1
5.0435 1
5.35262 1
1.37038 1
12.6351 1
8.19168 1
5.23015 1
3.12464 1
6.28885 1
-4.59745 1
9.1926 1
4.51251 1
4.22065 1
6.52784 1
8.976 1
1.80649 1
4.67677 1
4.95317 1
8.77967 1
7.43213 1
11.6502 1
-1.02575 1
6.75764 1
4.38407 1
-4.04414 1
5.41604 1
5.92056 1
5.71301 1
5.01544 1
5.40695 1
4.53229 1
-2.00686 1
3.99346 1
4.08147 1
11.2414 1
5.3523 1
4.83828 1
8.6435 1
0.725442 1
5.69005 1
3.79789 1
0.0518503 1
4.2859 1
-1.27973 1
2.83915 1
11.5365 1
4.60347 1
4.76246 1
7.5853 1
6.06457 1
8.89969 1
3.10466 1
4.19171 1
2.40203 1
5.81306 1
3.1133 1
5.77207 1
4.19255 1
6.27007 1
4.97823 1
2.48265 1
6.39 1
5.68532 1
7.35422 1
3.90753 1
9.20757 1
5.91163 1
5.56654 1
5.58299 1
5.10937 1
-0.105918 1
5.62408 1
1.47483 1
12.1899 1
9.38312 1
4.20674 1
8.01781 1
4.20503 1
-1.7547 1
13.9894 1
5.44372 1
4.35135 1
11.8836 1
5.43453 1
4.86345 1
4.98802 1
7.01555 1
4.59996 1
-0.126616 1
-1.97773 1
4.83212 1
5.32841 1
9.04781 1
7.54137 1
8.14005 1
6.9277 1
5.39845 1
14.1908 1
4.76575 1
-0.0739472 1
-1.55138 1
6.77731 1
8.55251 1
5.31961 1
5.28248 1
3.60788 1
7.22709 1
5.35848 1
6.25392 1
5.68303 1
4.30839 1
6.77797 1
7.10158 1
3.94797 1
3.99733 1
1.86748 1
4.02451 1
4.98481 1
8.45919 1
-2.9006 1
7.9902 1
5.08836 1
-2.37505 1
6.45494 1
4.29698 1
4.93186 1
6.20508 1
5.08729 1
1.73691 1
8.00219 1
10.2336 1
6.63123 1
2.35593 1
1.42563 1
5.89229 1
0.503371 1
5.48995 1
5.28046 1
2.98473 1
9.98765 1
2.79742 1
7.1158 1
4.32288 1
3.45287 1
3.465 1
2.06375 1
10.5065 1
6.22851 1
7.63071 1
1.51953 1
6.54251 1
8.11659 1
-3.6398 1
2.08652 1
12.6328 1
3.13127 1
6.42647 1
5.51748 1
4.32872 1
2.37699 1
5.84892 1
4.06489 1
0.952945 1
3.56849 1
6.01333 1
-2.47273 1
5.66969 1
4.27004 1
8.64964 1
5.99163 1
4.60234 1
0.101676 1
6.24889 1
5.82135 1
-3.59936 1
6.9013 1
13.6355 1
7.1887 1
5.05769 1
8.00827 1
5.30746 1
5.94162 1
2.75509 1
3.98632 1
11.2888 1
6.2563 1
4.25636 1
0.720567 1
3.83685 1
7.61352 1
2.51822 1
4.71211 1
8.33764 1
4.67973 1
4.40661 1
5.55977 1
8.41849 1
4.53673 1
3.65661 1
5.79181 1
3.15461 1
0.544486 1
5.87352 1
2.40727 1
5.21145 1
4.43368 1
14.8396 1
5.19097 1
0.855997 1
7.41855 1
3.70254 1
7.21215 1
3.05464 1
9.45949 1
6.83655 1
3.47448 1
8.62641 1
1.81464 1
1.51332 1
4.52314 1
5.27349 1
3.872 1
3.58388 1
-4.28084 1
6.07443 1
7.48353 1
5.24737 1
-0.972517 1
4.8448 1
7.42881 1
4.85018 1
-4.77382 1
2.2706 1
3.52662 1
-1.12473 1
7.25742 1
-0.11863 1
4.03917 1
10.6411 1
4.88629 1
0.661079 1
13.0207 1
4.14497 1
9.66824 1
7.37788 1
4.46433 1
11.37 1
2.84684 1
2.56847 1
4.91011 1
3.0639 1
5.28705 1
6.42224 1
7.30777 1
-3.47661 1
2.38255 1
2.57769 1
4.36203 1
5.25983 1
6.92712 1
-1.66512 1
6.89453 1
1.47751 1
6.4956 1
4.82659 1
8.86681 1
1.7097 1
4.47231 1
3.9586 1
13.8793 1
5.49912 1
4.96685 1
2.08382 1
6.0318 1
3.33327 1
6.34236 1
6.18652 1
3.78407 1
5.86814 1
12.8462 1
6.26699 1
-3.66407 1
3.48439 1
2.30959 1
7.99231 1
2.92279 1
6.88726 1
5.51837 1
6.29727 1
11.2282 1
12.9693 1
1.06759 1
6.41578 1
10.4424 1
4.01995 1
5.78182 1
3.66912 1
6.54466 1
4.57304 1
7.44089 1
5.88257 1
4.75742 1
6.28045 1
4.84859 1
6.72734 1
3.88522 1
2.91597 1
2.0186 1
1.59704 1
9.4892 1
5.98223 1
9.21952 1
5.52583 1
7.52272 1
1.00918 1
6.63532 1
7.0292 1
3.88007 1
8.97434 1
6.80436 1
-1.57527 1
14.8141 1
4.74463 1
8.93801 1
4.38416 1
1.87073 1
11.7247 1
8.32435 1
5.66568 1
6.8192 1
7.78456 1
7.18 1
4.01803 1
5.37412 1
4.18066 1
9.46547 1
6.84451 1
6.47264 1
6.56642 1
4.43326 1
5.21929 1
2.60188 1
-0.762033 1
12.1795 1
6.36105 1
4.12648 1
8.31899 1
0.500641 1
3.7877 1
3.04363 1
0.245351 1
5.30909 1
5.19016 1
11.2055 1
5.1186 1
4.11592 1
5.75965 1
4.94092 1
3.65975 1
5.88333 1
2.92476 1
4.96935 1
8.63318 1
7.5633 1
4.95094 1
7.5413 1
1.65101 1
1.8606 1
-2.22249 1
2.89303 1
6.92807 1
13.2706 1
8.65179 1
-2.15267 1
0.785991 1
5.54872 1
1.2598 1
4.75447 1
7.89903 1
6.04699 1
5.71403 1
7.28891 1
5.44445 1
5.41677 1
3.68683 1
1.93631 1
6.48677 1
11.4506 1
-4.09444 1
2.16927 1
4.15417 1
2.89587 1
6.47708 1
4.02495 1
7.15425 1
10.4324 1
4.79432 1
6.91171 1
9.78125 1
6.63709 1
-0.264901 1
2.94785 1
13.6574 1
5.47453 1
4.46939 1
1.53304 1
9.28679 1
3.95655 1
4.91611 1
2.54732 1
5.85969 1
9.00892 1
-1.59357 1
6.31919 1
7.60762 1
3.91168 1
-2.30249 1
5.05444 1
5.07779 1
9.5912 1
1.84867 1
6.82467 1
12.298 1
6.49535 1
5.87785 1
4.77045 1
10.8779 1
4.20489 1
6.60496 1
6.97223 1
3.74868 1
4.32271 1
4.82684 1
4.28426 1
9.5616 1
5.26384 1
10.4593 1
7.15045 1
5.68918 1
10.0285 1
5.49856 1
6.14622 1
5.65395 1
5.99091 1
5.82051 1
8.64561 1
7.44071 1
3.84705 1
3.92621 1
5.80422 1
5.20462 1
7.10955 1
9.70605 1
5.00402 1
6.39752 1
6.25134 1
2.67743 1
8.30488 1
12.7821 1
-1.83565 1
3.81489 1
4.22373 1
9.11707 1
6.3326 1
3.09616 1
5.13996 1
5.16734 1
5.06973 1
2.40392 1
0.361868 1
4.07362 1
5.21125 1
7.72636 1
-1.76096 1
4.06701 1
-0.433006 1
3.13462 1
3.11929 1
6.64672 1
5.29229 1
10.7464 1
6.17471 1
5.47191 1
4.58404 1
0.974052 1
5.15805 1
3.91091 1
5.66181 1
1.98429 1
7.95981 1
13.3342 1
3.10701 1
4.71257 1
-3.06724 1
8.21896 1
8.96417 1
7.85383 1
6.12554 1
6.71703 1
7.7627 1
13.446 1
3.2497 1
13.1342 1
11.544 1
7.9402 1
8.42453 1
-2.5244 1
-4.72577 1
10.2819 1
4.8224 1
3.68454 1
5.48012 1
-0.356684 1
0.176217 1
5.53037 1
0.646968 1
6.05296 1
6.19138 1
6.44192 1
4.51685 1
2.71043 1
4.33569 1
1.86417 1
1.80988 1
5.66738 1
2.74662 1
6.56007 1
2.52332 1
10.9771 1
2.58477 1
5.63475 1
13.8591 1
6.9619 1
7.96846 1
3.37022 1
3.64043 1
0.248588 1
-0.108426 1
12.1892 1
6.15352 1
4.9436 1
5.46324 1
9.28122 1
5.68519 1
4.10224 1
9.43269 1
5.32029 1
4.96391 1
6.47543 1
6.02126 1
8.39447 1
5.09972 1
1.22686 1
13.6773 1
7.15197 1
8.2983 1
4.25002 1
11.7833 1
9.68268 1
4.07491 1
2.12346 1
7.83893 1
-0.61024 1
10.3846 1
10.0984 1
8.9514 1
3.68258 1
4.47173 1
5.95331 1
3.7493 1
10.2828 1
7.15485 1
6.7797 1
5.50851 1
3.39226 1
4.98927 1
1.50483 1
7.3101 1
3.30773 1
5.06655 1
8.20659 1
2.94727 1
2.85274 1
9.30976 1
-2.81315 1
3.88831 1
7.84011 1
13.8484 1
8.75267 1
2.81716 1
13.6451 1
4.60229 1
4.90023 1
8.19422 1
2.78069 1
2.79619 1
6.06769 1
4.7747 1
3.44223 1
0.660294 1
-0.0567684 1
5.84843 1
4.58934 1
10.8055 1
6.59052 1
5.05082 1
1.75956 1
6.35028 1
5.31143 1
5.87427 1
6.08124 1
2.65748 1
1.07079 1
11.6414 1
5.36021 1
6.03542 1
5.39941 1
8.26281 1
3.10853 1
2.86334 1
5.59909 1
5.07699 1
3.58803 1
11.9972 1
4.90598 1
5.56387 1
12.392 1
3.56883 1
10.482 1
3.78884 1
2.49567 1
4.50584 1
-2.75618 1
6.07299 1
8.71967 1
4.16029 1
3.50273 1
4.53469 1
-2.80436 1
1.96853 1
9.17464 1
5.19192 1
3.18866 1
4.31884 1
-1.24511 1
1.16741 1
6.42419 1
0.339942 1
3.83405 1
7.88813 1
8.0131 1
3.4491 1
3.69168 1
3.29874 1
3.86888 1
12.3733 1
3.10229 1
4.90125 1
11.0172 1
4.42834 1
8.80914 1
7.46256 1
6.42313 1
5.30489 1
1.66296 1
8.38313 1
-1.80298 1
4.55006 1
12.7078 1
10.2946 1
-0.25888 1
4.92375 1
8.5077 1
1.465 1
7.30799 1
4.89423 1
-0.867261 1
6.07173 1
5.5988 1
4.91552 1
10.1276 1
-1.31676 1
7.66602 1
5.95588 1
4.25185 1
5.35015 1
11.1101 1
4.06814 1
1.64419 1
14.646 1
5.6984 1
7.68949 1
6.56163 1
3.77922 1
2.54477 1
5.3151 1
-4.30585 1
7.67137 1
1.06487 1
1.69294 1
11.2938 1
0.588829 1
2.8655 1
6.94457 1
1.35847 1
3.86061 1
7.61227 1
6.24582 1
4.60407 1
3.6707 1
10.4038 1
4.05706 1
2.66491 1
7.10595 1
3.72466 1
-3.04197 1
4.38691 1
0.729857 1
2.85765 1
6.01847 1
5.30869 1
5.3184 1
3.56335 1
5.0646 1
0.808847 1
5.65546 1
9.26188 1
6.10928 1
6.39917 1
7.00409 1
4.52627 1
6.75361 1
6.17971 1
7.78573 1
8.60871 1
5.2634 1
8.71456 1
7.54298 1
5.64111 1
12.9424 1
12.1025 1
5.29796 1
7.29989 1
7.93221 1
5.08813 1
-0.165555 1
2.92931 1
5.39087 1
5.65228 1
4.41287 1
11.2715 1
5.34599 1
12.5603 1
5.89802 1
-0.27022 1
6.8351 1
2.72979 1
6.93148 1
2.54311 1
6.39481 1
5.48921 1
6.84401 1
8.21801 1
7.0024 1
5.93881 1
-0.829672 1
2.55269 1
10.4674 1
2.703 1
3.21106 1
5.10308 1
5.63009 1
5.86783 1
1.08547 1
-2.2819 1
3.90971 1
6.13801 1
1.44271 1
5.62032 1
2.82172 1
3.22488 1
3.28134 1
8.50746 1
9.87348 1
6.84882 1
4.90065 1
6.4366 1
0.144878 1
9.98783 1
4.24327 1
5.53092 1
6.03559 1
5.12871 1
1.50677 1
0.7438 1
7.81147 1
4.26139 1
-0.450906 1
4.90753 1
6.10555 1
3.38365 1
5.47851 1
4.77131 1
6.97823 1
3.73791 1
4.98917 1
9.0337 1
12.5699 1
9.80284 1
4.05842 1
3.84148 1
4.685 1
3.33437 1
4.69143 1
-0.183089 1
6.62952 1
2.67208 1
4.87727 1
8.84666 1
11.2215 1
5.85689 1
-0.598603 1
0.382133 1
6.7392 1
3.11501 1
8.88308 1
4.3987 1
2.77063 1
11.7331 1
9.53891 1
3.85434 1
7.71015 1
5.38214 1
2.59008 1
12.3045 1
4.97572 1
8.99223 1
1.33819 1
1.022 1
-3.3417 1
5.75804 1
4.8095 1
8.07739 1
7.36428 1
7.86869 1
5.87018 1
7.12627 1
3.83118 1
1.00356 1
14.1175 1
6.3031 1
5.41059 1
6.02698 1
6.05054 1
10.9979 1
6.20804 1
6.08816 1
8.73711 1
12.2568 1
2.25549 1
0.538111 1
6.52775 1
7.37718 1
6.12225 1
8.29227 1
3.82397 1
-3.57241 1
1.49496 1
7.64211 1
-0.458266 1
8.12172 1
6.95616 1
8.78194 1
3.31283 1
4.29135 1
4.19059 1
3.81682 1
-4.67986 1
4.53601 1
12.9252 1
8.78974 1
6.938 1
4.41469 1
1.54695 1
3.44529 1
6.90166 1
6.23287 1
11.9357 1
8.4512 1
-0.775499 1
8.79291 1
2.9448 1
5.16304 1
11.3683 1
2.01201 1
5.60988 1
13.6491 1
-0.698027 1
4.1005 1
5.99166 1
6.36405 1
6.46106 1
4.09332 1
5.76386 1
-2.286 1
3.48837 1
3.08967 1
-0.0476945 1
4.24618 1
5.29 1
8.1276 1
6.17757 1
8.79917 1
3.14677 1
3.27158 1
5.80549 1
9.25978 1
8.70896 1
5.55072 1
3.41911 1
2.24588 1
5.87427 1
7.19602 1
3.27237 1
3.48324 1
6.38425 1
4.56445 1
4.39737 1
11.4897 1
6.31718 1
4.23183 1
3.27943 1
3.49055 1
6.08688 1
4.74719 1
4.94912 1
6.1633 1
5.24511 1
4.34377 1
3.47717 1
2.77625 1
5.04194 1
5.30305 1
13.4637 1
6.50539 1
6.18936 1
5.79812 1
4.12064 1
3.05711 1
7.3413 1
4.9499 1
4.35437 1
3.22871 1
9.54692 1
7.61178 1
5.46606 1
1.82206 1
6.30978 1
12.7853 1
7.74415 1
5.39957 1
4.86246 1
5.83035 1
4.34651 1
5.45646 1
6.99546 1
3.73248 1
7.24208 1
4.99776 1
4.77315 1
7.83452 1
6.91515 1
5.8529 1
7.09208 1
7.5705 1
3.85315 1
4.48389 1
5.98939 1
5.79424 1
4.845 1
3.07233 1
11.0037 1
5.56022 1
3.16437 1
4.75502 1
6.94942 1
0.395784 1
7.42334 1
3.7113 1
0.536841 1
5.29159 1
9.18112 1
4.17712 1
5.69619 1
3.33484 1
6.35908 1
-3.43376 1
6.96542 1
7.64934 1
-3.61188 1
1.06514 1
7.41938 1
6.4134 1
5.81949 1
6.18735 1
4.82094 1
7.2352 1
7.61743 1
4.48901 1
4.74986 1
3.60797 1
6.03849 1
5.25691 1
6.39372 1
0.641727 1
9.41304 1
4.50094 1
3.54464 1
3.04386 1
4.29319 1
4.98855 1
6.12405 1
6.1779 1
13.2275 1
3.7098 1
7.12876 1
5.29525 1
6.27945 1
7.7274 1
2.90335 1
-1.23817 1
5.62269 1
3.38617 1
4.6286 1
-0.111723 1
2.09924 1
5.92208 1
4.72111 1
4.22174 1
6.18615 1
3.90586 1
10.3054 1
6.71486 1
6.57568 1
4.07419 1
7.14645 1
13.8538 1
-0.288165 1
5.78738 1
9.63953 1
12.06 1
3.49928 1
4.52823 1
3.24203 1
8.85877 1
7.16047 1
8.03564 1
9.92744 1
5.19198 1
6.90559 1
4.98895 1
8.89343 1
2.24949 1
4.70713 1
1.64416 1
4.76155 1
7.18813 1
6.49603 1
5.41566 1
3.27783 1
2.42943 1
4.89897 1
7.08349 1
6.98369 1
6.07783 1
3.39952 1
6.42311 1
8.65093 1
5.43165 1
7.35822 1
5.16052 1
6.19534 1
2.00219 1
9.86203 1
-4.0201 1
6.20109 1
4.24192 1
7.34002 1
4.40203 1
6.21296 1
5.34196 1
3.98548 1
3.41208 1
4.81213 1
6.16374 1
10.0279 1
5.88477 1
1.62111 1
1.6427 1
5.29491 1
9.54916 1
6.82806 1
0.79861 1
4.56916 1
3.26692 1
5.49874 1
6.02007 1
7.05941 1
6.13993 1
4.79451 1
6.35184 1
12.3366 1
3.80264 1
2.85579 1
9.77321 1
6.28893 1
6.96645 1
5.98254 1
3.74178 1
3.88989 1
9.9875 1
4.57747 1
0.63559 1
8.66076 1
-3.58356 1
12.2127 1
7.49285 1
9.26233 1
5.30727 1
8.49434 1
6.66048 1
5.11663 1
2.90063 1
4.25194 1
8.45443 1
4.96187 1
3.40312 1
4.3556 1
4.46297 1
-1.30106 1
7.65315 1
11.5416 1
6.88748 1
8.98721 1
3.97396 1
1.92424 1
4.79015 1
0.490626 1
4.28317 1
-0.645374 1
4.92418 1
3.87662 1
6.99478 1
11.835 1
0.0943076 1
8.87811 1
6.27343 1
5.21212 1
4.60826 1
7.23024 1
2.946 1
4.29915 1
7.59679 1
12.0868 1
-0.2079 1
5.81931 1
9.12501 1
7.72468 1
7.91058 1
3.13058 1
3.08727 1
3.1773 1
7.33398 1
8.09849 1
2.95361 1
-2.4682 1
2.02653 1
2.37632 1
3.7075 1
5.74062 1
5.82274 1
4.29074 1
2.74699 1
6.0683 1
9.93316 1
6.55278 1
6.35608 1
4.279 1
3.91314 1
10.1208 1
9.4747 1
6.13739 1
2.05605 1
2.22504 1
6.33957 1
6.8096 1
1.46587 1
5.64366 1
6.10264 1
11.6276 1
8.17859 1
4.89623 1
9.95513 1
4.30749 1
11.5359 1
3.1978 1
10.8538 1
4.22192 1
6.79495 1
6.54144 1
4.85084 1
10.5159 1
4.79131 1
5.22383 1
3.85946 1
5.72328 1
2.13588 1
4.18604 1
10.7725 1
0.1672 1
2.23992 1
8.99542 1
1.66927 1
7.34123 1
1.89511 1
6.34779 1
3.35783 1
3.65122 1
4.58055 1
11.4862 1
-0.724065 1
5.56185 1
6.95524 1
9.50035 1
0.559169 1
9.72063 1
7.61126 1
4.61455 1
1.95001 1
3.12552 1
6.32187 1
2.65704 1
4.50335 1
5.00671 1
1.62966 1
6.16677 1
13.3603 1
-2.86558 1
4.90827 1
0.097856 1
9.33464 1
-0.135595 1
2.34595 1
3.92929 1
0.646441 1
5.8196 1
5.72401 1
6.81832 1
5.05917 1
1.37672 1
5.24354 1
13.9842 1
7.56506 1
6.99598 1
1.53145 1
4.8465 1
-4.09348 1
12.339 1
5.61283 1
-4.09732 1
3.14003 1
-2.57274 1
3.1967 1
8.13058 1
5.4991 1
3.7086 1
5.229 1
6.14993 1
12.5732 1
8.37103 1
7.91642 1
5.88114 1
5.74942 1
2.84979 1
5.67234 1
6.68725 1
5.80882 1
3.76766 1
-0.0676925 1
4.62193 1
8.16395 1
7.26903 1
6.08232 1
11.8691 1
3.9342 1
12.0049 1
2.45344 1
7.61167 1
5.10629 1
1.12443 1
7.08333 1
12.3402 1
5.83161 1
4.9414 1
4.81776 1
2.6939 1
12.7644 1
10.4659 1
3.22555 1
5.70406 1
7.56994 1
2.40596 1
8.1853 1
3.70233 1
4.92733 1
4.30169 1
7.42764 1
3.56698 1
5.80137 1
3.2684 1
5.50809 1
2.73093 1
4.27547 1
4.20698 1
6.65241 1
-1.21357 1
4.96298 1
5.18028 1
5.39606 1
10.9056 1
8.98034 1
8.38149 1
5.93062 1
7.76167 1
6.00318 1
8.47169 1
12.0116 1
14.2353 1
2.38884 1
2.79096 1
-0.159287 1
7.82168 1
0.684339 1
5.81839 1
8.21486 1
4.47422 1
6.4313 1
4.20482 1
4.72902 1
5.50051 1
6.83546 1
4.37637 1
6.15634 1
6.99913 1
1.1335 1
5.45414 1
-0.652972 1
12.8796 1
-0.651406 1
-4.24567 1
6.85823 1
4.65443 1
3.21229 1
4.83142 1
7.96711 1
5.63861 1
4.23391 1
2.49396 1
4.38596 1
0.428508 1
5.49866 1
4.6019 1
3.29189 1
7.80469 1
6.68838 1
7.22237 1
13.3754 1
8.29294 1
1.72772 1
6.87857 1
2.73985 1
9.13572 1
2.36065 1
3.35449 1
12.3529 1
5.37075 1
3.17853 1
4.92295 1
8.48065 1
2.72857 1
9.42145 1
7.67667 1
7.77709 1
0.894284 1
8.63887 1
5.56819 1
6.17871 1
7.94764 1
5.00073 1
5.22963 1
2.66666 1
5.96913 1
3.71637 1
-1.95873 1
2.3709 1
4.1557 1
2.0314 1
4.99019 1
2.50076 1
5.46572 1
4.25493 1
6.02094 1
7.54093 1
6.25305 1
4.09107 1
3.13886 1
6.94402 1
2.23561 1
6.07548 1
12.9675 1
2.71891 1
8.13179 1
-2.70902 1
7.73284 1
7.53439 1
6.07113 1
3.33289 1
5.69915 1
5.99385 1
3.46653 1
8.72917 1
7.31139 1
6.96633 1
6.34133 1
4.63156 1
7.21024 1
8.79391 1
5.8532 1
1.52507 1
4.70416 1
8.85455 1
7.34029 1
6 1
-3.46807 1
9.0525 1
5.18208 1
4.92022 1
1.42843 1
9.73163 1
5.51846 1
5.08496 1
6.49214 1
-0.0920824 1
-1.68561 1
4.92379 1
5.50258 1
5.05848 1
5.76068 1
-0.812322 1
-0.366879 1
-0.0160325 1
-0.252007 1
8.9626 1
5.93601 1
14.5864 1
6.09965 1
8.56256 1
8.2014 1
9.81094 1
7.61034 1
9.19536 1
4.78131 1
4.95034 1
7.51526 1
7.91856 1
8.07562 1
3.7171 1
5.77007 1
4.56011 1
6.5606 1
4.82452 1
10.6938 1
4.44106 1
3.29007 1
4.51149 1
6.29076 1
4.22332 1
4.02294 1
3.25202 1
0.953081 1
-4.69951 1
12.2012 1
5.41217 1
-0.307728 1
10.8475 1
-3.61552 1
0.449104 1
3.38062 1
4.23897 1
6.88277 1
4.54908 1
11.0742 1
9.87815 1
3.22233 1
6.41985 1
4.89901 1
7.05193 1
5.07286 1
5.89952 1
8.85031 1
3.49972 1
2.97675 1
-1.3387 1
6.7093 1
6.43194 1
6.5613 1
3.73076 1
8.33482 1
1.42798 1
5.67258 1
1.21085 1
5.44023 1
5.51871 1
-4.7742 1
4.52649 1
-3.50717 1
-1.6021 1
5.73374 1
4.53661 1
4.34978 1
-2.55579 1
2.12989 1
5.46993 1
10.2531 1
4.167 1
6.85288 1
0.49382 1
6.61013 1
7.15678 1
-0.530191 1
5.34465 1
-1.2344 1
5.01132 1
0.486568 1
1.9154 1
5.41385 1
5.1431 1
-1.35008 1
3.72835 1
8.11213 1
4.8818 1
5.12683 1
1.61531 1
4.93224 1
8.25082 1
4.14817 1
6.08529 1
6.62015 1
4.74157 1
-3.26904 1
4.42287 1
6.01579 1
6.8864 1
4.91322 1
4.43035 1
6.89112 1
1.98146 1
2.69079 1
9.82455 1
3.7182 1
8.11527 1
7.60891 1
5.14522 1
8.2454 1
1.79593 1
13.493 1
7.45982 1
5.09993 1
5.49476 1
1.41024 1
4.23536 1
5.00563 1
5.06813 1
4.37197 1
7.3397 1
4.39038 1
2.17894 1
7.46508 1
0.7275 1
12.3766 1
7.80514 1
1.25359 1
3.86752 1
8.17195 1
-0.626885 1
-2.86252 1
1.07478 1
9.48481 1
14.1525 1
5.62952 1
7.28362 1
5.49065 1
7.11942 1
4.93542 1
4.4102 1
4.69761 1
6.70068 1
8.20883 1
3.43157 1
1.63588 1
10.8612 1
4.83378 1
5.22936 1
7.56745 1
7.1972 1
6.63202 1
6.20215 1
10.713 1
1.04487 1
8.03815 1
8.74386 1
2.69778 1
4.94981 1
5.80846 1
2.80479 1
2.26962 1
1.9969 1
6.37442 1
8.86983 1
0.619374 1
4.49858 1
4.05302 1
3.96911 1
8.54798 1
4.9136 1
4.22678 1
5.08897 1
10.425 1
2.38313 1
3.04924 1
11.6436 1
9.74742 1
12.7221 1
5.2995 1
4.02326 1
4.37473 1
7.70169 1
9.03757 1
1.72773 1
5.02053 1
5.30777 1
5.71399 1
-4.00991 1
6.07478 1
3.4186 1
0.952607 1
-3.87523 1
13.3141 1
2.57771 1
9.07903 1
5.64559 1
7.75931 1
9.92689 1
5.28616 1
2.98364 1
6.46321 1
11.7287 1
10.3901 1
4.58804 1
8.63036 1
-0.923669 1
7.07435 1
8.83565 1
9.93363 1
8.02195 1
4.377 1
9.07234 1
7.32444 1
0.533422 1
-4.77398 1
5.35458 1
5.16273 1
8.18633 1
5.07062 1
-0.306136 1
6.80371 1
3.56543 1
2.04354 1
6.8176 1
7.96783 1
10.4537 1
5.21571 1
4.62567 1
-2.50862 1
7.68875 1
7.97687 1
1.66094 1
4.15155 1
5.60241 1
6.59728 1
5.69031 1
8.81087 1
5.68393 1
8.62786 1
2.54414 1
1.8783 1
4.75199 1
3.12628 1
3.5085 1
7.25133 1
12.6368 1
5.07727 1
3.97964 1
8.32435 1
5.03403 1
10.3835 1
4.80623 1
5.60617 1
5.9084 1
7.39679 1
1.35674 1
3.92202 1
7.76881 1
0.528429 1
1.95684 1
4.98496 1
4.0171 1
6.6137 1
4.48563 1
8.18876 1
3.54769 1
13.086 1
4.38689 1
7.74688 1
1.90594 1
2.36821 1
7.28088 1
6.48003 1
4.38808 1
-1.11812 1
5.3409 1
8.14696 1
8.63344 1
2.608 1
-0.794458 1
6.02778 1
7.08526 1
7.4257 1
-1.10248 1
0.822985 1
2.47753 1
6.46929 1
9.6894 1
6.88495 1
6.36208 1
0.732104 1
8.03772 1
8.76261 1
3.19698 1
3.51618 1
4.98941 1
10.488 1
5.13955 1
12.6616 1
3.90494 1
8.08613 1
8.10422 1
-4.73414 1
0.881172 1
3.30537 1
6.99482 1
1.24261 1
13.0574 1
5.62961 1
7.04441 1
-0.109668 1
5.65851 1
3.16982 1
3.38571 1
1.15375 1
4.46433 1
7.73252 1
10.6479 1
2.96824 1
7.67898 1
3.99238 1
5.40404 1
4.63917 1
-4.77632 1
4.82833 1
3.95468 1
7.7816 1
4.89611 1
3.9685 1
6.86982 1
8.05256 1
-1.42599 1
7.78853 1
7.58771 1
6.36071 1
5.65653 1
10.6702 1
6.31863 1
5.08748 1
1.78278 1
8.93065 1
4.8175 1
0.820088 1
7.15366 1
-4.73002 1
5.69671 1
9.65128 1
3.2228 1
4.09102 1
10.0575 1
-0.327205 1
5.46855 1
0.407403 1
4.77917 1
3.81266 1
0.841553 1
1.34537 1
4.45398 1
5.98566 1
2.07621 1
7.32667 1
0.965377 1
7.19935 1
8.92976 1
6.6899 1
7.30092 1
7.61145 1
2.30517 1
7.11495 1
5.70398 1
8.03812 1
10.5956 1
2.11442 1
8.34005 1
-1.78923 1
13.3879 1
5.61923 1
10.499 1
8.29461 1
8.75195 1
8.38907 1
4.73078 1
5.0959 1
0.891762 1
7.10275 1
12.149 1
3.54723 1
6.9675 1
4.52458 1
8.43954 1
1.54549 1
1.94299 1
7.02174 1
3.45874 1
5.82945 1
5.69928 1
4.35895 1
4.7423 1
1.06085 1
5.8331 1
6.28383 1
4.18547 1
12.2274 1
10.9721 1
5.28337 1
3.36753 1
2.79236 1
2.62619 1
5.44172 1
7.25251 1
7.70362 1
3.88019 1
3.15907 1
8.06008 1
0.688692 1
4.00751 1
-2.1754 1
11.6097 1
10.9884 1
5.36395 1
0.437037 1
6.91201 1
9.02354 1
4.2718 1
0.334512 1
4.8453 1
5.234 1
9.053 1
4.54837 1
4.23127 1
2.75867 1
-1.12571 1
3.54476 1
4.79693 1
3.25442 1
2.71942 1
1.29722 1
-0.0185171 1
4.36518 1
6.16343 1
6.55228 1
5.24953 1
5.86701 1
5.86074 1
1.78183 1
2.53644 1
2.81705 1
10.8678 1
3.28402 1
6.46481 1
3.94831 1
8.76678 1
4.3392 1
5.29919 1
2.67568 1
4.3336 1
8.34941 1
5.52731 1
9.43835 1
-1.71758 1
2.04379 1
11.0023 1
6.35135 1
14.0533 1
3.36659 1
1.23457 1
1.97312 1
3.26782 1
8.53264 1
5.06568 1
4.86858 1
7.34788 1
6.07053 1
12.552 1
-0.396631 1
3.69849 1
3.75511 1
8.25973 1
0.951766 1
13.4553 1
4.83903 1
6.6881 1
5.10786 1
7.94219 1
5.48913 1
5.70889 1
6.0127 1
14.4401 1
14.3244 1
-0.0889334 1
11.8667 1
6.84707 1
5.8183 1
5.27464 1
7.3041 1
-0.250295 1
3.08364 1
6.67293 1
6.2135 1
4.83765 1
4.68935 1
7.46805 1
5.16444 1
3.85215 1
7.97184 1
3.50759 1
0.850682 1
5.07401 1
7.57637 1
1.38938 1
4.67607 1
5.82028 1
5.65191 1
5.75898 1
1.65841 1
2.90391 1
4.65509 1
13.9583 1
7.318 1
3.99595 1
5.06376 1
-2.28231 1
10.8808 1
12.5307 1
6.40227 1
4.83861 1
3.93218 1
5.80658 1
0.807423 1
2.68082 1
3.44227 1
8.98337 1
2.11464 1
5.49357 1
6.60312 1
-3.1721 1
5.91194 1
13.8518 1
3.86316 1
4.66644 1
5.82467 1
6.17118 1
6.204 1
7.97046 1
3.62014 1
5.36354 1
5.79594 1
7.75114 1
4.62873 1
4.45436 1
2.82253 1
6.27988 1
1.67168 1
12.0659 1
2.7112 1
6.58789 1
3.63432 1
4.08442 1
2.82289 1
9.2974 1
5.28449 1
4.47855 1
5.22506 1
3.80016 1
2.18327 1
8.8347 1
0.577315 1
6.62907 1
0.635202 1
5.44878 1
2.50676 1
6.31477 1
5.82116 1
8.93852 1
11.0032 1
-2.66883 1
4.08993 1
2.85157 1
5.25591 1
3.12427 1
1.66772 1
5.04498 1
5.32157 1
5.1989 1
8.11329 1
5.05672 1
3.4293 1
4.05772 1
4.41272 1
7.09684 1
-2.87736 1
4.44018 1
2.15546 1
2.46639 1
3.86743 1
7.61312 1
6.40679 1
5.39981 1
5.42647 1
5.52443 1
6.26954 1
-3.13711 1
7.44969 1
8.033 1
4.65084 1
5.36093 1
7.3129 1
1.97146 1
-4.30501 1
5.56436 1
7.67915 1
9.36106 1
4.64832 1
0.57045 1
6.37479 1
6.13686 1
6.75122 1
4.16654 1
7.36301 1
6.27411 1
9.2054 1
4.00426 1
10.119 1
5.76064 1
3.89287 1
4.86776 1
4.02859 1
1.85527 1
4.71825 1
3.37763 1
-0.277987 1
7.18778 1
14.7323 1
4.04895 1
7.5144 1
5.75006 1
8.61262 1
3.6858 1
3.51573 1
9.84981 1
1.36531 1
8.7326 1
-0.989256 1
2.70741 1
7.99692 1
10.4228 1
5.05021 1
4.62686 1
6.74736 1
6.49397 1
1.86007 1
9.32871 1
7.57837 1
5.47339 1
10.1321 1
4.21313 1
6.4267 1
5.59138 1
14.6277 1
1.54837 1
2.79696 1
0.95126 1
6.56649 1
7.05206 1
1.07957 1
1.10369 1
7.19038 1
5.85601 1
7.23755 1
-1.31513 1
-0.111278 1
4.32694 1
5.7161 1
9.23418 1
6.14214 1
8.88566 1
6.81489 1
7.20565 1
5.13734 1
7.37156 1
5.67451 1
4.94774 1
7.01753 1
4.50389 1
8.61093 1
6.39604 1
5.32145 1
1.24122 1
4.34289 1
3.13649 1
6.88526 1
2.56475 1
4.411 1
4.92411 1
6.52101 1
9.23294 1
0.585626 1
4.22151 1
7.68724 1
4.11697 1
8.10139 1
5.50389 1
2.82501 1
4.11651 1
2.98616 1
4.40261 1
6.48835 1
9.59555 1
6.49761 1
3.85218 1
2.41822 1
4.12827 1
5.03554 1
8.37721 1
14.7032 1
0.941773 1
10.0423 1
9.45489 1
10.3229 1
6.69259 1
10.1236 1
9.35213 1
5.23406 1
-0.675187 1
4.22725 1
4.06247 1
-1.71209 1
10.9948 1
4.2362 1
-1.77502 1
4.00952 1
0.776764 1
7.20244 1
4.35445 1
10.9415 1
6.88364 1
4.44464 1
5.86973 1
3.6447 1
1.61243 1
4.03128 1
6.06492 1
4.26117 1
0.0114455 1
8.04535 1
5.34186 1
6.08318 1
9.34792 1
4.13396 1
0.381938 1
5.16499 1
2.77837 1
7.58841 1
6.61269 1
7.82182 1
9.36294 1
2.67007 1
5.75907 1
6.63652 1
3.09254 1
3.87208 1
5.45915 1
10.6649 1
4.24633 1
13.0957 1
-0.446203 1
9.43621 1
6.64616 1
7.28512 1
8.18904 1
9.96453 1
-2.53731 1
6.11251 1
-2.4994 1
9.60947 1
4.34976 1
5.52371 1
7.54032 1
7.50345 1
6.43098 1
4.52858 1
5.86634 1
3.86434 1
-0.750359 1
-1.18635 1
9.4715 1
5.67659 1
1.52887 1
4.28799 1
-2.41576 1
9.75234 1
3.02506 1
4.14505 1
3.9452 1
6.46383 1
9.08859 1
1.65086 1
7.15025 1
12.4824 1
5.84783 1
6.99891 1
6.14894 1
0.856537 1
11.8955 1
1.75507 1
12.8973 1
5.52412 1
7.80016 1
3.44073 1
9.23509 1
9.88542 1
4.229 1
4.62433 1
6.25047 1
2.71644 1
5.12845 1
2.79768 1
4.03612 1
3.3401 1
6.05905 1
5.69319 1
3.93009 1
8.20598 1
-4.461 1
5.48886 1
6.33009 1
5.11425 1
3.10799 1
4.26514 1
3.72002 1
0.589359 1
3.96769 1
6.06274 1
10.7546 1
0.212037 1
3.59872 1
-0.152622 1
4.28947 1
5.25164 1
-1.89249 1
2.84371 1
3.06353 1
3.56402 1
4.25698 1
7.60806 1
3.22621 1
7.46958 1
5.79783 1
2.16428 1
-4.52746 1
6.36171 1
11.3562 1
3.18952 1
0.961866 1
6.33449 1
4.02485 1
6.14278 1
3.11827 1
3.85007 1
10.4673 1
4.82414 1
6.84567 1
2.91578 1
5.46284 1
2.78928 1
4.44012 1
6.80406 1
6.23845 1
9.7912 1
14.7243 1
5.38249 1
-4.14745 1
8.24449 1
1.66531 1
2.99124 1
1.68745 1
7.29749 1
3.68019 1
8.15789 1
-3.02763 1
5.1647 1
4.7681 1
0.974445 1
6.91568 1
0.420929 1
5.7722 1
5.18173 1
4.42053 1
7.75545 1
5.55426 1
3.79446 1
11.1944 1
4.58139 1
3.31818 1
4.52562 1
3.288 1
-3.92028 1
5.24308 1
7.30164 1
4.74964 1
4.89617 1
6.01133 1
8.38577 1
-2.68457 1
1.76996 1
12.5546 1
6.58464 1
4.66241 1
4.68106 1
7.30269 1
10.8602 1
4.66163 1
7.52484 1
6.28207 1
9.59766 1
5.29024 1
5.29549 1
4.64609 1
2.22852 1
6.92277 1
3.40105 1
-4.01436 1
-3.51611 1
10.9128 1
3.21775 1
3.91907 1
11.8004 1
3.73838 1
-1.57188 1
2.71349 1
3.17144 1
2.0448 1
7.29804 1
4.91563 1
5.63736 1
0.737982 1
4.27163 1
1.67872 1
5.03954 1
4.67582 1
3.46482 1
3.75907 1
4.45507 1
2.06479 1
14.6194 1
4.12753 1
6.03122 1
6.80448 1
-1.60311 1
11.4532 1
4.35607 1
4.89769 1
5.06161 1
4.98679 1
5.65437 1
4.83474 1
5.32284 1
9.526 1
7.79939 1
5.66578 1
3.43234 1
9.4005 1
2.56031 1
11.93 1
2.87134 1
5.54358 1
10.6641 1
4.15094 1
5.56534 1
8.53948 1
6.21169 1
7.22006 1
4.90362 1
7.20503 1
1.02776 1
6.88014 1
4.71203 1
3.94402 1
12.9411 1
5.39467 1
5.11994 1
9.00247 1
8.69545 1
2.11175 1
12.619 1
2.39174 1
3.04219 1
5.5793 1
7.65968 1
0.896977 1
4.6353 1
6.70326 1
1.83123 1
5.48904 1
9.54478 1
3.6008 1
6.57573 1
8.81529 1
-1.78196 1
5.9199 1
6.41362 1
5.75921 1
6.03689 1
6.44593 1
4.24492 1
5.68718 1
4.22383 1
0.28388 1
4.20295 1
2.02908 1
7.89094 1
6.2005 1
4.86763 1
8.07456 1
3.19456 1
4.48987 1
-2.4449 1
2.69444 1
8.52343 1
5.01794 1
7.30471 1
2.64891 1
7.3144 1
7.34776 1
4.54771 1
7.65078 1
12.445 1
5.99434 1
3.16648 1
4.69995 1
1.13875 1
3.6338 1
5.3318 1
4.55701 1
6.93237 1
6.6396 1
0.209092 1
8.21517 1
5.07562 1
4.81182 1
7.25109 1
3.642 1
6.91102 1
10.8549 1
-1.31682 1
8.32422 1
4.63677 1
6.85963 1
3.74667 1
-1.99269 1
6.58061 1
6.77906 1
0.833617 1
5.45129 1
-0.475569 1
7.22529 1
7.98287 1
3.93376 1
6.74895 1
4.33836 1
3.92971 1
-0.617956 1
13.158 1
5.39309 1
9.30431 1
5.98756 1
0.835985 1
4.95162 1
5.19034 1
5.62061 1
4.90205 1
4.30196 1
2.72631 1
9.8855 1
5.61512 1
12.2103 1
4.15167 1
-1.3795 1
0.0810337 1
4.51464 1
4.57913 1
2.79058 1
3.85913 1
11.733 1
0.874462 1
5.48624 1
4.97519 1
8.07791 1
2.47206 1
11.6487 1
2.87936 1
9.85727 1
4.17403 1
4.73478 1
7.00763 1
5.4746 1
6.47285 1
6.5143 1
-2.56428 1
3.3282 1
10.8245 1
7.22673 1
-0.66588 1
4.30012 1
12.4363 1
4.5787 1
4.95861 1
4.53284 1
5.05259 1
1.11246 1
3.36562 1
7.25014 1
2.53477 1
7.40513 1
6.53889 1
2.96598 1
5.93032 1
6.32288 1
2.3538 1
4.52463 1
2.01976 1
0.391817 1
-0.0292995 1
6.38252 1
11.4 1
0.206102 1
7.8259 1
9.61042 1
2.41953 1
8.44618 1
7.61297 1
4.31481 1
7.52692 1
8.06975 1
4.23773 1
4.09176 1
6.56917 1
3.08609 1
7.00191 1
-0.872998 1
-4.28845 1
-0.185283 1
4.8927 1
8.25464 1
5.03136 1
4.68023 1
6.18795 1
3.11053 1
7.79212 1
5.11634 1
-2.51258 1
-1.45085 1
5.61268 1
7.48479 1
0.993672 1
7.00984 1
-4.50091 1
2.41295 1
7.23179 1
4.34191 1
4.26751 1
5.34658 1
4.08442 1
3.06052 1
-0.157609 1
6.9925 1
6.22841 1
-3.14186 1
6.34594 1
7.40542 1
10.7336 1
6.72065 1
2.7374 1
5.59296 1
5.43022 1
3.88611 1
12.2555 1
-3.13383 1
2.75929 1
5.52024 1
4.82302 1
6.48251 1
2.44741 1
4.71229 1
9.66037 1
13.5247 1
8.60913 1
3.5774 1
6.36141 1
5.38359 1
4.41206 1
6.39779 1
4.36081 1
2.94138 1
5.75414 1
-0.977385 1
5.49197 1
3.40055 1
1.67091 1
11.2374 1
3.47733 1
5.93655 1
6.69139 1
5.51498 1
4.72461 1
-0.954388 1
-0.465312 1
5.59986 1
8.77842 1
7.0974 1
-1.32732 1
4.29225 1
5.08046 1
5.34133 1
6.48145 1
3.88009 1
5.37165 1
10.4108 1
6.61153 1
3.74552 1
3.70106 1
-0.584677 1
3.75316 1
9.90737 1
6.30552 1
7.33027 1
7.88668 1
5.59213 1
5.69328 1
6.86764 1
-3.91558 1
1.52014 1
10.635 1
7.53091 1
1.84563 1
0.741143 1
1.87349 1
4.75423 1
6.24875 1
3.99324 1
9.64027 1
6.72274 1
7.46789 1
5.64499 1
4.69119 1
5.06299 1
14.6771 1
8.96914 1
6.32415 1
4.48118 1
6.01035 1
-0.958791 1
8.60925 1
6.05683 1
2.48816 1
2.87126 1
5.36029 1
7.24888 1
5.84756 1
8.55888 1
2.91894 1
3.70053 1
2.37611 1
7.80622 1
7.5575 1
7.68769 1
8.29377 1
5.21584 1
5.29541 1
5.43935 1
7.50728 1
3.67028 1
6.62939 1
-1.68013 1
6.09221 1
10.9247 1
1.81594 1
5.40319 1
5.85311 1
10.8141 1
1.08635 1
6.06591 1
-3.72982 1
9.84702 1
2.24858 1
5.75899 1
4.85547 1
5.68018 1
1.59054 1
7.29314 1
7.00857 1
4.02425 1
7.86804 1
0.758352 1
3.9336 1
1.75939 1
5.35263 1
-1.36433 1
5.73905 1
-1.23325 1
6.71731 1
3.00906 1
9.62795 1
6.15871 1
9.86709 1
4.65416 1
2.2741 1
5.96128 1
5.5277 1
4.31419 1
7.56126 1
5.02573 1
5.61917 1
10.6165 1
5.06953 1
5.77714 1
8.16037 1
1.64506 1
0.840819 1
2.96818 1
3.39287 1
4.23051 1
5.90632 1
1.45599 1
5.5951 1
6.69757 1
5.23494 1
1.42099 1
5.98986 1
7.8687 1
10.1825 1
-0.768653 1
2.35457 1
8.72807 1
-0.278123 1
11.1582 1
3.89305 1
-0.174947 1
-4.64397 1
4.9286 1
4.07292 1
5.43309 1
9.64332 1
-0.022988 1
4.66573 1
6.13938 1
3.48021 1
4.66396 1
7.03137 1
11.7048 1
6.06171 1
7.66989 1
8.12688 1
5.36194 1
3.79028 1
3.82743 1
4.633 1
-3.72565 1
6.45374 1
9.74837 1
7.07517 1
1.77362 1
5.01286 1
6.25665 1
6.63352 1
7.17846 1
-4.53698 1
0.61948 1
5.13621 1
7.17245 1
5.31798 1
5.42261 1
5.87069 1
7.82334 1
8.04615 1
3.12708 1
3.95169 1
1.77524 1
2.97627 1
3.00527 1
9.10389 1
7.7659 1
8.22438 1
3.73597 1
3.94336 1
7.97525 1
7.72955 1
7.78784 1
4.52873 1
10.0974 1
5.16861 1
5.16338 1
4.44077 1
6.72937 1
-0.503699 1
8.60791 1
6.94874 1
4.70444 1
4.43119 1
4.32639 1
7.06805 1
2.16019 1
7.69027 1
4.22756 1
9.97055 1
13.0158 1
-1.79928 1
8.18128 1
4.15339 1
6.29046 1
5.57114 1
5.92872 1
5.7075 1
5.63147 1
1.49444 1
8.75264 1
-3.70798 1
12.4912 1
6.9464 1
6.95573 1
5.91937 1
3.67422 1
0.740071 1
5.75928 1
5.1639 1
5.36363 1
2.77906 1
4.51904 1
4.71327 1
6.77158 1
4.5414 1
3.03976 1
3.08608 1
6.2154 1
-2.3225 1
4.96682 1
4.36961 1
6.27348 1
-2.38577 1
0.722629 1
7.46168 1
6.01093 1
4.5457 1
5.30356 1
0.185673 1
5.35808 1
8.7276 1
3.9135 1
0.729591 1
0.325935 1
2.47175 1
3.782 1
5.0992 1
2.57225 1
4.59467 1
3.16781 1
5.54762 1
8.64147 1
6.39023 1
3.49479 1
10.0374 1
0.674398 1
7.46053 1
6.17481 1
4.46959 1
1.92873 1
12.059 1
5.16949 1
6.50026 1
8.16295 1
9.09071 1
5.41939 1
2.2547 1
5.13622 1
5.30203 1
5.05269 1
1.35614 1
5.74387 1
3.12864 1
3.20543 1
5.61441 1
4.74375 1
4.49979 1
5.31142 1
0.745847 1
3.56491 1
8.36043 1
5.82827 1
5.03323 1
5.75183 1
-4.58733 1
5.63293 1
5.85211 1
6.98783 1
13.0746 1
0.575036 1
5.2077 1
4.71611 1
5.4361 1
4.51084 1
5.50346 1
1.90114 1
5.43946 1
14.3981 1
3.50304 1
4.271 1
4.79534 1
13.4609 1
11.524 1
8.45207 1
5.65034 1
2.2082 1
-0.113364 1
4.46374 1
8.29964 1
5.0182 1
4.51784 1
2.29474 1
-3.27526 1
10.2352 1
5.61841 1
8.49018 1
5.80136 1
6.59417 1
6.63813 1
7.01776 1
8.18399 1
6.41748 1
3.02387 1
4.12565 1
2.41757 1
1.67194 1
2.59155 1
4.60403 1
10.1033 1
5.52553 1
10.9719 1
2.61263 1
3.8652 1
8.71191 1
4.65842 1
2.18282 1
12.8344 1
4.51216 1
4.67055 1
13.4249 1
3.98508 1
6.8144 1
-4.60852 1
9.50374 1
8.04459 1
8.75629 1
4.46072 1
6.47787 1
-0.152815 1
8.63833 1
6.54125 1
5.71876 1
5.72658 1
0.58596 1
5.77782 1
3.58851 1
7.78555 1
7.9614 1
4.77286 1
14.0795 1
3.06445 1
4.90726 1
5.70711 1
4.42968 1
2.47826 1
7.82373 1
10.2573 1
6.58622 1
-0.334095 1
5.1432 1
6.37939 1
5.97535 1
7.18939 1
3.31249 1
4.32549 1
3.84381 1
5.91287 1
8.90182 1
10.322 1
5.16848 1
3.14702 1
6.71618 1
5.78145 1
8.0303 1
8.456 1
14.3198 1
-2.43141 1
4.68312 1
2.89289 1
4.52743 1
5.18003 1
4.88663 1
4.15194 1
1.81949 1
3.38973 1
2.76374 1
7.21461 1
-1.14755 1
7.32585 1
8.87359 1
9.16442 1
5.91725 1
7.63151 1
6.69073 1
6.33628 1
-4.35177 1
6.56627 1
6.88641 1
2.34971 1
7.77462 1
5.55827 1
7.35082 1
0.511076 1
6.61841 1
4.18604 1
13.9554 1
4.73944 1
1.43903 1
7.85186 1
5.56788 1
5.98579 1
5.11152 1
9.37835 1
5.8358 1
1.55016 1
12.9224 1
5.23286 1
4.85961 1
7.62511 1
7.40084 1
6.52235 1
6.87828 1
3.8319 1
10.7805 1
11.78 1
4.16958 1
-1.75136 1
7.04979 1
7.17933 1
-3.59386 1
2.14932 1
0.177718 1
5.79984 1
7.24054 1
1.66678 1
9.38029 1
-0.429039 1
3.31708 1
6.48142 1
9.22203 1
5.90391 1
4.28404 1
9.23407 1
2.79252 1
3.0899 1
8.22334 1
8.71458 1
6.04562 1
5.65363 1
-0.184178 1
-1.26358 1
9.71745 1
3.55915 1
5.92998 1
6.70706 1
8.37106 1
7.04702 1
6.44334 1
3.86901 1
11.9273 1
6.51434 1
8.9047 1
4.5877 1
4.19384 1
4.16886 1
2.60448 1
4.7707 1
6.61064 1
4.67738 1
6.21637 1
6.11251 1
4.32182 1
7.61954 1
-0.710435 1
4.36205 1
10.5715 1
11.5545 1
-4.83369 1
7.15845 1
6.15566 1
3.59394 1
4.2304 1
9.3409 1
6.97947 1
3.40569 1
4.98472 1
1.85131 1
1.06929 1
8.87449 1
6.25263 1
3.96223 1
7.45869 1
4.66065 1
5.53255 1
8.30487 1
5.87426 1
4.53205 1
4.25938 1
4.38808 1
3.43722 1
8.91291 1
9.19638 1
5.03904 1
1.56565 1
4.85352 1
7.72426 1
11.8995 1
3.36231 1
7.69576 1
3.11639 1
3.72081 1
7.01751 1
0.29732 1
2.32362 1
-1.89037 1
6.26008 1
7.61433 1
6.43841 1
3.05852 1
6.49068 1
6.61948 1
5.98084 1
3.27262 1
8.20022 1
6.73282 1
6.94324 1
5.18233 1
6.86251 1
6.84945 1
6.91046 1
4.9808 1
-0.653349 1
6.18089 1
7.12954 1
7.00307 1
5.56385 1
-0.865738 1
2.298 1
4.06685 1
11.3878 1
8.22141 1
0.697622 1
5.82585 1
4.18867 1
5.09716 1
8.10987 1
3.34668 1
10.2907 1
6.75572 1
4.2898 1
4.7341 1
1.1321 1
7.80021 1
4.62606 1
2.74525 1
5.06106 1
-1.40592 1
6.1061 1
1.85811 1
2.88781 1
3.08017 1
3.41673 1
6.75503 1
3.90135 1
8.34666 1
4.62 1
3.91764 1
9.1041 1
5.1831 1
2.26041 1
7.06634 1
7.02732 1
12.2894 1
10.572 1
4.51392 1
6.92366 1
0.0234113 1
8.59711 1
-0.206608 1
8.61656 1
4.05737 1
6.21939 1
4.88572 1
9.13032 1
6.04185 1
1.48596 1
6.89504 1
2.91435 1
0.795069 1
7.81425 1
1.77336 1
6.53705 1
4.89448 1
5.54319 1
6.4729 1
5.87964 1
14.643 1
1.7832 1
11.0748 1
1.65407 1
4.68366 1
-4.30336 1
2.54041 1
4.71721 1
4.60346 1
4.71656 1
4.81232 1
-2.0692 1
7.53204 1
3.10527 1
5.03062 1
4.46193 1
3.87148 1
4.67312 1
