5.31685 1
6.09419 1
13.3366 1
-0.485733 1
2.60546 1
2.23454 1
4.63897 1
5.32011 1
7.06393 1
4.7962 1
-0.409245 1
7.47599 1
5.64048 1
9.5854 1
4.7256 1
3.23934 1
7.08859 1
4.94221 1
3.01614 1
4.54314 1
9.55403 1
6.67524 1
9.06945 1
7.06082 1
5.95251 1
7.39879 1
6.07341 1
7.20972 1
5.28829 1
0.399464 1
1.94004 1
0.998024 1
3.98113 1
13.5791 1
11.5356 1
7.76376 1
7.23979 1
5.00173 1
6.21343 1
9.43247 1
1.17495 1
2.75093 1
7.54236 1
8.44955 1
6.10211 1
6.54533 1
5.46333 1
14.2998 1
1.5902 1
-0.135456 1
6.96423 1
-4.64 1
5.28872 1
7.33385 1
1.08167 1
6.18945 1
7.6897 1
13.7652 1
10.4652 1
5.92011 1
8.09106 1
6.12628 1
5.85821 1
7.28048 1
3.23363 1
12.1285 1
-2.43609 1
2.85128 1
7.96685 1
3.57125 1
7.77939 1
6.97954 1
3.21094 1
6.61573 1
6.68988 1
3.8954 1
5.20541 1
3.94822 1
0.758686 1
2.97399 1
2.21454 1
-0.772918 1
2.48498 1
8.27872 1
6.2502 1
5.36826 1
-3.48065 1
1.30194 1
7.29246 1
9.20375 1
2.61339 1
8.6829 1
4.9448 1
1.37922 1
7.80833 1
7.15122 1
4.29296 1
3.16911 1
5.37203 1
6.79505 1
2.90696 1
5.59513 1
5.41556 1
4.87786 1
10.9064 1
10.4545 1
6.79345 1
4.89795 1
6.71318 1
-0.108849 1
6.80551 1
5.89397 1
7.17321 1
4.78661 1
8.69908 1
6.75343 1
-2.81776 1
4.60898 1
7.62025 1
3.98188 1
5.02422 1
6.22718 1
5.16079 1
-2.06352 1
0.00136975 1
-2.11942 1
3.96305 1
3.11935 1
7.70794 1
7.4516 1
4.09597 1
5.39332 1
4.53532 1
8.80354 1
8.09485 1
4.27002 1
0.584309 1
6.757 1
2.04676 1
7.12999 1
7.1187 1
2.70421 1
5.79554 1
5.66781 1
6.22044 1
0.992696 1
3.89697 1
9.00303 1
4.79212 1
3.61705 1
5.24066 1
4.16947 1
4.26145 1
14.2578 1
0.15655 1
-1.4887 1
8.64704 1
3.76515 1
2.59516 1
1.52283 1
8.23001 1
9.39763 1
4.54465 1
4.14502 1
6.31996 1
3.50219 1
4.93998 1
4.14005 1
-2.11416 1
-0.00275276 1
0.458497 1
1.90646 1
6.52663 1
-1.49415 1
6.97907 1
11.2493 1
6.52393 1
5.83366 1
6.64306 1
7.51243 1
11.2005 1
1.62092 1
3.54778 1
4.88157 1
4.45775 1
3.42132 1
4.30007 1
6.58142 1
8.33841 1
11.0486 1
7.69874 1
5.91876 1
-2.33462 1
5.667 1
7.02954 1
4.93461 1
7.24901 1
12.3039 1
4.78828 1
7.19301 1
14.4861 1
5.64684 1
5.80697 1
5.55531 1
6.46614 1
3.33139 1
4.7141 1
0.200085 1
3.75599 1
-4.17673 1
4.58495 1
11.679 1
0.76301 1
4.04375 1
13.2981 1
12.3025 1
8.47998 1
-2.63658 1
7.06495 1
4.07524 1
7.18107 1
5.68999 1
4.77938 1
6.00278 1
6.7269 1
7.07799 1
8.91244 1
-0.208871 1
-0.0744496 1
7.50936 1
3.29498 1
7.76759 1
4.17911 1
4.4118 1
7.58045 1
6.63797 1
4.28247 1
5.08407 1
-2.4469 1
2.97185 1
4.1632 1
0.40974 1
6.8639 1
5.24929 1
6.07565 1
7.15439 1
6.43227 1
3.37958 1
0.682502 1
9.40465 1
10.7499 1
14.7739 1
7.29676 1
3.10296 1
5.08628 1
7.89275 1
4.3964 1
6.6104 1
6.42653 1
3.24934 1
9.67569 1
2.19064 1
6.09553 1
8.4237 1
-0.30902 1
1.34802 1
14.264 1
2.97502 1
1.9455 1
5.63957 1
-1.38494 1
1.7797 1
4.79772 1
6.47915 1
6.02811 1
9.88005 1
6.65876 1
6.00976 1
3.16306 1
7.66056 1
4.06484 1
5.8754 1
-1.95538 1
2.27805 1
2.90101 1
5.64053 1
6.59341 1
5.62326 1
4.82281 1
2.18428 1
5.17995 1
-4.3506 1
-4.5802 1
4.00604 1
8.28776 1
8.33504 1
3.32799 1
6.4966 1
5.5452 1
-2.31028 1
13.9316 1
2.22889 1
5.03179 1
5.6362 1
4.70205 1
4.48193 1
9.4975 1
-0.199807 1
5.11313 1
6.84946 1
6.52928 1
5.17341 1
12.9512 1
-1.27187 1
8.60722 1
8.42218 1
5.58849 1
7.29962 1
6.71255 1
2.88914 1
4.45766 1
2.89114 1
14.3696 1
7.21489 1
4.88507 1
3.73207 1
13.9921 1
6.18779 1
2.52993 1
5.52161 1
6.38183 1
6.94505 1
4.83574 1
0.935281 1
5.13931 1
5.40976 1
4.64446 1
2.98303 1
4.45583 1
4.53196 1
7.17196 1
0.454554 1
5.05202 1
12.4343 1
1.7541 1
4.71123 1
5.31954 1
6.20989 1
5.7742 1
5.99398 1
6.3191 1
6.32305 1
4.23254 1
6.80854 1
9.99246 1
7.35761 1
2.23968 1
3.89795 1
5.47413 1
3.26602 1
3.26108 1
3.21205 1
6.21924 1
-0.468451 1
5.76664 1
0.14902 1
5.91038 1
9.01288 1
8.35836 1
8.12346 1
3.96231 1
3.20998 1
5.60443 1
5.22652 1
6.68969 1
4.09122 1
4.94135 1
7.5669 1
6.4582 1
9.45046 1
5.08514 1
5.1273 1
0.777851 1
6.8898 1
-0.809166 1
1.54555 1
-0.737904 1
6.11025 1
6.01567 1
5.19065 1
7.95311 1
5.53725 1
-2.65368 1
-0.483178 1
4.05525 1
4.61172 1
2.70524 1
4.59274 1
6.23017 1
6.27339 1
6.46194 1
4.54818 1
5.59932 1
11.538 1
2.67312 1
11.1907 1
7.68537 1
-1.09038 1
5.79489 1
4.35816 1
6.81784 1
3.4719 1
4.48275 1
5.60846 1
2.72988 1
0.073291 1
4.60663 1
4.45125 1
4.8983 1
3.64845 1
5.34121 1
0.138881 1
4.49348 1
7.73603 1
10.1715 1
4.78825 1
7.9582 1
2.92051 1
7.41091 1
3.40476 1
11.1311 1
5.16373 1
6.24028 1
6.81905 1
6.32074 1
3.08835 1
1.78794 1
5.28623 1
4.84732 1
5.10698 1
5.33098 1
11.9004 1
2.85005 1
7.99552 1
3.36648 1
7.86894 1
4.07217 1
6.8894 1
6.35628 1
6.38291 1
6.66801 1
3.99427 1
6.2651 1
5.55728 1
6.13979 1
-3.30929 1
5.71633 1
1.39914 1
6.94966 1
4.59203 1
1.735 1
5.64956 1
10.6059 1
9.04873 1
2.70908 1
-2.31277 1
6.15901 1
5.23661 1
4.02219 1
-3.6602 1
5.92442 1
9.52463 1
5.14948 1
5.66587 1
6.28413 1
5.75524 1
5.82192 1
5.19015 1
6.65418 1
6.0765 1
3.55034 1
6.60747 1
2.81124 1
6.34835 1
6.47103 1
6.24561 1
4.99225 1
14.3569 1
1.81494 1
8.38143 1
1.40899 1
6.89585 1
4.0561 1
6.92857 1
4.84318 1
5.94379 1
3.82029 1
5.78582 1
6.04622 1
7.34767 1
7.1779 1
6.80876 1
1.63264 1
7.5423 1
8.54372 1
5.14243 1
5.33013 1
5.71003 1
8.8455 1
8.76147 1
-0.108799 1
4.24798 1
5.20396 1
7.42699 1
14.8518 1
8.0115 1
7.28108 1
4.13071 1
5.63967 1
-0.841153 1
5.45494 1
6.5694 1
14.3315 1
6.66911 1
8.53131 1
4.90622 1
-3.6038 1
5.73076 1
-3.68409 1
10.5507 1
11.1696 1
5.42868 1
12.6203 1
3.43071 1
4.27018 1
5.05952 1
5.91865 1
7.77366 1
13.1859 1
5.98415 1
1.15606 1
1.65715 1
7.21577 1
5.40264 1
7.1414 1
4.81245 1
-0.652255 1
2.29238 1
4.51143 1
2.62687 1
14.1997 1
5.68285 1
3.83491 1
2.02535 1
7.23099 1
7.30136 1
2.14672 1
5.08252 1
0.962659 1
7.18424 1
0.476191 1
2.94872 1
1.1802 1
8.88941 1
4.02776 1
8.42664 1
4.88237 1
8.42655 1
1.12243 1
6.15543 1
6.84625 1
8.96426 1
2.23565 1
1.08142 1
6.7392 1
9.77716 1
6.79954 1
8.00897 1
-3.35997 1
5.05683 1
4.39634 1
2.81885 1
2.99499 1
4.91548 1
6.12176 1
5.66281 1
5.43599 1
4.35544 1
8.61658 1
10.9805 1
4.61462 1
2.71871 1
6.6496 1
4.38104 1
3.9393 1
6.84348 1
5.40801 1
6.97605 1
4.73977 1
7.34085 1
6.26472 1
0.0125828 1
2.99414 1
9.46479 1
4.31225 1
-0.657299 1
7.25555 1
-1.46739 1
12.7462 1
4.87394 1
5.98371 1
6.15098 1
2.60195 1
4.36711 1
6.9422 1
5.99854 1
5.80011 1
7.72608 1
6.8205 1
-4.50472 1
8.81482 1
10.4585 1
6.00764 1
5.51337 1
5.77191 1
4.65354 1
6.50395 1
2.05941 1
2.71454 1
4.20653 1
3.55308 1
-3.39561 1
9.09746 1
5.10951 1
8.18423 1
9.9059 1
5.49915 1
7.97946 1
6.88741 1
12.9755 1
6.26392 1
9.87423 1
5.06883 1
6.55041 1
4.80818 1
7.82133 1
1.33478 1
-0.992106 1
8.65947 1
12.293 1
4.53882 1
7.53206 1
4.41079 1
4.37142 1
7.31227 1
2.8975 1
7.75471 1
4.75152 1
10.9575 1
2.71886 1
8.15778 1
5.15298 1
8.90308 1
6.07119 1
7.17243 1
2.01466 1
5.95328 1
6.20174 1
3.03462 1
6.94092 1
5.98661 1
4.83386 1
7.33393 1
6.33865 1
3.7963 1
5.40758 1
6.76033 1
7.93238 1
5.18813 1
11.6417 1
2.55727 1
6.79946 1
9.69876 1
7.55192 1
4.47395 1
8.61253 1
3.45424 1
4.12359 1
5.4999 1
11.5199 1
3.07787 1
9.00447 1
7.08575 1
6.31044 1
4.17448 1
7.33659 1
4.09693 1
1.62296 1
-3.71567 1
11.2282 1
5.20514 1
2.14832 1
5.72593 1
0.648735 1
7.37519 1
-0.549161 1
6.41323 1
8.74639 1
3.9885 1
3.8975 1
12.4175 1
5.60674 1
-0.331696 1
2.80734 1
5.29391 1
7.0854 1
2.95801 1
6.85885 1
6.09801 1
3.51455 1
5.37454 1
5.09972 1
-1.25018 1
7.77492 1
4.60447 1
0.472973 1
7.249 1
8.26813 1
1.58353 1
6.86304 1
6.43744 1
5.45616 1
7.64147 1
5.15645 1
3.08333 1
2.45645 1
3.11054 1
4.13153 1
6.19619 1
3.09254 1
9.08968 1
8.62054 1
3.83066 1
4.91332 1
6.03124 1
3.77531 1
2.70018 1
9.49875 1
4.0498 1
12.4907 1
4.96155 1
5.624 1
0.211183 1
5.24117 1
6.53926 1
3.92876 1
7.28048 1
4.86089 1
4.76431 1
2.06324 1
3.70769 1
7.49138 1
2.36226 1
5.31433 1
2.74 1
6.7622 1
2.6647 1
7.1212 1
4.24634 1
3.24537 1
3.19157 1
5.61134 1
9.18715 1
6.0421 1
2.84788 1
0.521526 1
13.1883 1
4.35051 1
5.12356 1
1.39422 1
-0.341623 1
7.33762 1
4.8729 1
1.04578 1
5.27144 1
4.09121 1
12.0598 1
3.07075 1
-0.797335 1
4.22488 1
1.81698 1
7.53876 1
6.19902 1
3.40618 1
9.74299 1
4.84998 1
5.84759 1
4.74353 1
-0.0244543 1
6.92851 1
3.16407 1
-4.64033 1
9.03966 1
5.47906 1
6.32574 1
3.00095 1
3.82247 1
7.87463 1
1.48209 1
10.9672 1
4.59182 1
9.84604 1
5.56551 1
5.07517 1
6.71107 1
6.35767 1
5.50602 1
4.82894 1
0.863701 1
5.15063 1
8.05152 1
8.15218 1
-0.395327 1
9.27363 1
-1.58077 1
4.80805 1
3.30573 1
2.87617 1
6.02809 1
-1.30339 1
6.21143 1
7.45367 1
6.47883 1
7.11908 1
4.63438 1
3.60535 1
4.58294 1
6.53327 1
4.01379 1
6.85742 1
8.3196 1
6.31631 1
-1.4703 1
9.12103 1
6.83863 1
7.86112 1
12.6286 1
-3.08009 1
3.39523 1
5.64801 1
14.2374 1
3.39311 1
4.99589 1
3.57474 1
5.0642 1
8.25603 1
9.10342 1
14.2676 1
0.909927 1
4.57335 1
1.58898 1
4.19908 1
-0.548312 1
1.33199 1
0.146838 1
6.40196 1
5.64911 1
8.92393 1
3.34276 1
8.01382 1
2.29835 1
6.72511 1
4.60156 1
4.43268 1
5.488 1
2.06811 1
3.71425 1
3.87556 1
3.37343 1
4.82435 1
8.108 1
2.06223 1
7.35836 1
1.51751 1
4.6993 1
9.84231 1
4.71744 1
4.38226 1
11.9193 1
5.29055 1
5.49878 1
4.3013 1
3.43162 1
1.84852 1
2.98512 1
8.59966 1
3.89659 1
4.18718 1
3.69728 1
6.70502 1
5.18595 1
1.96245 1
-2.45459 1
12.5207 1
8.29274 1
5.02922 1
-3.48926 1
6.92108 1
7.88757 1
10.8882 1
1.15591 1
4.29175 1
2.56044 1
12.6402 1
5.63157 1
4.37924 1
6.4031 1
4.88889 1
1.51148 1
4.77778 1
6.70027 1
7.90529 1
5.38891 1
5.3437 1
-4.44761 1
5.27453 1
3.95376 1
4.86029 1
0.842812 1
5.42957 1
5.83976 1
4.68618 1
5.4056 1
0.302954 1
14.0429 1
4.74581 1
7.72058 1
5.55113 1
5.63035 1
4.0568 1
-3.34959 1
6.4514 1
4.00911 1
4.08327 1
8.01387 1
4.2105 1
4.39608 1
5.23366 1
8.9854 1
8.67372 1
5.81583 1
6.04596 1
6.00219 1
5.85073 1
5.53301 1
5.95 1
9.0911 1
-4.60818 1
8.16283 1
3.25705 1
4.93793 1
6.4165 1
6.18477 1
5.17639 1
5.43309 1
5.62215 1
11.033 1
4.69385 1
5.82778 1
-3.39459 1
4.12417 1
10.5752 1
2.16481 1
2.30762 1
9.09158 1
-1.72566 1
9.45169 1
3.96762 1
0.215101 1
5.5444 1
-0.792874 1
7.6407 1
12.3397 1
8.29811 1
4.17252 1
6.31225 1
10.4097 1
4.6031 1
4.71643 1
13.7779 1
5.60692 1
2.53649 1
9.00345 1
6.46099 1
5.1492 1
6.47703 1
3.49914 1
5.83722 1
3.79873 1
8.97108 1
6.12966 1
4.1863 1
5.40753 1
3.18542 1
1.45961 1
2.58876 1
4.53345 1
7.12697 1
9.09565 1
5.46645 1
6.72047 1
3.54653 1
8.80925 1
1.66358 1
9.15439 1
3.01768 1
2.70929 1
-3.07466 1
0.285589 1
4.88608 1
6.10223 1
3.5662 1
12.0267 1
3.55627 1
3.9802 1
1.96213 1
1.48622 1
3.67356 1
4.48754 1
13.2282 1
3.88291 1
1.03114 1
6.21534 1
12.4928 1
7.31279 1
4.2528 1
2.15878 1
9.54207 1
-2.81393 1
2.4993 1
1.45563 1
2.69029 1
5.90925 1
3.824 1
4.48895 1
4.7076 1
5.6805 1
4.16354 1
2.36282 1
5.85124 1
4.54256 1
1.62402 1
6.26548 1
5.94283 1
4.83588 1
6.25417 1
7.87152 1
-1.42098 1
7.61211 1
5.03178 1
9.66785 1
6.18966 1
8.60888 1
6.90002 1
10.9766 1
3.91258 1
3.88015 1
5.98711 1
9.03452 1
8.0309 1
4.90505 1
5.40678 1
3.27868 1
8.24866 1
2.49873 1
5.0862 1
7.95517 1
4.239 1
5.28999 1
4.0997 1
11.3696 1
3.72952 1
4.44206 1
7.22536 1
6.7727 1
10.4594 1
3.40029 1
5.14226 1
1.32014 1
5.69912 1
4.73168 1
5.09105 1
5.7417 1
2.32997 1
2.41857 1
3.14655 1
12.1083 1
2.20595 1
5.62309 1
7.05966 1
4.58834 1
8.3046 1
7.61243 1
-0.387916 1
3.23589 1
5.27621 1
3.58412 1
7.64877 1
9.24677 1
7.17174 1
14.6976 1
10.6348 1
4.41471 1
4.63376 1
9.29626 1
6.90085 1
4.25577 1
9.00167 1
7.92714 1
6.55671 1
4.14201 1
3.9845 1
4.82618 1
4.83721 1
5.50139 1
5.59659 1
3.00421 1
5.04526 1
2.84621 1
4.23278 1
6.75139 1
7.88566 1
9.29059 1
3.66141 1
8.88439 1
4.95836 1
1.91698 1
5.27745 1
5.8725 1
5.69163 1
8.52653 1
12.7678 1
-3.99226 1
7.40511 1
2.00173 1
6.25083 1
4.6961 1
1.336 1
5.55968 1
12.3219 1
5.11781 1
3.89325 1
5.51916 1
2.72794 1
3.5977 1
8.92654 1
7.27496 1
11.7543 1
6.29809 1
7.91607 1
8.12194 1
1.36368 1
-3.05383 1
4.85047 1
8.87411 1
4.20607 1
6.27388 1
6.15503 1
4.37328 1
8.44011 1
6.0889 1
6.50859 1
6.39771 1
6.59824 1
6.42875 1
5.64779 1
8.39333 1
6.05398 1
9.83596 1
4.28759 1
4.13594 1
3.53691 1
7.81327 1
3.66797 1
9.25274 1
5.07453 1
11.2132 1
-2.74548 1
9.73184 1
4.49769 1
0.0298725 1
6.16657 1
5.95704 1
4.75974 1
1.02906 1
7.0186 1
13.7333 1
6.41547 1
5.37679 1
5.09273 1
8.42385 1
7.09623 1
3.0798 1
3.97836 1
7.07649 1
6.4881 1
3.24389 1
4.73166 1
6.00141 1
4.70795 1
9.15018 1
12.3258 1
4.88422 1
7.75484 1
7.40138 1
13.0118 1
9.09962 1
6.72003 1
7.21579 1
6.01539 1
7.04862 1
3.04063 1
8.5415 1
10.5621 1
7.64729 1
6.00083 1
4.67074 1
5.94594 1
4.97306 1
7.37009 1
2.37451 1
3.30042 1
2.94162 1
4.51419 1
8.49824 1
6.72521 1
3.98056 1
4.60511 1
5.75754 1
3.16396 1
8.52 1
4.71512 1
6.7392 1
5.06701 1
6.48408 1
6.38731 1
-1.14132 1
3.89023 1
5.35414 1
9.77827 1
4.92855 1
4.11527 1
0.475696 1
5.6151 1
0.277987 1
6.18875 1
1.09307 1
3.95222 1
8.11065 1
-1.14935 1
-0.0965108 1
-0.443504 1
8.8742 1
4.90271 1
9.64689 1
13.018 1
9.72773 1
8.87242 1
6.41301 1
0.0315713 1
5.25307 1
5.29619 1
2.97934 1
1.81257 1
4.02769 1
9.45773 1
-2.38747 1
6.03453 1
5.16239 1
3.50903 1
7.45619 1
6.17671 1
2.16864 1
4.53062 1
10.323 1
-0.87441 1
6.23583 1
6.54583 1
3.45806 1
7.62107 1
3.04941 1
2.57225 1
6.58527 1
4.04935 1
4.20201 1
8.38285 1
5.40512 1
7.47591 1
4.42413 1
3.94735 1
6.19621 1
6.63166 1
9.8688 1
3.44503 1
2.40992 1
5.28485 1
5.06448 1
2.64481 1
4.32768 1
-1.84543 1
6.31094 1
6.10255 1
6.60206 1
4.77125 1
3.45933 1
8.43755 1
11.805 1
1.56601 1
4.88847 1
13.303 1
5.02862 1
3.86975 1
3.33787 1
9.7675 1
4.91979 1
5.82495 1
6.90164 1
2.95337 1
7.10178 1
4.96044 1
-1.55895 1
3.36895 1
5.09422 1
4.64594 1
6.22291 1
7.2321 1
7.71485 1
12.1376 1
0.175506 1
3.14185 1
3.27544 1
4.25951 1
2.19059 1
5.73624 1
11.369 1
12.072 1
7.72577 1
3.58477 1
6.35694 1
-0.556432 1
4.49307 1
-3.89419 1
3.93672 1
5.23657 1
-3.66389 1
5.13624 1
9.27826 1
1.41707 1
3.64654 1
6.25822 1
-0.985911 1
4.62797 1
7.17448 1
5.705 1
9.04671 1
3.96399 1
4.04424 1
7.43632 1
1.94862 1
7.43857 1
5.87615 1
0.901779 1
5.7621 1
2.73179 1
-1.12905 1
5.83422 1
6.28593 1
3.04329 1
3.87745 1
4.19871 1
4.52806 1
6.60003 1
-1.92869 1
4.85869 1
2.93286 1
-1.14381 1
2.43621 1
2.5981 1
6.41239 1
3.05813 1
5.74242 1
1.88978 1
1.90183 1
5.87246 1
6.25915 1
-3.71159 1
6.7049 1
-0.563651 1
6.44702 1
4.24658 1
6.1915 1
4.35452 1
9.91236 1
4.71505 1
6.19245 1
0.713879 1
4.56099 1
0.205374 1
2.10377 1
3.07953 1
4.23837 1
4.85049 1
5.0307 1
3.82204 1
9.87832 1
-0.417775 1
6.7278 1
5.54553 1
5.1451 1
7.09561 1
3.02907 1
4.57003 1
7.96107 1
4.97113 1
5.98123 1
4.32442 1
5.88862 1
6.76063 1
2.62453 1
5.26807 1
9.77092 1
-3.48297 1
2.39563 1
7.83571 1
-3.81221 1
9.35048 1
5.7314 1
8.49853 1
4.83263 1
2.74767 1
10.6014 1
10.2383 1
13.9158 1
6.7316 1
7.47088 1
8.55559 1
2.17782 1
8.4742 1
6.3301 1
5.2356 1
5.85976 1
-2.34284 1
11.8836 1
4.25888 1
8.88279 1
6.34234 1
0.0491999 1
6.27759 1
6.19377 1
10.8325 1
9.89247 1
1.81165 1
9.2142 1
6.21732 1
6.9135 1
6.47641 1
-1.87706 1
4.79912 1
8.77451 1
4.13017 1
6.26065 1
6.70852 1
2.92663 1
9.32902 1
9.55693 1
3.55589 1
2.04462 1
-1.73937 1
5.98126 1
5.44926 1
5.11245 1
11.5726 1
5.42779 1
6.02336 1
4.68878 1
-0.741242 1
4.616 1
2.36432 1
7.84448 1
4.05828 1
3.73634 1
10.5045 1
4.96435 1
1.31642 1
5.31231 1
6.17976 1
8.90361 1
8.46671 1
5.86559 1
1.30306 1
8.83399 1
12.8084 1
9.06725 1
6.07717 1
11.2476 1
7.20725 1
4.93508 1
5.06472 1
5.29976 1
-1.09242 1
3.37027 1
2.85157 1
6.64432 1
-1.14459 1
6.14839 1
10.2559 1
7.85718 1
5.70604 1
7.48383 1
4.87577 1
1.1682 1
11.8104 1
2.02354 1
10.0702 1
6.51926 1
5.27187 1
3.91144 1
1.8802 1
5.69567 1
6.14671 1
5.99927 1
2.9924 1
5.34718 1
13.5263 1
3.46413 1
2.24549 1
5.34488 1
6.58548 1
5.24091 1
14.2158 1
11.3892 1
2.26999 1
4.76153 1
5.51202 1
3.80552 1
-4.71118 1
4.36376 1
6.81693 1
4.10965 1
4.82356 1
4.8914 1
6.65113 1
5.22068 1
4.18865 1
6.7479 1
8.7053 1
4.31715 1
4.95777 1
11.1276 1
11.5604 1
3.47085 1
5.60377 1
2.94782 1
3.90582 1
5.73995 1
5.90759 1
-1.47909 1
6.51875 1
7.62182 1
2.10956 1
8.99272 1
5.28869 1
4.70402 1
2.84816 1
5.51247 1
2.82182 1
5.39803 1
2.58613 1
14.6958 1
4.97063 1
5.3998 1
2.34876 1
-0.229486 1
2.18152 1
2.71521 1
3.36617 1
5.41722 1
5.19125 1
3.00967 1
5.547 1
5.95461 1
5.88035 1
8.63002 1
6.98326 1
7.78479 1
-3.37641 1
13.7992 1
3.84461 1
-1.18453 1
2.44725 1
5.54968 1
5.6857 1
3.47835 1
5.80374 1
3.9511 1
5.63701 1
5.74342 1
6.24077 1
2.24518 1
3.97481 1
4.98826 1
2.3136 1
6.84429 1
5.96611 1
10.7014 1
7.57729 1
6.15701 1
5.93826 1
1.78363 1
6.5574 1
0.0845292 1
6.79076 1
6.86739 1
6.23466 1
2.39044 1
7.89345 1
2.93449 1
5.16106 1
6.52987 1
5.63982 1
7.3893 1
4.59616 1
4.13301 1
0.796319 1
5.00433 1
2.66832 1
9.42281 1
10.0803 1
6.23229 1
8.4932 1
13.5439 1
3.73314 1
3.46556 1
2.78669 1
5.69123 1
7.41594 1
6.09917 1
2.98572 1
6.89846 1
10.7789 1
2.6827 1
-2.72051 1
8.98619 1
5.90422 1
5.43669 1
4.16276 1
12.7485 1
3.66024 1
5.48512 1
4.51818 1
4.22111 1
6.22884 1
9.47166 1
4.70863 1
3.36404 1
2.84005 1
9.44659 1
5.05986 1
1.22931 1
3.80307 1
6.99957 1
4.06032 1
4.90458 1
3.01205 1
-3.90938 1
3.61894 1
7.40889 1
7.0537 1
4.3825 1
3.9414 1
2.32223 1
5.6941 1
-2.53848 1
1.72168 1
14.6703 1
5.3926 1
13.1623 1
9.06223 1
3.57195 1
3.99828 1
1.97245 1
2.73799 1
4.27901 1
5.7163 1
5.71631 1
8.25302 1
2.9408 1
4.84165 1
-0.76321 1
-0.373932 1
3.06826 1
7.00334 1
3.22986 1
6.53421 1
5.90597 1
1.38529 1
5.67391 1
11.3469 1
-1.90477 1
3.47192 1
4.03605 1
4.83644 1
1.87785 1
9.23671 1
2.99319 1
2.43109 1
6.02376 1
12.387 1
13.8726 1
1.94348 1
10.5349 1
10.4267 1
6.91491 1
4.93237 1
7.01502 1
5.11535 1
6.76671 1
6.87566 1
0.943927 1
-1.13595 1
9.20879 1
-2.81638 1
4.85656 1
-1.64711 1
4.94337 1
5.04277 1
8.25381 1
8.7725 1
5.45913 1
4.38915 1
-0.0924498 1
7.39195 1
3.81882 1
5.17106 1
9.57054 1
2.01477 1
3.45525 1
8.79135 1
1.66462 1
-2.0977 1
8.57093 1
10.8475 1
5.83453 1
5.69243 1
-1.52101 1
5.33047 1
4.2876 1
3.38461 1
6.5337 1
4.04372 1
3.39675 1
5.06283 1
3.12273 1
3.68906 1
4.57205 1
8.05633 1
6.08532 1
1.38212 1
2.68888 1
5.4712 1
12.5167 1
0.373524 1
1.30354 1
2.7952 1
6.81732 1
9.64092 1
4.92884 1
5.12497 1
9.96404 1
5.83699 1
3.92345 1
3.71476 1
8.73998 1
4.90425 1
14.5186 1
1.02058 1
7.16691 1
1.73558 1
4.94009 1
14.0489 1
3.69797 1
6.59703 1
-4.19226 1
8.18919 1
12.5077 1
6.13554 1
10.9773 1
5.89172 1
5.44197 1
8.46902 1
-3.92592 1
7.4709 1
4.72047 1
7.53895 1
2.49866 1
4.50877 1
4.64726 1
1.41383 1
1.06223 1
5.20466 1
6.16587 1
6.5701 1
1.73278 1
5.03373 1
6.2457 1
11.0616 1
3.8466 1
7.5817 1
1.6405 1
3.71844 1
5.01882 1
0.807061 1
4.9658 1
6.27415 1
6.63745 1
5.17834 1
5.42823 1
6.40168 1
3.24417 1
3.98989 1
6.3891 1
4.58944 1
2.17934 1
5.25187 1
12.4994 1
5.0359 1
1.54135 1
5.40594 1
3.29832 1
5.88299 1
2.86634 1
5.05314 1
8.18442 1
8.47787 1
6.17023 1
7.64154 1
13.5974 1
5.96504 1
5.2071 1
2.05762 1
5.26453 1
-1.67613 1
8.03143 1
8.11299 1
5.65884 1
5.45183 1
4.32578 1
3.71343 1
3.81532 1
7.23941 1
9.39395 1
6.75967 1
8.27524 1
2.25654 1
0.074567 1
7.88858 1
8.67011 1
7.20364 1
-3.18198 1
8.36954 1
5.95975 1
7.26338 1
0.741008 1
1.5109 1
6.92792 1
4.96882 1
-3.30925 1
3.54878 1
3.77233 1
5.2662 1
3.32585 1
5.09434 1
7.05444 1
-0.674803 1
4.95092 1
4.58618 1
4.77736 1
4.11374 1
8.31684 1
-0.0479399 1
3.6591 1
4.07044 1
8.5214 1
3.56951 1
4.27136 1
8.32053 1
6.27447 1
14.0804 1
4.44716 1
-0.290405 1
2.42842 1
5.61802 1
0.0611317 1
4.51224 1
4.35439 1
5.70952 1
6.85436 1
3.47988 1
1.9011 1
6.95193 1
2.69362 1
5.96438 1
4.75761 1
2.28837 1
11.1067 1
7.63166 1
6.78985 1
8.3958 1
6.21289 1
3.06556 1
7.01953 1
11.1953 1
3.2113 1
5.53178 1
10.7298 1
2.10254 1
4.59356 1
8.94347 1
10.7486 1
3.92958 1
7.22729 1
5.30735 1
-1.83502 1
2.68346 1
1.93564 1
7.87983 1
4.23984 1
7.32846 1
1.77725 1
11.5103 1
6.45874 1
4.59151 1
-4.57313 1
8.21676 1
6.62169 1
7.53066 1
5.78432 1
2.54589 1
5.25301 1
4.23032 1
3.8173 1
6.96712 1
6.66869 1
5.76821 1
4.18003 1
6.60793 1
5.67748 1
2.77425 1
11.2132 1
7.19652 1
3.38527 1
-2.86398 1
0.397734 1
3.60019 1
12.1811 1
5.17834 1
-3.40807 1
6.04367 1
8.86838 1
4.2427 1
4.71616 1
1.06345 1
7.19416 1
6.41596 1
6.64892 1
4.89429 1
5.23779 1
5.05319 1
6.45647 1
7.94414 1
5.50156 1
1.21131 1
5.42682 1
4.51814 1
6.37084 1
7.20882 1
7.32895 1
-2.89943 1
4.20383 1
8.46857 1
4.24218 1
6.45076 1
7.1844 1
6.19386 1
3.95408 1
4.45653 1
6.3119 1
6.38046 1
-0.416172 1
8.11533 1
4.92047 1
-3.77961 1
4.75724 1
7.8956 1
1.78276 1
-0.0742279 1
9.56775 1
5.85196 1
2.90688 1
3.8597 1
11.9834 1
4.94548 1
11.2576 1
6.65144 1
6.06078 1
13.1842 1
7.16775 1
12.6194 1
4.54904 1
7.11799 1
-0.682985 1
11.8643 1
4.04038 1
7.30333 1
9.5121 1
3.39351 1
6.23006 1
4.46914 1
4.70496 1
4.85372 1
8.19616 1
2.56966 1
9.36436 1
3.4307 1
-1.95755 1
2.77833 1
5.87155 1
6.14688 1
-0.733548 1
5.046 1
8.06407 1
2.95092 1
5.35761 1
-1.87485 1
6.35863 1
4.84472 1
9.70795 1
9.07578 1
5.13056 1
5.43094 1
4.65934 1
-4.61071 1
12.2843 1
6.2965 1
6.175 1
5.78432 1
1.76293 1
2.25579 1
5.18123 1
7.10361 1
7.8318 1
5.55624 1
4.52039 1
14.7196 1
7.59945 1
10.6973 1
5.45431 1
2.82002 1
6.53327 1
5.90702 1
3.30992 1
-0.527725 1
8.36569 1
7.42198 1
2.67516 1
5.89389 1
4.21373 1
8.17126 1
-2.08405 1
4.40723 1
8.93267 1
5.68293 1
2.46247 1
4.72462 1
6.25415 1
3.15481 1
1.07008 1
4.14006 1
10.487 1
10.2751 1
3.35871 1
11.0052 1
8.04021 1
6.07758 1
1.16873 1
13.1259 1
-1.0324 1
2.38803 1
7.2229 1
-3.96831 1
5.47851 1
4.04138 1
6.77732 1
1.24501 1
4.75887 1
8.76075 1
6.34313 1
8.11151 1
6.31101 1
4.92955 1
10.1945 1
-1.97907 1
9.91596 1
5.03846 1
6.80999 1
1.36755 1
6.89583 1
-0.0320946 1
4.60042 1
4.79382 1
7.28173 1
6.12251 1
5.84252 1
4.64535 1
5.60481 1
8.40473 1
-4.30346 1
6.15451 1
3.35896 1
6.94729 1
6.44047 1
1.44596 1
-2.5396 1
14.4654 1
6.17717 1
0.112271 1
6.42844 1
7.18804 1
-3.75119 1
2.98029 1
0.903359 1
5.82443 1
4.10589 1
0.527421 1
6.67166 1
8.35218 1
8.3793 1
7.43723 1
6.36877 1
5.00614 1
5.79231 1
5.5238 1
6.95836 1
4.72485 1
4.78159 1
2.15779 1
-0.163412 1
3.14107 1
6.59462 1
3.06415 1
-4.46368 1
2.9313 1
7.83518 1
-3.56107 1
9.35425 1
4.55504 1
5.78712 1
5.68029 1
7.56859 1
13.656 1
2.14372 1
7.9114 1
1.4839 1
4.20203 1
5.54598 1
-3.9197 1
2.6029 1
12.0727 1
6.77602 1
7.64564 1
1.48393 1
6.14371 1
6.4657 1
4.21342 1
6.77729 1
4.51952 1
10.3891 1
6.9396 1
6.26365 1
7.92186 1
-0.793241 1
2.73788 1
5.32955 1
4.19595 1
3.82727 1
3.92713 1
-0.372868 1
5.94282 1
3.87505 1
2.40322 1
2.44702 1
3.99461 1
2.18346 1
7.21073 1
4.95586 1
2.43203 1
4.37055 1
4.71784 1
5.3938 1
6.73118 1
0.988325 1
4.07179 1
3.356 1
4.59941 1
4.58519 1
11.7502 1
4.11331 1
4.88753 1
3.05466 1
7.67057 1
-4.29655 1
5.10102 1
5.4948 1
9.16867 1
-3.38106 1
5.65997 1
4.3975 1
3.63277 1
4.99485 1
3.49509 1
4.91666 1
7.86759 1
-1.8753 1
7.41217 1
3.00391 1
5.80739 1
7.20475 1
5.66696 1
7.93796 1
7.13123 1
5.97543 1
3.96908 1
8.79157 1
5.75962 1
3.44961 1
5.31878 1
6.08081 1
12.7155 1
10.0045 1
4.9138 1
2.70642 1
2.48557 1
12.9118 1
5.14094 1
9.49158 1
4.31821 1
5.81447 1
3.30862 1
3.19912 1
4.50804 1
6.90951 1
5.36936 1
5.54832 1
0.908226 1
8.19966 1
5.4058 1
6.92237 1
1.73647 1
6.21301 1
7.67331 1
5.87659 1
4.44804 1
5.00358 1
3.44275 1
6.14965 1
0.599134 1
14.0945 1
7.10715 1
5.77062 1
6.7004 1
3.83592 1
3.61255 1
4.37948 1
7.30811 1
2.88173 1
4.34722 1
6.23642 1
5.18035 1
9.73372 1
5.72017 1
4.29486 1
4.78113 1
6.68133 1
-0.417473 1
13.9838 1
9.51496 1
11.8431 1
3.09755 1
8.82751 1
7.39384 1
7.74794 1
7.58696 1
0.00233981 1
2.60363 1
6.00828 1
-2.97759 1
6.49884 1
8.61483 1
0.971684 1
-0.171349 1
2.829 1
9.25287 1
5.16436 1
0.964519 1
3.70836 1
5.94752 1
5.91567 1
1.47242 1
5.76854 1
5.83665 1
12.1259 1
5.88434 1
13.1054 1
8.11881 1
5.70765 1
-2.55751 1
4.31242 1
0.565449 1
6.97871 1
5.20304 1
6.00595 1
10.3101 1
2.46001 1
5.52099 1
5.84724 1
-2.7054 1
-3.17444 1
4.07289 1
3.60413 1
6.49829 1
-2.16871 1
-3.68682 1
3.21976 1
4.72346 1
14.3846 1
0.801706 1
7.43081 1
0.347024 1
10.5037 1
3.25162 1
4.59186 1
10.2666 1
3.29038 1
5.66097 1
5.57172 1
-3.16158 1
5.81371 1
4.28077 1
9.85511 1
12.7061 1
-0.978852 1
14.7331 1
6.58825 1
1.00001 1
9.58684 1
9.80755 1
8.39128 1
5.38463 1
6.35823 1
6.58125 1
13.6876 1
4.32081 1
13.9629 1
4.33723 1
6.66023 1
6.79924 1
7.51171 1
4.35049 1
3.57414 1
6.4685 1
0.556502 1
4.88942 1
6.34146 1
-1.50941 1
0.618222 1
6.14646 1
4.25865 1
7.90761 1
14.8581 1
7.40372 1
4.8929 1
-0.103964 1
-0.789695 1
4.00422 1
5.78798 1
8.16605 1
2.63136 1
6.90911 1
7.08616 1
6.95282 1
5.62968 1
5.6371 1
14.4998 1
5.51711 1
5.56767 1
5.04048 1
2.74342 1
9.8192 1
2.71889 1
3.73729 1
6.90918 1
11.2046 1
3.93566 1
7.50979 1
5.0942 1
12.902 1
11.764 1
7.0692 1
10.6599 1
3.91075 1
4.88704 1
4.87441 1
5.86609 1
7.75966 1
3.11251 1
5.91732 1
9.93755 1
8.0707 1
5.7439 1
1.32577 1
12.9332 1
7.03119 1
5.12874 1
4.14433 1
9.32771 1
8.98532 1
3.20383 1
7.54361 1
1.29522 1
3.717 1
5.28334 1
8.06617 1
7.02042 1
6.67464 1
7.88713 1
5.50459 1
5.72295 1
3.33688 1
6.01944 1
6.37674 1
3.37919 1
6.93717 1
5.57192 1
6.05059 1
1.14837 1
6.32314 1
3.74361 1
6.35337 1
6.64092 1
3.92072 1
-4.08023 1
-1.18011 1
4.03396 1
-0.575009 1
5.77724 1
-2.60262 1
-0.136306 1
10.7721 1
0.568841 1
6.65462 1
13.711 1
2.93354 1
5.5157 1
5.6463 1
6.35326 1
6.59322 1
3.67036 1
5.09645 1
6.52852 1
7.36896 1
6.04928 1
3.70137 1
4.66025 1
12.3063 1
1.52848 1
10.3962 1
3.89431 1
6.42452 1
8.568 1
2.73288 1
4.4473 1
7.23493 1
8.16518 1
2.0947 1
-1.36319 1
4.77867 1
1.10075 1
5.62273 1
4.7401 1
10.7152 1
2.69183 1
9.19599 1
5.25383 1
7.59998 1
3.50413 1
6.99038 1
6.12971 1
5.34117 1
3.76074 1
4.66293 1
-1.74855 1
4.14377 1
3.66521 1
10.1479 1
5.5252 1
5.91236 1
4.77465 1
11.3466 1
4.92561 1
-0.415425 1
9.33087 1
5.51428 1
11.999 1
-0.605135 1
5.90727 1
3.27457 1
3.31193 1
2.25035 1
10.5382 1
6.03157 1
10.2894 1
5.36952 1
4.87768 1
3.8641 1
3.06706 1
0.275357 1
5.29466 1
6.19852 1
8.68903 1
4.86168 1
6.07489 1
3.27778 1
2.87739 1
5.53752 1
1.20629 1
6.13137 1
3.57868 1
3.26223 1
9.05733 1
3.32234 1
5.03591 1
10.0434 1
4.94835 1
2.14257 1
-3.50397 1
6.76444 1
5.38769 1
8.16035 1
4.3228 1
5.53588 1
0.668038 1
6.83152 1
6.36217 1
3.73235 1
3.56979 1
14.4085 1
4.88636 1
10.1856 1
14.0297 1
4.6508 1
8.3639 1
7.20726 1
7.84087 1
-0.69682 1
7.67804 1
5.44596 1
0.196036 1
13.1596 1
4.83681 1
7.39064 1
4.86878 1
-0.814064 1
4.17613 1
5.05028 1
2.19572 1
7.88423 1
12.3128 1
5.14755 1
5.67636 1
10.846 1
-1.27448 1
6.29873 1
12.4073 1
6.30576 1
10.2401 1
0.818071 1
5.39902 1
6.56064 1
5.64363 1
7.50455 1
5.00477 1
1.90047 1
2.63394 1
7.04479 1
6.8099 1
-4.69423 1
7.77954 1
4.09836 1
7.08845 1
5.12614 1
6.74701 1
5.77734 1
7.0122 1
7.25598 1
5.04379 1
5.41798 1
6.01779 1
10.0727 1
-0.191406 1
1.94939 1
5.39282 1
-4.55184 1
10.1888 1
4.89935 1
10.8017 1
-0.289296 1
5.90807 1
4.73542 1
4.49344 1
5.47313 1
-4.84854 1
2.89185 1
3.58101 1
6.91021 1
-1.08056 1
5.37404 1
5.12454 1
8.30079 1
0.626461 1
6.93767 1
8.5902 1
3.6468 1
4.95973 1
5.47547 1
6.46255 1
-3.23459 1
7.43028 1
8.34428 1
3.5675 1
8.21424 1
4.26981 1
7.03605 1
9.26552 1
11.6356 1
4.99427 1
-4.45028 1
3.50049 1
3.70708 1
2.25417 1
4.22648 1
2.36596 1
-4.34447 1
2.25694 1
4.36112 1
8.78543 1
6.44578 1
5.24239 1
1.21348 1
4.44059 1
0.750347 1
6.08966 1
1.35416 1
3.56336 1
13.2572 1
5.17304 1
7.7452 1
3.03589 1
5.54493 1
5.03466 1
6.39601 1
3.48929 1
4.13259 1
4.80722 1
6.16604 1
8.03251 1
7.3137 1
7.4183 1
2.40265 1
8.15681 1
6.73479 1
0.306807 1
11.6769 1
4.97829 1
4.55918 1
7.52939 1
7.40054 1
-1.67463 1
4.05485 1
-3.8229 1
7.66449 1
1.54755 1
4.67742 1
4.8791 1
7.09206 1
5.09564 1
-0.425654 1
3.85579 1
2.31787 1
5.9652 1
13.6776 1
13.7595 1
10.6201 1
5.20792 1
13.7094 1
7.37713 1
9.20756 1
3.49644 1
7.06324 1
5.31751 1
8.11787 1
3.35609 1
2.77914 1
4.04613 1
1.41232 1
6.48544 1
2.18732 1
2.75559 1
7.00859 1
5.06638 1
0.0888299 1
14.7248 1
2.23028 1
1.57486 1
3.37304 1
3.28265 1
8.86989 1
4.01314 1
4.35777 1
7.96703 1
13.4095 1
5.60445 1
8.395 1
9.95153 1
5.22051 1
-4.33526 1
4.77765 1
-1.23807 1
5.69492 1
6.43147 1
6.10587 1
5.65067 1
5.43236 1
2.94422 1
0.314854 1
8.57926 1
-1.77843 1
5.64278 1
4.30221 1
-0.791008 1
6.10926 1
5.1498 1
0.319914 1
6.59524 1
1.3964 1
2.98122 1
5.32601 1
8.27328 1
8.67895 1
5.34352 1
5.70732 1
4.00282 1
6.45898 1
8.18356 1
1.5259 1
5.67782 1
5.96672 1
5.70743 1
9.7747 1
9.2986 1
11.3366 1
2.94961 1
4.46953 1
3.929 1
1.93948 1
7.41002 1
5.09692 1
1.98656 1
9.7369 1
1.80247 1
8.34706 1
1.73263 1
4.82117 1
7.67171 1
8.48042 1
4.11064 1
6.04614 1
9.89292 1
8.27751 1
5.17836 1
6.7978 1
6.21547 1
5.21202 1
6.36356 1
1.95293 1
8.65531 1
4.84503 1
6.7673 1
3.09522 1
4.5391 1
-1.06829 1
-2.08386 1
-0.712962 1
7.10293 1
8.97587 1
10.1018 1
7.09896 1
-1.36851 1
9.33577 1
4.10377 1
8.34327 1
5.41755 1
5.62222 1
2.64783 1
5.22099 1
4.96599 1
3.84731 1
1.73276 1
4.60233 1
4.01771 1
11.1219 1
12.9953 1
2.60291 1
1.80664 1
14.0578 1
5.16714 1
1.2852 1
-2.6226 1
5.3748 1
4.02202 1
7.55147 1
6.56164 1
5.76138 1
5.83011 1
2.09239 1
6.83185 1
3.65161 1
6.15895 1
9.87651 1
5.21048 1
11.2121 1
7.61574 1
7.62805 1
3.92159 1
7.69095 1
6.79423 1
2.20354 1
4.14328 1
1.5097 1
4.01009 1
2.40315 1
4.68811 1
3.86883 1
2.55831 1
11.1978 1
5.45875 1
1.15724 1
4.82023 1
4.6786 1
6.82851 1
5.99802 1
6.00547 1
7.01242 1
10.8091 1
4.05329 1
2.47947 1
3.81986 1
1.25082 1
5.4288 1
3.85406 1
5.95649 1
-0.47588 1
6.78221 1
6.27153 1
7.73481 1
6.00059 1
6.57909 1
5.58341 1
5.82686 1
7.22927 1
8.55832 1
3.08377 1
5.11378 1
6.65761 1
5.64044 1
4.25247 1
3.79893 1
4.44321 1
8.08938 1
13.5232 1
5.80563 1
5.11472 1
-1.03797 1
8.17965 1
6.7047 1
2.20936 1
-2.21477 1
2.03606 1
6.29873 1
5.68696 1
7.98038 1
2.8549 1
13.0841 1
4.8097 1
3.13699 1
11.4501 1
5.49929 1
3.21153 1
6.2711 1
1.78853 1
3.56953 1
4.86325 1
7.73781 1
4.32243 1
5.13451 1
6.64839 1
6.20504 1
5.31988 1
6.24843 1
13.0734 1
8.28223 1
5.77177 1
3.54171 1
8.72468 1
5.44004 1
9.1293 1
10.194 1
4.02588 1
9.21599 1
10.7373 1
3.99119 1
6.39277 1
5.1063 1
2.74261 1
0.97374 1
5.6651 1
5.73489 1
3.63264 1
9.6868 1
1.18959 1
6.93459 1
4.19269 1
5.41419 1
8.35858 1
8.34699 1
4.22745 1
5.41272 1
3.88134 1
5.34806 1
6.54185 1
5.57984 1
-1.48205 1
3.06034 1
2.73944 1
4.87842 1
2.44079 1
2.10344 1
6.69913 1
5.99075 1
2.06159 1
6.43965 1
2.97577 1
4.52911 1
6.55967 1
0.840456 1
5.29538 1
4.23661 1
-3.90593 1
6.17634 1
5.49472 1
10.8901 1
5.14566 1
1.48495 1
7.27256 1
3.69456 1
6.07708 1
3.28118 1
6.58181 1
1.15258 1
7.46489 1
3.85918 1
4.29641 1
2.19829 1
6.43781 1
8.89707 1
6.16075 1
-0.276557 1
0.864389 1
5.96416 1
1.60397 1
6.13501 1
4.61147 1
4.68266 1
14.005 1
-1.65714 1
3.4767 1
4.92992 1
6.0001 1
5.34318 1
5.12681 1
5.3799 1
3.41912 1
4.79838 1
9.75225 1
4.76215 1
7.56664 1
8.21756 1
4.3068 1
6.15998 1
6.55563 1
3.85075 1
3.52741 1
3.00071 1
2.41206 1
5.4522 1
6.21636 1
6.46586 1
4.37814 1
4.72939 1
11.4263 1
10.7348 1
0.278953 1
4.13676 1
7.84917 1
10.2063 1
2.26213 1
2.286 1
6.3405 1
5.91441 1
2.34276 1
13.2069 1
-1.19047 1
1.31773 1
-1.28072 1
5.68149 1
4.47596 1
10.0873 1
-0.399519 1
5.17748 1
5.12904 1
4.13549 1
5.12731 1
2.86438 1
4.9263 1
5.66703 1
1.9947 1
-0.593066 1
5.18815 1
7.46052 1
5.25861 1
6.99095 1
2.13876 1
11.6168 1
7.57972 1
-0.534475 1
5.9846 1
3.89063 1
9.32676 1
9.95521 1
4.99087 1
6.0447 1
0.183383 1
10.0533 1
4.3745 1
5.06221 1
6.76401 1
7.75177 1
13.5921 1
5.70986 1
5.92208 1
11.6569 1
5.32651 1
5.42944 1
7.64564 1
11.9143 1
4.17017 1
-4.31076 1
4.24823 1
3.64663 1
8.6276 1
6.42977 1
-4.65525 1
4.62339 1
4.92473 1
11.6663 1
1.39642 1
4.00555 1
6.03975 1
7.23832 1
9.34283 1
6.48612 1
4.69384 1
6.97864 1
5.27437 1
8.34264 1
-1.01625 1
1.50968 1
10.2734 1
5.7391 1
1.5155 1
8.53456 1
6.38845 1
4.27071 1
-1.05971 1
2.53527 1
6.34629 1
3.6817 1
9.43787 1
10.6395 1
11.4421 1
-1.21738 1
4.87004 1
-2.12164 1
3.86008 1
2.77782 1
4.23035 1
10.4269 1
7.12296 1
7.75304 1
6.69708 1
-2.08291 1
7.58225 1
4.83731 1
4.39655 1
4.5163 1
5.19436 1
2.50788 1
9.07943 1
6.04852 1
-4.2194 1
4.16043 1
2.36005 1
2.78465 1
9.08232 1
4.37817 1
-1.13119 1
-3.19312 1
6.71842 1
12.3991 1
5.13476 1
7.223 1
6.9943 1
5.1183 1
5.17534 1
6.64992 1
6.38302 1
2.55476 1
4.68222 1
6.9907 1
3.90204 1
6.4304 1
4.82959 1
6.04141 1
5.56348 1
5.20063 1
-1.64544 1
4.08503 1
5.42269 1
5.99176 1
10.6416 1
9.6137 1
-3.54458 1
8.04409 1
10.1641 1
-3.36937 1
6.47053 1
6.19944 1
5.33919 1
6.31073 1
6.4622 1
-0.246108 1
3.91509 1
4.62498 1
4.017 1
4.80241 1
7.1347 1
4.01007 1
6.1859 1
8.05459 1
4.63526 1
-0.133993 1
4.56581 1
4.27001 1
9.61614 1
3.54451 1
12.4117 1
-2.36439 1
0.719145 1
5.5066 1
7.66886 1
5.62023 1
2.37796 1
5.38387 1
6.01481 1
5.45013 1
12.2013 1
7.70753 1
10.2982 1
4.60533 1
7.57465 1
8.08585 1
3.95707 1
10.3884 1
6.6502 1
3.58813 1
5.55397 1
-1.5925 1
7.84773 1
13.6218 1
2.84241 1
5.69904 1
8.9712 1
5.58773 1
6.09459 1
8.04717 1
4.94692 1
6.74369 1
5.62287 1
6.80217 1
1.56079 1
6.07697 1
3.17071 1
11.1608 1
1.94633 1
0.123193 1
5.26075 1
8.5448 1
6.50002 1
4.3557 1
5.70507 1
5.98353 1
6.74258 1
4.25073 1
7.36099 1
5.75169 1
3.47101 1
2.19457 1
6.70269 1
5.03333 1
4.4655 1
5.73504 1
5.92502 1
3.75412 1
5.01644 1
-1.0682 1
4.31416 1
4.06211 1
5.67079 1
1.65147 1
2.38979 1
3.41291 1
3.80843 1
6.40488 1
6.61182 1
12.0307 1
6.2081 1
4.92435 1
6.40294 1
0.958439 1
14.5232 1
7.00035 1
1.14955 1
5.08823 1
5.23535 1
4.53371 1
2.50664 1
4.59907 1
6.27289 1
3.42562 1
-3.60266 1
7.12685 1
10.4744 1
8.9957 1
-4.61654 1
4.72576 1
5.81971 1
0.211774 1
-4.08355 1
5.61343 1
0.558604 1
-0.0710103 1
6.38983 1
10.0517 1
4.68205 1
3.48708 1
4.64446 1
9.25091 1
4.09601 1
2.61988 1
7.28073 1
6.82432 1
6.95354 1
4.22115 1
8.84662 1
1.56898 1
6.40042 1
3.42345 1
7.59792 1
6.70987 1
-4.20663 1
9.00363 1
6.37603 1
4.72507 1
4.19686 1
1.80353 1
3.00873 1
9.11063 1
7.35486 1
3.65926 1
0.480254 1
4.27106 1
-4.69576 1
6.93254 1
6.19301 1
4.64429 1
11.078 1
-1.68383 1
5.63667 1
-1.6143 1
9.02327 1
5.28281 1
4.57211 1
11.1146 1
2.29156 1
14.8028 1
8.91371 1
1.27416 1
10.4897 1
6.66416 1
5.79408 1
-1.00357 1
0.741548 1
1.62551 1
3.59 1
2.11913 1
6.10116 1
4.97175 1
6.41015 1
3.66507 1
5.5417 1
-2.25865 1
5.86181 1
6.85895 1
6.27676 1
2.19983 1
6.73824 1
4.36229 1
6.11137 1
5.03518 1
-1.06996 1
13.247 1
7.65826 1
6.51258 1
-0.81125 1
9.90906 1
4.86494 1
-0.492397 1
7.66139 1
8.20437 1
5.17809 1
-0.622661 1
13.4359 1
6.11404 1
5.26885 1
7.41957 1
3.20012 1
4.48898 1
6.43958 1
3.94786 1
6.6251 1
5.13955 1
-1.85317 1
14.245 1
8.32361 1
2.99733 1
4.33699 1
9.03272 1
6.52368 1
8.01101 1
10.7975 1
4.66672 1
6.45274 1
5.78532 1
6.61643 1
7.37499 1
-1.0722 1
1.70033 1
7.77642 1
4.28914 1
3.37729 1
1.15512 1
-1.52041 1
6.11977 1
3.25791 1
11.4464 1
3.03663 1
-0.240154 1
-4.09483 1
4.56087 1
2.9521 1
3.71476 1
4.87532 1
4.72467 1
14.5258 1
5.50466 1
10.7488 1
4.64967 1
4.93542 1
1.82931 1
5.04847 1
6.06594 1
5.83563 1
4.22633 1
5.285 1
7.66582 1
5.87002 1
12.3659 1
8.32552 1
4.60124 1
7.35388 1
3.25674 1
-0.0382971 1
5.13077 1
2.55232 1
4.12508 1
3.61711 1
11.4807 1
5.95548 1
3.15451 1
8.56384 1
4.99583 1
-4.73176 1
2.78806 1
5.78986 1
6.93271 1
4.70986 1
1.93084 1
5.15707 1
5.75186 1
5.91819 1
5.05855 1
2.30814 1
7.50259 1
-1.41067 1
-1.50289 1
6.49784 1
6.25173 1
-0.202007 1
7.07448 1
7.26604 1
4.1503 1
2.21782 1
4.89499 1
4.75601 1
2.6395 1
12.629 1
0.0396163 1
6.00602 1
-3.99867 1
2.0245 1
7.84996 1
2.54566 1
6.63107 1
-0.984985 1
7.68747 1
-0.45941 1
8.12321 1
6.73351 1
4.77864 1
-0.227376 1
3.8552 1
5.73036 1
3.15489 1
3.1534 1
1.73343 1
10.4338 1
-0.897144 1
3.33286 1
-3.45125 1
6.15578 1
6.24732 1
5.82596 1
2.71119 1
8.05433 1
-3.41836 1
9.29105 1
7.40561 1
6.09775 1
8.00348 1
3.71635 1
6.16765 1
7.59295 1
6.5413 1
8.65167 1
8.81465 1
5.74017 1
3.95706 1
5.47976 1
2.99077 1
-4.3595 1
2.96937 1
1.66987 1
1.94194 1
1.11113 1
4.62895 1
7.42993 1
8.06739 1
1.41395 1
5.07629 1
2.71585 1
6.56511 1
3.34457 1
5.31975 1
-0.199 1
5.61561 1
2.51722 1
5.8984 1
12.2864 1
-0.0580798 1
12.1152 1
4.68138 1
7.44297 1
13.5399 1
5.94343 1
6.85568 1
5.08378 1
7.31126 1
6.5694 1
2.52215 1
5.92534 1
12.7719 1
2.25345 1
6.63029 1
6.38776 1
-0.865649 1
6.4726 1
5.80677 1
6.93603 1
3.36254 1
7.67856 1
6.74853 1
6.27791 1
5.51317 1
6.1389 1
7.37348 1
10.0261 1
7.40631 1
8.1467 1
2.74303 1
2.11665 1
4.1765 1
6.33736 1
1.59517 1
5.61138 1
5.02573 1
-2.76681 1
6.62063 1
6.85837 1
9.26595 1
5.03939 1
3.58848 1
4.67424 1
3.27289 1
4.33017 1
4.00527 1
7.18809 1
6.03976 1
3.42287 1
14.7604 1
2.50817 1
5.74085 1
4.97511 1
3.50047 1
7.43859 1
3.44169 1
10.0975 1
7.68515 1
11.609 1
3.95798 1
5.62773 1
2.81886 1
7.91199 1
2.66401 1
8.12868 1
11.9133 1
6.0541 1
5.00854 1
2.04927 1
5.9471 1
7.32307 1
4.35605 1
5.24049 1
6.21132 1
4.16176 1
5.76443 1
5.504 1
8.00633 1
6.03524 1
8.23545 1
2.29839 1
6.4585 1
6.23095 1
4.10066 1
6.08562 1
7.03636 1
5.34732 1
4.49711 1
5.36323 1
3.64472 1
3.96442 1
7.00321 1
10.1066 1
4.90451 1
7.36362 1
5.10743 1
-2.84674 1
10.5288 1
5.67856 1
6.07013 1
6.33792 1
2.8179 1
6.93698 1
2.39042 1
12.8081 1
12.1188 1
4.78346 1
8.40594 1
10.2698 1
9.35389 1
4.391 1
9.54258 1
7.24015 1
2.19229 1
5.73835 1
8.56791 1
3.30305 1
6.20057 1
6.70719 1
7.69471 1
7.47119 1
6.12241 1
5.68089 1
14.4586 1
-0.365828 1
5.88253 1
8.4812 1
10.7087 1
5.8377 1
4.7702 1
7.13069 1
10.1075 1
7.67063 1
7.07621 1
3.03015 1
-4.71613 1
6.08927 1
12.4437 1
3.93543 1
3.45977 1
2.85929 1
3.4383 1
5.82302 1
3.07045 1
2.06872 1
4.59392 1
1.30379 1
3.71423 1
5.52413 1
7.51905 1
10.1785 1
10.8974 1
5.11465 1
2.39352 1
8.42458 1
5.25833 1
5.27453 1
8.2213 1
2.59913 1
8.03065 1
4.57101 1
0.520175 1
5.03092 1
7.22309 1
-2.1643 1
9.22641 1
3.22047 1
3.19752 1
-4.12807 1
6.0214 1
0.991761 1
6.67767 1
0.058893 1
7.13972 1
-3.86093 1
9.43641 1
2.27369 1
13.5336 1
8.98117 1
6.402 1
8.60591 1
3.7909 1
12.7279 1
-0.497218 1
6.92769 1
8.90381 1
8.87837 1
5.01505 1
9.66968 1
6.07996 1
-2.40257 1
8.1538 1
10.2469 1
7.5143 1
5.53755 1
6.46024 1
-2.67263 1
5.24717 1
5.73108 1
14.8405 1
10.6248 1
7.80964 1
4.05387 1
4.93595 1
7.83537 1
6.07929 1
8.56037 1
9.96446 1
9.11934 1
6.74774 1
5.33062 1
7.2501 1
6.34854 1
5.51808 1
4.2914 1
6.88018 1
-3.29112 1
3.98524 1
6.85052 1
12.6556 1
5.0244 1
4.91611 1
3.16012 1
-4.12884 1
-0.130266 1
8.65896 1
-2.87586 1
3.7285 1
4.93754 1
7.71359 1
5.593 1
-4.83453 1
0.940034 1
7.76847 1
5.98318 1
7.14107 1
11.3317 1
3.08377 1
5.73006 1
4.35386 1
3.65642 1
5.09469 1
4.98954 1
4.82443 1
7.20447 1
9.66033 1
5.80222 1
3.33849 1
4.42639 1
12.5653 1
5.82667 1
14.1344 1
5.92746 1
5.54268 1
-2.34883 1
2.00291 1
3.97002 1
9.17195 1
5.16375 1
3.71939 1
8.26615 1
7.62117 1
3.40459 1
3.87197 1
1.77111 1
8.33365 1
3.8766 1
8.73733 1
11.6433 1
6.37885 1
4.53426 1
-3.62576 1
1.88693 1
-0.831917 1
12.1347 1
4.89685 1
3.17806 1
8.37924 1
6.74927 1
4.71087 1
5.6183 1
8.22425 1
-3.38273 1
4.4583 1
4.13995 1
5.01962 1
8.02029 1
4.58103 1
-0.361451 1
5.95622 1
-0.106782 1
1.45431 1
0.743344 1
6.16338 1
5.58417 1
13.2293 1
7.83306 1
2.03015 1
9.22685 1
0.412881 1
9.46064 1
7.77162 1
3.96061 1
6.08056 1
6.86832 1
10.1593 1
2.22671 1
6.67404 1
2.84511 1
8.92172 1
7.09765 1
8.76906 1
12.9425 1
-3.10321 1
1.61876 1
2.45093 1
2.69155 1
5.71321 1
6.31792 1
6.51241 1
4.21841 1
5.4449 1
-4.65691 1
9.88199 1
0.904678 1
2.07276 1
6.79862 1
4.3152 1
0.525423 1
4.03446 1
4.35842 1
9.79235 1
4.18427 1
9.58578 1
-1.96095 1
5.97676 1
1.95158 1
0.876649 1
5.59455 1
0.572561 1
4.11 1
-4.10288 1
1.34519 1
5.53909 1
7.36286 1
5.99871 1
3.98921 1
-2.25483 1
2.53804 1
2.31691 1
5.8733 1
6.46888 1
3.38581 1
8.98873 1
8.10906 1
4.58962 1
6.26759 1
14.162 1
12.881 1
6.52413 1
6.97461 1
-1.48355 1
6.86108 1
3.12326 1
7.85751 1
4.06276 1
7.37419 1
-1.13891 1
8.73622 1
6.62326 1
6.98645 1
6.93371 1
1.14869 1
9.96703 1
3.98854 1
4.35341 1
3.46595 1
4.08195 1
3.71238 1
3.03191 1
5.89425 1
9.47823 1
13.7332 1
7.12126 1
5.05279 1
7.64137 1
4.89995 1
5.25544 1
2.98343 1
-1.93587 1
7.57826 1
3.24507 1
6.06275 1
3.41783 1
3.02025 1
7.0528 1
5.56289 1
1.30825 1
6.76049 1
2.9563 1
5.81511 1
3.44749 1
3.13229 1
7.0796 1
7.32664 1
5.83664 1
5.56478 1
3.5739 1
2.69637 1
4.71638 1
4.93034 1
11.7279 1
9.70208 1
2.39845 1
2.96454 1
10.2812 1
8.74571 1
9.86527 1
4.67907 1
8.74834 1
-1.3789 1
12.3262 1
0.210055 1
8.27 1
1.42817 1
0.839822 1
5.66122 1
9.2299 1
6.94856 1
5.72743 1
7.58723 1
6.88818 1
6.09326 1
3.60419 1
6.38352 1
4.16919 1
12.876 1
5.47038 1
4.81493 1
2.52114 1
5.21266 1
5.46458 1
9.58591 1
7.00784 1
11.3324 1
8.40924 1
2.72225 1
12.1372 1
7.62609 1
5.46828 1
6.30409 1
8.58866 1
0.162332 1
3.11941 1
5.72705 1
-3.4497 1
4.65402 1
4.38717 1
4.20096 1
1.16751 1
6.98128 1
-3.56682 1
3.7471 1
4.94313 1
5.63572 1
3.53859 1
8.15266 1
6.55719 1
9.49154 1
6.97777 1
1.13598 1
5.93944 1
-0.315826 1
4.88585 1
-0.153484 1
0.531782 1
-2.23512 1
6.71205 1
3.1763 1
10.2345 1
5.88765 1
3.01105 1
4.57375 1
3.99769 1
3.69385 1
4.18745 1
5.08948 1
5.29456 1
4.41578 1
6.88726 1
2.09733 1
5.13402 1
3.90202 1
6.57464 1
3.37932 1
2.65609 1
3.9213 1
5.49622 1
10.3064 1
-2.47591 1
0.647873 1
8.31096 1
7.34069 1
6.18614 1
1.69708 1
5.85286 1
6.51188 1
8.12781 1
5.32723 1
6.60491 1
3.54388 1
4.28965 1
-4.43365 1
2.84784 1
8.32816 1
5.91634 1
6.68257 1
6.85194 1
3.30788 1
3.64227 1
6.32406 1
3.03936 1
2.83354 1
5.85766 1
5.50294 1
1.96142 1
6.56915 1
8.21239 1
-2.88603 1
4.11102 1
2.77659 1
-0.293109 1
10.4982 1
5.7326 1
2.43788 1
0.781452 1
8.87025 1
4.84969 1
5.77174 1
5.1189 1
4.9373 1
14.5116 1
11.4047 1
1.6604 1
4.96572 1
9.42037 1
5.24437 1
7.45273 1
5.9585 1
6.90424 1
4.6234 1
4.42581 1
5.96054 1
3.27466 1
2.86744 1
4.61518 1
6.27527 1
5.03627 1
-2.23791 1
2.80303 1
4.32264 1
3.11663 1
2.41708 1
4.52508 1
6.37706 1
0.857406 1
3.70512 1
4.26228 1
5.85754 1
3.35529 1
3.67491 1
7.28592 1
-0.688138 1
8.27935 1
3.91823 1
7.67867 1
7.22628 1
2.7159 1
4.66696 1
5.69631 1
2.9678 1
6.67723 1
-4.35465 1
13.3632 1
6.62128 1
3.01203 1
3.69497 1
5.88311 1
6.72091 1
5.25066 1
3.43783 1
5.93002 1
13.2304 1
4.26603 1
3.9364 1
6.85216 1
3.7797 1
5.22634 1
1.85089 1
7.10061 1
5.3294 1
8.56139 1
4.97851 1
5.13978 1
0.324327 1
-1.11433 1
1.58812 1
1.9288 1
10.9026 1
5.9398 1
5.06846 1
3.68476 1
4.7345 1
2.71682 1
0.08568 1
7.69776 1
2.44646 1
5.03101 1
7.21119 1
3.26548 1
4.34933 1
5.72114 1
4.18881 1
3.21514 1
5.0087 1
1.87982 1
7.03255 1
5.21432 1
8.69243 1
4.98935 1
6.74051 1
5.39554 1
4.77141 1
1.91869 1
4.67782 1
7.10896 1
-2.19385 1
11.0969 1
3.39476 1
4.97681 1
10.3031 1
4.38474 1
0.374528 1
12.1019 1
4.67459 1
4.9369 1
5.93334 1
7.56164 1
9.03727 1
2.16369 1
7.96218 1
6.72589 1
3.89494 1
6.81258 1
2.79689 1
5.16151 1
4.35324 1
8.6534 1
6.90446 1
6.67847 1
1.82902 1
10.9982 1
4.9986 1
4.13503 1
3.1672 1
1.509 1
3.97594 1
7.82122 1
-4.41467 1
8.2073 1
4.72889 1
11.7512 1
4.89104 1
5.91886 1
2.63028 1
10.3248 1
7.10386 1
11.8196 1
9.78158 1
5.37081 1
6.80394 1
6.51081 1
-2.69477 1
3.84024 1
9.03892 1
6.8827 1
8.95829 1
4.23517 1
12.1761 1
5.85447 1
1.38826 1
5.1438 1
9.39197 1
14.7666 1
6.20587 1
11.2791 1
4.11623 1
7.97009 1
0.199042 1
4.09874 1
3.47144 1
8.54381 1
5.84466 1
7.29215 1
11.6531 1
4.1041 1
5.47433 1
6.45019 1
5.56284 1
10.6576 1
6.12508 1
6.65993 1
9.32076 1
5.36778 1
3.68554 1
-2.1406 1
4.23287 1
-2.17002 1
5.14202 1
6.67031 1
5.88313 1
4.69598 1
5.14209 1
5.99101 1
5.00633 1
5.7029 1
4.59008 1
-2.72831 1
5.67132 1
4.58943 1
4.25962 1
6.10064 1
1.71018 1
6.03522 1
12.6932 1
2.91064 1
3.96524 1
0.139444 1
4.95718 1
6.75145 1
6.02203 1
9.40053 1
4.40431 1
4.51471 1
11.8845 1
1.8461 1
0.667979 1
6.34639 1
8.56258 1
11.5761 1
4.49323 1
7.11269 1
4.6471 1
4.73164 1
5.96143 1
4.13833 1
9.74913 1
2.49496 1
2.6603 1
14.4615 1
7.08497 1
5.24621 1
14.1174 1
3.52693 1
5.05831 1
4.40976 1
6.51182 1
6.08282 1
3.96016 1
-1.04894 1
3.04622 1
12.4034 1
6.11199 1
5.40778 1
2.93133 1
4.36774 1
5.11414 1
5.63594 1
7.72967 1
4.63394 1
6.68567 1
5.37548 1
5.20316 1
7.51824 1
13.4504 1
6.41869 1
8.3338 1
3.66987 1
3.83727 1
6.12965 1
4.19337 1
6.98211 1
4.33879 1
1.84556 1
4.32781 1
5.07063 1
3.73229 1
5.19127 1
6.41374 1
1.37645 1
10.5411 1
6.294 1
3.65205 1
3.86406 1
4.10655 1
-0.00927671 1
9.13069 1
2.13153 1
5.63988 1
8.47734 1
4.19995 1
3.7397 1
9.51968 1
8.12395 1
1.98554 1
0.430708 1
2.94143 1
-1.64556 1
7.54309 1
7.0701 1
11.7574 1
8.83627 1
5.89056 1
6.73096 1
1.72096 1
7.37675 1
3.12294 1
7.40134 1
4.2425 1
6.49491 1
-4.73736 1
2.68363 1
3.87698 1
9.61423 1
14.8139 1
5.59138 1
12.8659 1
8.67061 1
4.53661 1
11.2543 1
5.94911 1
7.8888 1
6.68392 1
12.2721 1
4.74469 1
3.43345 1
3.70074 1
2.66058 1
1.31996 1
13.9329 1
0.705327 1
-1.13632 1
-2.2745 1
7.5777 1
12.2833 1
9.34593 1
5.16255 1
3.77701 1
6.96202 1
9.6084 1
7.12752 1
6.55773 1
7.45676 1
8.36414 1
9.2176 1
5.58711 1
10.9724 1
3.23379 1
12.4879 1
1.17735 1
-1.74264 1
2.5475 1
-2.25346 1
5.31401 1
4.3237 1
4.97138 1
5.84902 1
3.98935 1
12.8856 1
5.28557 1
2.59192 1
11.3992 1
3.85918 1
3.75949 1
3.09216 1
-1.62778 1
4.2748 1
4.25309 1
10.9074 1
-3.0301 1
6.58862 1
6.66564 1
-4.47833 1
3.26828 1
8.09918 1
5.92686 1
3.45585 1
-0.475918 1
4.55906 1
-3.21265 1
5.37097 1
7.82646 1
6.55514 1
5.76933 1
4.90417 1
3.55069 1
-3.97288 1
3.57345 1
2.49033 1
0.637506 1
5.83883 1
8.6065 1
3.62361 1
4.56415 1
6.8461 1
7.92375 1
3.97663 1
-0.510691 1
6.75611 1
6.08503 1
8.45275 1
-1.06609 1
4.4004 1
4.21082 1
5.64059 1
8.16631 1
4.69195 1
4.21111 1
5.90494 1
6.26406 1
4.49476 1
7.95514 1
3.70093 1
5.42743 1
4.096 1
2.88264 1
3.57064 1
2.01016 1
6.68011 1
4.42011 1
1.95521 1
1.4159 1
0.930695 1
2.64716 1
7.27293 1
6.30356 1
5.53608 1
3.75231 1
2.64618 1
-4.11383 1
7.29294 1
8.63573 1
5.98206 1
1.36244 1
2.11014 1
-0.304388 1
5.98874 1
3.3187 1
6.32514 1
-0.122349 1
-2.6642 1
-0.617594 1
4.84656 1
4.95115 1
4.52664 1
6.8973 1
3.14881 1
6.1551 1
5.65976 1
8.31336 1
7.37163 1
6.72624 1
12.4156 1
7.83464 1
1.23448 1
7.24878 1
2.13671 1
5.33428 1
6.3272 1
5.08948 1
4.95403 1
3.95757 1
4.43673 1
4.7011 1
-4.12531 1
3.22415 1
14.0177 1
4.9881 1
2.54708 1
5.3352 1
2.48174 1
-4.03941 1
-0.641161 1
1.94378 1
7.09594 1
2.20548 1
5.65158 1
2.68533 1
9.0383 1
10.0285 1
6.79836 1
5.0074 1
2.09834 1
3.95469 1
7.51159 1
7.38319 1
6.29754 1
10.133 1
6.99562 1
5.10615 1
8.50371 1
8.5207 1
4.32127 1
6.74971 1
8.95695 1
3.42476 1
3.46382 1
0.0870504 1
0.545772 1
7.35831 1
3.50346 1
6.3855 1
4.8138 1
4.83511 1
5.16399 1
-1.64057 1
11.5889 1
4.48051 1
0.365907 1
6.30346 1
2.26664 1
-0.363461 1
6.61446 1
8.70816 1
6.94245 1
4.85174 1
4.76212 1
0.744771 1
-0.0498156 1
3.46853 1
6.08122 1
0.223111 1
6.55705 1
6.54027 1
5.19261 1
7.119 1
10.6409 1
4.57808 1
8.3969 1
6.66614 1
3.19955 1
4.87588 1
1.23781 1
-0.148157 1
1.50858 1
10.6436 1
5.59035 1
0.651715 1
6.2329 1
8.47032 1
4.34075 1
4.10052 1
5.87497 1
8.90469 1
12.5254 1
6.59977 1
5.3319 1
5.31463 1
13.1102 1
5.58404 1
1.60889 1
6.20581 1
2.47984 1
-0.586234 1
6.95312 1
6.53226 1
8.98127 1
5.57542 1
2.00722 1
3.91912 1
11.004 1
3.66393 1
2.29193 1
14.5014 1
6.53345 1
5.93787 1
9.4113 1
9.6043 1
0.597662 1
10.9326 1
4.46729 1
10.0375 1
7.08715 1
7.84683 1
4.69914 1
8.17304 1
5.42754 1
4.62891 1
3.61787 1
6.11421 1
3.56111 1
6.26485 1
4.17386 1
6.48965 1
1.89284 1
5.41522 1
6.47931 1
2.75928 1
5.0925 1
4.6932 1
4.24202 1
13.0647 1
7.41195 1
10.9085 1
4.60184 1
2.67456 1
7.81113 1
6.86333 1
4.26139 1
3.13457 1
4.97891 1
4.92128 1
7.25027 1
3.36095 1
2.82995 1
4.37676 1
6.54201 1
6.22523 1
2.72444 1
6.77314 1
5.02746 1
4.54691 1
3.57872 1
4.3379 1
1.99449 1
7.80835 1
3.73769 1
6.9158 1
5.94042 1
-0.59589 1
5.53321 1
3.2376 1
0.136958 1
11.3218 1
6.13475 1
0.526276 1
6.80422 1
12.4082 1
6.37973 1
6.04947 1
2.26445 1
6.91468 1
4.78799 1
14.6999 1
4.92154 1
2.86737 1
6.17656 1
1.38163 1
2.42925 1
4.80107 1
2.68479 1
6.44662 1
10.1024 1
4.41621 1
12.4739 1
2.72505 1
5.39219 1
7.11413 1
6.34111 1
5.17973 1
4.41841 1
2.82716 1
4.90262 1
4.45569 1
2.14778 1
4.36612 1
7.42951 1
7.2437 1
11.8977 1
6.7673 1
2.84157 1
4.34414 1
7.31983 1
2.96229 1
9.12706 1
7.02172 1
5.66428 1
5.30133 1
9.42169 1
-0.247732 1
5.94177 1
7.80141 1
2.71369 1
7.21356 1
7.35707 1
9.18244 1
3.36736 1
2.76527 1
3.96155 1
5.12345 1
8.12434 1
0.826034 1
2.47908 1
9.69708 1
3.61596 1
5.86143 1
-2.62002 1
3.48245 1
5.15006 1
9.13593 1
6.92011 1
-1.30587 1
4.82992 1
2.10613 1
1.72554 1
4.40073 1
6.31164 1
2.71475 1
-0.354806 1
3.85657 1
6.07551 1
6.68218 1
4.53459 1
6.39662 1
9.60809 1
2.79672 1
4.6108 1
5.15714 1
6.84274 1
13.85 1
9.46224 1
8.43709 1
9.69228 1
0.417253 1
8.23622 1
4.94788 1
9.01344 1
-1.1025 1
4.39845 1
2.06304 1
4.63625 1
3.89486 1
3.27946 1
-1.54278 1
-3.62176 1
-4.10265 1
13.126 1
4.29093 1
9.93009 1
4.8171 1
-1.47255 1
6.67053 1
5.04499 1
7.06431 1
2.19073 1
6.23489 1
6.62693 1
9.66553 1
4.47841 1
-0.483751 1
5.66209 1
4.17974 1
5.13187 1
3.74907 1
5.06423 1
5.65592 1
9.20632 1
10.5574 1
3.19532 1
8.53859 1
3.61907 1
6.96357 1
13.2807 1
3.57089 1
2.28616 1
7.62401 1
4.28089 1
6.04319 1
0.700405 1
7.46471 1
4.32155 1
8.447 1
6.52138 1
9.58731 1
5.46735 1
-0.176534 1
5.64337 1
2.91413 1
9.8176 1
10.8553 1
1.29555 1
5.43338 1
8.67254 1
5.59777 1
6.54443 1
4.86609 1
12.3637 1
0.632394 1
4.43687 1
-0.0231829 1
4.11913 1
5.55909 1
7.36845 1
5.63688 1
5.36291 1
5.7983 1
5.48655 1
12.3744 1
4.29697 1
1.51035 1
4.40639 1
7.00041 1
10.2626 1
7.61793 1
5.2352 1
5.54354 1
7.03859 1
10.8053 1
4.93691 1
4.88566 1
1.61943 1
4.31489 1
-1.48089 1
-0.27004 1
7.74928 1
12.5998 1
5.91212 1
5.77679 1
3.50705 1
3.55911 1
4.92306 1
4.87841 1
4.62683 1
0.408329 1
4.85966 1
3.95967 1
4.83783 1
0.578798 1
6.90465 1
6.39416 1
1.96501 1
8.17894 1
3.45486 1
5.50199 1
8.42491 1
4.50605 1
2.08409 1
1.39597 1
3.88898 1
-2.23781 1
7.88571 1
5.08564 1
4.80571 1
9.45372 1
4.65348 1
0.640416 1
4.73533 1
9.90717 1
10.5498 1
3.32498 1
3.16349 1
3.8323 1
6.5565 1
6.33405 1
14.164 1
5.28448 1
5.89128 1
2.62338 1
4.7867 1
6.70751 1
4.4887 1
6.85828 1
5.37034 1
0.626272 1
2.42403 1
8.8752 1
-3.00887 1
6.98585 1
8.74209 1
2.70805 1
12.155 1
8.74345 1
4.75581 1
6.7837 1
5.62036 1
-2.15277 1
4.25271 1
6.06258 1
6.7749 1
5.93552 1
6.43563 1
5.86646 1
4.64472 1
10.4289 1
2.84723 1
4.93205 1
3.62775 1
5.87168 1
3.96584 1
3.48249 1
10.0817 1
5.94083 1
1.24359 1
-0.666684 1
4.817 1
8.12529 1
4.22838 1
1.56828 1
-2.87377 1
4.48169 1
1.21212 1
2.10528 1
3.40324 1
6.89608 1
5.07807 1
5.08828 1
6.82778 1
-3.78319 1
7.99924 1
3.62573 1
5.34752 1
1.83238 1
0.322419 1
9.30695 1
12.897 1
5.58538 1
8.23757 1
7.20472 1
13.9927 1
5.31601 1
6.31286 1
4.68081 1
6.65633 1
3.38319 1
5.06081 1
-0.330665 1
7.3674 1
8.33186 1
-0.27525 1
7.40555 1
9.43 1
1.65028 1
0.95667 1
2.27944 1
5.7809 1
7.70458 1
6.3989 1
1.60479 1
5.1858 1
5.71656 1
8.53389 1
5.35425 1
2.9699 1
5.30239 1
6.50047 1
-0.833545 1
-0.117774 1
11.8874 1
7.84891 1
2.11146 1
4.44843 1
3.57955 1
5.77313 1
5.51986 1
8.4726 1
1.40623 1
4.56271 1
7.2533 1
5.49996 1
5.19388 1
3.55115 1
8.19203 1
10.7583 1
5.76333 1
8.09906 1
-3.44322 1
7.14608 1
-1.20511 1
10.4925 1
7.35047 1
7.14192 1
4.87477 1
2.53901 1
2.91741 1
-0.977199 1
5.27915 1
8.28522 1
-4.11315 1
9.21255 1
2.42545 1
6.9903 1
4.97531 1
7.01985 1
6.30206 1
7.74884 1
2.57508 1
4.80151 1
-1.50736 1
4.75931 1
0.529989 1
4.36874 1
10.7282 1
5.01882 1
6.27728 1
4.21916 1
6.40966 1
5.28087 1
-2.01225 1
4.17291 1
3.53968 1
5.52199 1
4.66039 1
-4.3878 1
12.1975 1
1.99082 1
3.65187 1
6.27654 1
4.76066 1
7.49129 1
5.27101 1
3.72865 1
5.25622 1
10.0889 1
1.61165 1
8.95955 1
1.39859 1
7.59549 1
1.03535 1
8.3325 1
11.725 1
0.90312 1
-2.84329 1
-1.92385 1
5.75979 1
4.84094 1
5.50756 1
5.7602 1
5.07893 1
8.4349 1
9.67077 1
7.69713 1
3.33595 1
1.85293 1
8.13777 1
5.17868 1
4.57211 1
8.97411 1
-1.60459 1
13.2153 1
7.16732 1
6.44475 1
6.41392 1
12.2278 1
2.87038 1
4.31378 1
7.16434 1
4.02812 1
6.15424 1
4.04463 1
4.80235 1
4.46863 1
-2.96125 1
7.88499 1
6.37009 1
6.70682 1
3.07688 1
2.63569 1
2.72427 1
7.17274 1
11.2497 1
6.56619 1
9.18071 1
1.54642 1
9.09472 1
9.90462 1
4.99065 1
5.61802 1
5.94219 1
11.4805 1
8.13764 1
0.294654 1
7.62285 1
-0.183097 1
10.3499 1
6.67505 1
7.47593 1
5.28092 1
6.90006 1
7.02535 1
5.53522 1
3.67499 1
5.58022 1
3.72784 1
6.76309 1
3.24127 1
1.21506 1
6.42705 1
10.473 1
2.72805 1
7.97781 1
3.76868 1
3.98371 1
7.2534 1
10.7357 1
6.28208 1
4.8376 1
5.04815 1
4.43951 1
6.6686 1
6.55767 1
6.58387 1
8.39898 1
5.26045 1
4.96376 1
0.361973 1
5.2209 1
4.29257 1
1.0612 1
5.96815 1
-4.03644 1
4.6803 1
6.77905 1
8.04378 1
13.0284 1
8.83512 1
7.76945 1
6.96234 1
6.35498 1
8.35875 1
4.56876 1
1.12119 1
6.09374 1
8.41217 1
0.948145 1
4.1314 1
10.4059 1
4.5382 1
7.47868 1
8.60044 1
5.96666 1
6.62109 1
10.6538 1
4.29321 1
2.89832 1
3.37776 1
5.85774 1
2.7489 1
8.46278 1
5.02427 1
6.98018 1
6.58214 1
9.72725 1
5.61907 1
3.66274 1
5.15039 1
6.80118 1
0.999622 1
3.87017 1
1.26545 1
4.29817 1
11.1962 1
5.54246 1
1.75776 1
4.90844 1
10.0289 1
2.66425 1
5.54444 1
4.77496 1
3.79862 1
3.47056 1
-1.3363 1
7.97313 1
1.61992 1
6.59633 1
5.13714 1
-2.20428 1
10.1978 1
3.49902 1
4.46618 1
-1.25574 1
8.15797 1
3.26391 1
5.93664 1
5.51984 1
5.09967 1
-4.37714 1
8.67751 1
4.89198 1
11.1699 1
1.8456 1
4.53683 1
1.86107 1
6.15485 1
0.907603 1
6.81206 1
4.58606 1
-1.80495 1
10.0682 1
3.73575 1
5.4005 1
4.03571 1
4.7237 1
3.88752 1
3.52887 1
4.12481 1
8.13336 1
7.74902 1
7.84969 1
7.92841 1
4.63565 1
3.25259 1
5.94373 1
12.853 1
5.37751 1
8.11192 1
9.71543 1
4.58322 1
1.02902 1
-0.539757 1
14.4048 1
6.7526 1
5.11881 1
-1.17571 1
-1.73859 1
2.72369 1
6.17362 1
4.98507 1
5.93502 1
5.20879 1
8.17472 1
-2.22614 1
10.2136 1
11.0335 1
-4.2935 1
3.69851 1
14.105 1
12.0347 1
1.84193 1
5.90946 1
-1.56716 1
4.58846 1
4.69273 1
8.47888 1
2.82231 1
6.58002 1
5.11105 1
3.15626 1
-1.84213 1
7.23141 1
5.69243 1
6.73312 1
-1.65284 1
0.389013 1
5.33931 1
6.66796 1
12.5272 1
1.86782 1
4.63699 1
6.81092 1
1.6865 1
3.17439 1
9.74379 1
9.29075 1
5.84198 1
6.30659 1
4.74132 1
5.01545 1
2.78324 1
6.19693 1
11.422 1
2.54579 1
-3.2727 1
0.667257 1
6.6223 1
5.37528 1
4.109 1
6.62365 1
4.63509 1
2.95588 1
6.95422 1
-2.33012 1
-3.43679 1
8.35225 1
6.98034 1
-0.609345 1
4.79029 1
2.32388 1
5.27577 1
6.46965 1
9.17941 1
4.02341 1
4.79346 1
5.28323 1
12.1178 1
-2.44963 1
3.9236 1
7.51123 1
3.6119 1
7.7971 1
4.40919 1
5.15447 1
7.66907 1
5.39755 1
5.25032 1
6.05415 1
8.0027 1
-0.331274 1
8.32356 1
9.77815 1
7.07826 1
11.5543 1
6.51857 1
10.0415 1
8.47447 1
5.00711 1
6.4335 1
6.13006 1
8.284 1
1.23348 1
3.65647 1
6.26371 1
1.0726 1
5.55526 1
5.72518 1
13.6463 1
1.28812 1
0.570384 1
5.07173 1
6.21938 1
5.79153 1
1.65897 1
5.86347 1
6.18226 1
7.67965 1
3.15364 1
4.47009 1
4.91606 1
-0.03311 1
-1.73492 1
1.09548 1
0.891719 1
4.24151 1
3.71867 1
1.64526 1
2.86239 1
4.46408 1
6.85931 1
14.2993 1
4.76026 1
12.9279 1
3.25599 1
10.7068 1
3.77045 1
-2.86969 1
2.18771 1
6.39411 1
6.48592 1
6.18025 1
8.97746 1
5.52675 1
4.8429 1
7.03095 1
1.22086 1
2.98666 1
4.31519 1
1.88749 1
3.80355 1
3.49196 1
1.46987 1
3.89469 1
3.96419 1
3.36227 1
7.30967 1
2.53058 1
6.14829 1
2.77461 1
6.92723 1
3.75435 1
11.4927 1
0.754199 1
8.67572 1
11.3455 1
7.63437 1
3.45094 1
0.249535 1
3.47631 1
4.23866 1
2.89969 1
6.22849 1
5.6599 1
9.16265 1
6.09137 1
5.26832 1
5.35948 1
12.3635 1
4.97843 1
5.08791 1
5.95909 1
5.10043 1
3.8285 1
11.0883 1
5.31996 1
7.28947 1
12.7738 1
3.95492 1
-0.114178 1
12.6177 1
-0.465739 1
8.01656 1
2.15327 1
10.8966 1
7.18542 1
8.74133 1
6.00843 1
-2.13815 1
1.79696 1
3.47151 1
4.74545 1
6.42577 1
5.87316 1
1.98191 1
7.21214 1
2.02568 1
4.71055 1
6.43278 1
-1.8252 1
6.66819 1
3.67557 1
6.39223 1
2.76078 1
4.87011 1
3.91251 1
6.76571 1
2.95123 1
5.40499 1
3.2617 1
1.3782 1
7.12436 1
5.23512 1
-3.37013 1
4.90925 1
3.24277 1
6.12406 1
6.46391 1
9.2897 1
6.98152 1
3.4875 1
5.52541 1
4.80914 1
13.7728 1
7.76331 1
4.23641 1
4.7432 1
3.71638 1
7.27723 1
3.60395 1
4.09416 1
10.2297 1
3.72737 1
3.18541 1
3.34534 1
12.5383 1
5.27949 1
1.85548 1
-1.86534 1
9.15018 1
9.49867 1
6.18833 1
3.01525 1
5.54888 1
4.99399 1
6.34304 1
2.34912 1
5.68443 1
5.621 1
4.46818 1
5.45523 1
5.10236 1
3.48754 1
5.57133 1
4.61029 1
5.21224 1
3.86008 1
6.57405 1
9.60498 1
5.2794 1
5.22668 1
7.83986 1
-1.80894 1
7.03921 1
6.22843 1
4.59989 1
5.25136 1
6.48255 1
8.11271 1
2.46326 1
4.39966 1
4.00464 1
2.66485 1
3.99569 1
-1.21367 1
5.5809 1
4.11348 1
3.04263 1
-0.867109 1
2.07547 1
3.04816 1
4.93145 1
6.29834 1
6.59585 1
1.55828 1
7.95163 1
5.25527 1
5.74779 1
1.99403 1
7.13092 1
0.612655 1
5.11664 1
1.22681 1
4.94487 1
6.46325 1
4.83748 1
4.93288 1
4.38518 1
6.32562 1
-0.475128 1
4.91961 1
4.40076 1
3.98903 1
7.01328 1
7.45181 1
6.10077 1
14.0161 1
8.44005 1
2.03265 1
-0.520212 1
4.85747 1
2.47075 1
5.37615 1
5.44008 1
8.26544 1
6.07764 1
5.29004 1
4.00341 1
4.43426 1
6.55298 1
6.01649 1
-4.53589 1
5.38169 1
6.43312 1
5.82729 1
6.92469 1
1.31176 1
8.1303 1
-3.98009 1
2.07296 1
10.0867 1
5.61815 1
11.4237 1
2.47809 1
9.60918 1
4.1119 1
6.03167 1
4.0798 1
5.70845 1
1.69115 1
10.1734 1
7.28631 1
4.27279 1
4.90483 1
8.76822 1
7.20319 1
9.43843 1
5.44742 1
11.6001 1
5.83295 1
6.97319 1
3.22876 1
10.2395 1
7.70751 1
3.88498 1
9.24006 1
6.56431 1
3.86451 1
7.17477 1
6.54886 1
7.18274 1
7.73456 1
1.38445 1
6.35493 1
5.14409 1
4.3939 1
2.46707 1
-3.13232 1
10.5011 1
0.586427 1
3.8352 1
9.41001 1
6.82197 1
9.15093 1
12.127 1
6.96864 1
3.99775 1
3.41106 1
5.73878 1
11.1189 1
-0.36562 1
7.04668 1
3.12433 1
3.47702 1
5.55703 1
3.77727 1
5.34115 1
7.00746 1
3.4386 1
5.73866 1
7.53521 1
2.6332 1
8.84885 1
-0.571404 1
2.66549 1
5.57823 1
4.29476 1
9.05881 1
3.37757 1
4.80401 1
3.37061 1
2.50045 1
4.82705 1
2.58276 1
4.02394 1
-0.827831 1
2.16655 1
7.57774 1
4.71826 1
8.4707 1
5.88602 1
3.83515 1
4.9511 1
3.43717 1
4.10378 1
-2.31511 1
10.6923 1
13.6816 1
6.72764 1
7.78911 1
3.91494 1
3.59388 1
10.1948 1
1.83475 1
2.47843 1
6.74466 1
12.7106 1
10.7509 1
3.75621 1
6.20947 1
6.86154 1
5.28429 1
10.7343 1
8.15407 1
8.19438 1
1.43772 1
0.200908 1
5.70045 1
4.96337 1
5.81344 1
5.60883 1
3.14172 1
7.27481 1
3.85267 1
-1.06003 1
-1.70226 1
6.79344 1
6.3198 1
6.41639 1
5.08298 1
1.04589 1
5.78688 1
5.06141 1
6.63819 1
4.4639 1
1.95318 1
7.74345 1
2.27416 1
4.75253 1
4.53531 1
3.69997 1
3.88167 1
5.74832 1
14.0912 1
5.6595 1
4.44861 1
5.5883 1
9.92768 1
7.82087 1
-0.378907 1
3.07613 1
4.95221 1
5.57761 1
4.7081 1
4.81368 1
6.57295 1
2.98166 1
14.2348 1
6.18355 1
6.25379 1
3.94531 1
9.15378 1
5.46919 1
4.61058 1
3.14971 1
8.27436 1
6.24381 1
7.76181 1
4.39003 1
6.25361 1
5.30773 1
3.51301 1
4.84563 1
14.6374 1
5.2313 1
5.92084 1
-0.308107 1
7.09608 1
7.28676 1
5.93342 1
0.869601 1
6.52914 1
4.25876 1
11.937 1
7.33081 1
5.50164 1
5.73288 1
2.81675 1
4.79289 1
3.02134 1
9.06979 1
9.88019 1
6.54205 1
5.47752 1
3.44574 1
1.66204 1
3.87453 1
1.94652 1
7.47018 1
4.9024 1
4.53839 1
2.94571 1
4.67695 1
4.91016 1
3.4763 1
4.50885 1
5.29672 1
9.50903 1
7.66581 1
7.57788 1
7.78094 1
7.47314 1
2.01867 1
6.89954 1
-2.13094 1
14.4671 1
2.97791 1
10.1168 1
-2.65708 1
-3.62284 1
8.164 1
4.71766 1
0.355939 1
5.01383 1
4.85572 1
5.56344 1
3.73681 1
5.09377 1
-2.91907 1
5.30695 1
2.11016 1
4.81571 1
-3.60822 1
4.52043 1
4.18547 1
5.19682 1
3.99519 1
6.66901 1
7.46861 1
8.0084 1
7.45975 1
3.86837 1
5.28551 1
5.90411 1
4.7579 1
-2.24298 1
7.83095 1
5.1599 1
3.94493 1
7.96389 1
3.71218 1
3.5987 1
10.6211 1
4.03846 1
5.41058 1
9.09273 1
1.59953 1
1.21212 1
3.16313 1
9.17371 1
6.07672 1
10.039 1
3.53451 1
6.45747 1
12.5863 1
3.80751 1
6.64048 1
2.68516 1
-0.0165562 1
-4.02453 1
0.375586 1
6.36826 1
9.36947 1
7.27983 1
3.31543 1
3.69496 1
3.68068 1
8.29184 1
5.06461 1
0.545685 1
8.03612 1
2.36083 1
6.27925 1
6.17938 1
1.82374 1
7.02561 1
9.37051 1
6.84991 1
4.00856 1
11.3464 1
2.47302 1
5.6862 1
0.496027 1
5.32034 1
6.46202 1
4.21299 1
8.03067 1
4.71051 1
3.0789 1
4.64929 1
6.63704 1
6.69789 1
5.81129 1
-1.14002 1
1.55246 1
3.28563 1
5.56734 1
7.14837 1
6.26265 1
-4.03854 1
2.68284 1
-1.31574 1
9.06488 1
8.12782 1
-1.96334 1
7.18154 1
-4.68539 1
3.65836 1
7.39917 1
6.18043 1
6.05593 1
1.67882 1
7.63423 1
7.89653 1
-0.515201 1
4.59301 1
5.51369 1
5.20833 1
4.13921 1
3.1188 1
5.8361 1
1.1869 1
-3.3734 1
2.04978 1
7.53036 1
-3.96954 1
14.2642 1
6.11522 1
4.1085 1
0.959977 1
6.76329 1
8.75142 1
4.76097 1
4.40873 1
3.97505 1
4.53985 1
1.60601 1
7.51007 1
4.38424 1
5.83179 1
4.7678 1
4.538 1
1.31434 1
3.08202 1
3.94032 1
7.25557 1
7.69892 1
6.32575 1
5.04375 1
1.08344 1
6.79412 1
2.31766 1
8.31431 1
1.1046 1
2.90853 1
-1.24005 1
0.473485 1
-4.72782 1
-2.05149 1
-0.566149 1
6.17132 1
5.55398 1
13.0794 1
1.13377 1
5.17633 1
4.42886 1
7.40203 1
4.69098 1
3.35351 1
7.06701 1
8.04232 1
2.77174 1
2.60451 1
6.5887 1
8.81238 1
4.61826 1
5.84501 1
5.66204 1
-1.07362 1
11.1164 1
9.7359 1
7.64119 1
6.08213 1
0.588673 1
5.01062 1
6.75527 1
9.46688 1
5.86876 1
3.98197 1
8.37811 1
7.42689 1
13.9727 1
7.18492 1
5.09288 1
6.79938 1
5.85187 1
-0.31318 1
4.52965 1
6.12041 1
6.67214 1
3.19628 1
11.788 1
4.06135 1
6.12276 1
5.97453 1
1.25628 1
3.59605 1
11.0238 1
-3.36571 1
11.0349 1
5.41468 1
8.57863 1
6.73952 1
3.76184 1
2.6767 1
13.8597 1
2.39765 1
6.87821 1
3.80669 1
5.65947 1
12.3096 1
13.0281 1
4.61764 1
-0.977083 1
6.60594 1
3.22795 1
7.59984 1
6.35516 1
9.89236 1
6.29486 1
3.94862 1
4.44867 1
-0.437844 1
0.82897 1
13.8555 1
1.88481 1
5.90794 1
2.38169 1
0.625072 1
6.40887 1
4.08765 1
7.5031 1
7.73507 1
6.98978 1
5.14246 1
8.35856 1
5.62919 1
4.16059 1
6.00854 1
9.48366 1
5.84767 1
3.94714 1
9.86693 1
3.63103 1
6.53843 1
3.34006 1
3.36313 1
5.27597 1
4.91387 1
7.01246 1
13.9871 1
4.57621 1
10.4487 1
11.3304 1
5.69293 1
-0.556336 1
1.44221 1
5.11134 1
7.72217 1
6.57076 1
5.95166 1
-0.424148 1
6.91979 1
5.06983 1
2.03624 1
-2.93136 1
3.23096 1
11.2351 1
3.33391 1
7.15134 1
5.10281 1
1.40972 1
4.44239 1
5.17685 1
13.4313 1
3.67896 1
4.94187 1
4.79785 1
7.24155 1
9.30572 1
8.74139 1
-0.986049 1
6.36616 1
5.51941 1
14.2782 1
5.98938 1
3.397 1
4.2548 1
11.6566 1
4.4908 1
6.86998 1
7.06093 1
7.40375 1
4.22678 1
8.16804 1
4.817 1
4.99932 1
6.70739 1
6.52562 1
-0.133054 1
5.74562 1
5.82702 1
1.37492 1
4.80078 1
3.88622 1
0.572221 1
7.37879 1
2.84862 1
5.71832 1
7.28354 1
6.19501 1
3.81456 1
5.75287 1
5.72822 1
7.8446 1
8.47716 1
7.70181 1
0.977724 1
7.71017 1
6.50528 1
3.53773 1
0.499898 1
3.18186 1
6.10726 1
6.75969 1
14.7381 1
6.42195 1
4.15695 1
5.98406 1
4.95861 1
6.24558 1
4.34264 1
4.92355 1
3.50867 1
6.13724 1
6.23194 1
2.94387 1
5.66514 1
13.1927 1
2.08414 1
8.55366 1
0.735169 1
6.61503 1
5.11067 1
6.03267 1
9.96048 1
7.78068 1
8.34597 1
-0.62869 1
2.22613 1
2.38158 1
3.62519 1
3.87047 1
4.5916 1
10.4074 1
6.80302 1
3.48141 1
5.37262 1
0.50757 1
0.182619 1
5.79089 1
1.72591 1
3.62727 1
1.56406 1
2.92834 1
7.38321 1
11.007 1
3.42334 1
10.3941 1
10.6102 1
4.78721 1
13.3233 1
4.58757 1
8.27793 1
8.67195 1
4.79575 1
6.79894 1
2.15958 1
7.15533 1
6.36836 1
8.49659 1
8.35337 1
2.641 1
6.36193 1
5.9148 1
-4.0085 1
8.79368 1
5.51797 1
12.5149 1
13.0374 1
2.98187 1
9.88581 1
7.79013 1
7.45573 1
10.5941 1
8.23934 1
9.0825 1
5.57572 1
5.69879 1
6.4206 1
3.8434 1
6.88006 1
8.34337 1
4.73849 1
-1.0289 1
7.36599 1
3.69564 1
-0.163455 1
4.70679 1
-1.42649 1
2.59969 1
6.80824 1
3.20885 1
6.78339 1
2.63654 1
9.87307 1
3.5094 1
4.05621 1
7.43542 1
6.93377 1
5.51455 1
4.10258 1
1.47314 1
2.58733 1
7.07123 1
2.74046 1
12.4676 1
8.59406 1
6.30306 1
4.6874 1
3.69227 1
4.3406 1
5.8453 1
6.30156 1
-1.10918 1
-3.67224 1
7.51549 1
5.4945 1
4.42205 1
10.7724 1
4.5545 1
4.77399 1
7.06847 1
-2.26388 1
-2.28442 1
3.60681 1
13.5439 1
5.78734 1
12.8654 1
7.11231 1
2.27414 1
1.16115 1
5.11548 1
5.44294 1
8.94478 1
0.415554 1
3.31025 1
1.96818 1
0.917311 1
7.88357 1
8.2183 1
7.26368 1
5.89473 1
6.48078 1
-1.57689 1
5.05666 1
9.75662 1
3.766 1
-0.240658 1
6.55439 1
13.5589 1
7.27417 1
4.84029 1
4.60597 1
-3.89519 1
11.3725 1
4.80505 1
4.58704 1
6.39368 1
-0.218967 1
6.30912 1
3.67237 1
4.56535 1
-3.30098 1
8.12056 1
3.3729 1
-0.735023 1
5.89758 1
0.632789 1
5.17178 1
4.74864 1
5.08536 1
4.88476 1
-1.36236 1
-1.19161 1
6.0183 1
4.59931 1
9.36222 1
5.50951 1
4.56956 1
1.10226 1
6.72698 1
4.50947 1
5.11262 1
3.63651 1
8.5049 1
2.30198 1
5.64842 1
4.13833 1
2.94744 1
1.27725 1
4.52078 1
7.35338 1
-0.0317447 1
10.4459 1
6.13346 1
6.21787 1
6.14509 1
3.62637 1
-3.13346 1
6.54671 1
2.65974 1
6.006 1
4.39687 1
8.95693 1
7.82887 1
6.25697 1
4.5985 1
8.19154 1
4.52032 1
13.8258 1
6.28133 1
5.17175 1
5.36567 1
7.64191 1
2.68147 1
4.8289 1
3.96856 1
5.11976 1
8.24662 1
4.28946 1
3.39522 1
7.46169 1
-4.01759 1
4.60129 1
6.83997 1
4.31699 1
9.5543 1
3.00993 1
1.17715 1
5.38773 1
7.09459 1
3.38724 1
2.43156 1
11.2968 1
8.9096 1
3.53065 1
6.42734 1
3.77319 1
5.00428 1
3.45477 1
12.9055 1
5.53741 1
4.88285 1
5.88559 1
4.22754 1
4.02258 1
4.70063 1
8.83827 1
12.1539 1
8.6685 1
12.2822 1
4.51518 1
2.77631 1
4.85532 1
-1.86844 1
5.24755 1
0.760907 1
13.7506 1
7.59835 1
5.89512 1
7.17819 1
8.74372 1
3.70779 1
4.4964 1
5.61406 1
12.3657 1
9.24027 1
8.66386 1
7.71368 1
1.3871 1
4.84083 1
5.74202 1
6.22092 1
8.58124 1
3.90797 1
-3.14637 1
-2.38024 1
0.243336 1
3.10564 1
0.467369 1
6.8663 1
3.38768 1
1.33297 1
8.15491 1
2.87431 1
3.15639 1
5.14108 1
13.7224 1
0.779884 1
5.83102 1
-1.82343 1
7.32939 1
5.46008 1
13.7658 1
8.05187 1
6.10771 1
6.07301 1
0.686162 1
9.70203 1
0.114909 1
7.17866 1
5.86979 1
10.0998 1
5.60069 1
5.33389 1
4.13071 1
0.850989 1
6.72077 1
5.09739 1
1.70015 1
5.91094 1
2.74214 1
2.02799 1
9.86205 1
3.57094 1
3.03856 1
3.02173 1
6.63739 1
2.20508 1
6.4244 1
7.27394 1
6.28947 1
4.99447 1
3.10781 1
6.94797 1
12.7994 1
4.69716 1
7.05488 1
2.73156 1
7.78891 1
12.7076 1
5.90223 1
6.42872 1
6.77395 1
6.12363 1
2.84863 1
7.50139 1
11.6189 1
2.03491 1
5.15828 1
6.53631 1
5.58718 1
-1.23255 1
6.99946 1
-2.45255 1
4.97886 1
5.83176 1
7.51344 1
9.38686 1
12.8392 1
5.57566 1
3.08661 1
5.9605 1
5.37892 1
7.8887 1
4.7818 1
-1.2627 1
7.66355 1
5.36791 1
3.90373 1
8.08898 1
6.24141 1
1.95882 1
1.9217 1
4.76139 1
2.4098 1
5.41234 1
14.679 1
6.54601 1
0.285271 1
5.83832 1
4.37053 1
7.13076 1
7.83765 1
6.63089 1
9.84971 1
0.404908 1
6.26144 1
4.54673 1
8.20596 1
3.93322 1
2.48385 1
4.92129 1
6.35513 1
6.21628 1
3.06411 1
7.12304 1
7.97569 1
3.14702 1
5.59661 1
4.4575 1
9.95518 1
9.6052 1
4.78359 1
5.42483 1
11.2434 1
3.73624 1
-1.17458 1
3.78759 1
4.18848 1
3.69144 1
5.26317 1
-3.97385 1
7.35589 1
6.38135 1
3.65905 1
7.89649 1
-0.585678 1
11.5063 1
7.92746 1
7.76041 1
3.00465 1
3.06423 1
4.14423 1
7.43597 1
8.27112 1
8.19793 1
1.97136 1
4.19673 1
1.63634 1
4.93705 1
4.18516 1
2.29466 1
7.09097 1
6.34614 1
1.67518 1
5.66721 1
4.1643 1
7.189 1
5.36315 1
6.86581 1
8.65016 1
4.44591 1
7.01229 1
7.22495 1
5.82841 1
3.65316 1
6.48403 1
5.8029 1
10.7241 1
-1.84543 1
4.26038 1
5.76297 1
4.29202 1
13.0939 1
-1.21934 1
6.28538 1
4.71643 1
-1.75698 1
1.49976 1
4.50327 1
5.57316 1
4.58814 1
8.2432 1
4.23785 1
12.5602 1
7.30727 1
6.58588 1
2.61446 1
5.00888 1
1.94013 1
-3.98985 1
10.1163 1
4.91363 1
0.377892 1
4.80113 1
-3.23145 1
6.65857 1
10.3276 1
-1.18825 1
0.371571 1
8.03631 1
4.2107 1
-1.8769 1
4.32496 1
4.90197 1
5.5595 1
6.99584 1
6.87413 1
4.93991 1
5.35954 1
9.38858 1
7.68741 1
5.88747 1
0.950026 1
10.3849 1
2.89934 1
5.04662 1
2.87013 1
6.68601 1
4.38147 1
2.02258 1
1.96205 1
6.67771 1
4.38484 1
6.08307 1
5.09859 1
7.18055 1
4.88556 1
4.32711 1
6.34701 1
8.98312 1
0.226108 1
2.29063 1
2.89194 1
5.35836 1
1.18705 1
5.66887 1
3.82975 1
2.80835 1
2.45766 1
-0.569226 1
9.50225 1
4.2638 1
-1.52962 1
5.78127 1
0.505026 1
10.2647 1
2.08694 1
5.24215 1
14.4448 1
5.78613 1
4.97932 1
5.34282 1
11.5097 1
6.72351 1
2.74539 1
-1.38052 1
6.76908 1
2.11853 1
1.11401 1
7.55223 1
1.50418 1
1.48191 1
4.63251 1
2.84445 1
5.36802 1
6.74887 1
6.67832 1
6.29901 1
7.97793 1
5.35438 1
6.23635 1
2.66407 1
6.27436 1
5.07173 1
7.49033 1
7.84484 1
10.4699 1
-0.270174 1
4.86254 1
-3.19284 1
6.49764 1
5.24763 1
4.30686 1
4.04273 1
-1.3325 1
5.38248 1
3.39905 1
3.4207 1
3.12763 1
6.24066 1
5.60849 1
14.0644 1
0.693608 1
5.58053 1
8.41293 1
1.41657 1
5.85 1
5.05572 1
5.3058 1
4.65581 1
5.43682 1
5.48539 1
6.08878 1
1.48357 1
3.86566 1
0.88239 1
8.41502 1
0.464658 1
4.59363 1
7.26625 1
3.77363 1
4.95503 1
-2.72409 1
4.24047 1
1.74719 1
5.38306 1
4.02082 1
7.70799 1
1.66599 1
1.17141 1
1.41663 1
5.99481 1
6.5156 1
5.00828 1
6.13006 1
3.36404 1
3.36746 1
6.72033 1
1.81918 1
5.19716 1
1.30183 1
-0.96011 1
5.97988 1
8.6006 1
-0.535468 1
5.80281 1
13.288 1
14.5582 1
12.3177 1
5.29542 1
0.919795 1
0.302854 1
5.94169 1
7.20062 1
5.59838 1
-2.08659 1
7.64061 1
6.77024 1
4.76793 1
-0.397394 1
0.058946 1
6.57451 1
3.4402 1
5.59498 1
7.20295 1
2.92121 1
3.42575 1
10.9073 1
7.6469 1
-2.74253 1
7.38064 1
3.85514 1
2.15264 1
12.6427 1
4.71125 1
-3.26628 1
0.600031 1
3.78685 1
7.16187 1
-4.47707 1
9.76196 1
7.24409 1
5.88556 1
-1.13424 1
4.72755 1
4.6274 1
7.9555 1
5.13487 1
6.5342 1
0.926234 1
3.77391 1
2.62712 1
4.98526 1
14.3514 1
4.86593 1
6.29688 1
6.38886 1
4.20393 1
2.35463 1
8.14633 1
6.72027 1
9.56149 1
5.04145 1
2.96832 1
5.47493 1
9.59851 1
1.94475 1
5.84119 1
-0.937308 1
6.9954 1
6.49658 1
-1.81147 1
5.09262 1
10.1354 1
-0.593143 1
3.61951 1
1.89624 1
2.02438 1
1.37316 1
8.51233 1
8.02662 1
10.4739 1
6.40124 1
2.84915 1
2.3736 1
-4.57468 1
7.01036 1
5.868 1
0.174755 1
5.85844 1
6.34625 1
3.71846 1
8.64798 1
13.3222 1
4.29193 1
2.59189 1
10.5656 1
3.43436 1
1.75712 1
2.1995 1
-0.398795 1
8.14718 1
6.99768 1
7.33855 1
9.5794 1
3.64456 1
8.43055 1
4.11219 1
0.477046 1
3.50617 1
5.1055 1
5.82337 1
6.00385 1
5.78553 1
5.80686 1
-2.45275 1
5.48389 1
5.39195 1
7.06029 1
3.71094 1
5.6563 1
4.45953 1
5.82117 1
2.08343 1
5.1492 1
2.98143 1
0.908574 1
13.9491 1
5.5262 1
10.3497 1
3.3242 1
4.63312 1
13.8309 1
0.805164 1
3.51464 1
-1.8271 1
1.80111 1
5.29493 1
9.20695 1
5.09628 1
7.39508 1
3.67533 1
9.09727 1
5.64098 1
14.4845 1
1.85736 1
2.25154 1
6.50078 1
4.97629 1
6.56299 1
2.85285 1
4.85375 1
7.05591 1
6.72935 1
0.577993 1
0.88127 1
4.22826 1
6.10775 1
10.2012 1
8.89617 1
2.22459 1
6.44356 1
1.02326 1
3.81533 1
3.47528 1
7.93336 1
5.331 1
7.00605 1
5.64497 1
3.97596 1
6.39796 1
5.41558 1
2.34407 1
11.0715 1
5.37271 1
1.40587 1
7.73158 1
5.01964 1
6.16188 1
9.61804 1
3.34792 1
4.3863 1
2.95795 1
5.33331 1
4.70499 1
7.09064 1
3.95624 1
6.29421 1
5.98417 1
3.70818 1
1.24613 1
6.63542 1
6.66953 1
6.23165 1
5.70987 1
-1.28906 1
6.23077 1
7.31962 1
7.32694 1
11.2169 1
4.45109 1
11.5932 1
7.96528 1
8.87421 1
6.32334 1
4.14451 1
6.91574 1
3.15622 1
12.0486 1
8.20519 1
1.21029 1
1.42142 1
8.91806 1
6.30054 1
5.6439 1
6.2032 1
-0.908749 1
8.37965 1
2.77091 1
4.91876 1
-0.817225 1
3.5888 1
0.174521 1
6.21337 1
8.77197 1
13.0577 1
4.93832 1
1.68855 1
12.316 1
4.84557 1
7.1824 1
6.60252 1
5.67359 1
5.23747 1
7.44023 1
7.18785 1
-0.604389 1
9.37689 1
5.24268 1
-0.15634 1
-0.0337232 1
5.35528 1
6.6552 1
6.56161 1
0.928792 1
7.32722 1
8.36677 1
3.20584 1
3.60166 1
4.09302 1
3.64826 1
4.91425 1
5.69338 1
1.66287 1
6.38375 1
6.48387 1
5.81873 1
0.639609 1
1.00517 1
5.82626 1
6.93337 1
5.40426 1
4.06749 1
4.68596 1
3.74036 1
11.7831 1
3.71258 1
2.54285 1
3.90709 1
5.20295 1
3.62584 1
7.49673 1
11.0336 1
6.19749 1
3.41222 1
-0.722606 1
9.41359 1
3.78787 1
7.79837 1
2.51437 1
5.00641 1
14.0489 1
6.15855 1
6.01756 1
0.583766 1
6.05422 1
3.86618 1
5.23943 1
12.0545 1
3.51377 1
6.24323 1
2.24398 1
6.28314 1
-4.31535 1
-3.95738 1
9.03925 1
9.54194 1
11.8492 1
6.28217 1
6.05887 1
-0.177412 1
4.12437 1
5.33623 1
5.8066 1
5.04862 1
2.84428 1
5.44291 1
6.40923 1
11.2069 1
2.4988 1
11.8676 1
7.03905 1
6.71212 1
2.28215 1
3.61467 1
9.9817 1
8.60941 1
-0.207081 1
-0.4269 1
5.1511 1
4.93085 1
3.51373 1
0.0430739 1
3.29753 1
8.17965 1
4.66178 1
8.49506 1
4.98887 1
4.32319 1
6.95714 1
6.24372 1
1.85226 1
5.61225 1
5.94684 1
7.30283 1
2.4618 1
3.30369 1
8.06807 1
5.43803 1
-1.64201 1
6.8804 1
-1.55371 1
1.96634 1
8.69873 1
4.12925 1
7.23139 1
3.69809 1
3.24622 1
1.57484 1
5.12471 1
9.44639 1
-4.83327 1
2.5599 1
7.85546 1
6.09821 1
3.69292 1
3.82299 1
2.16661 1
6.70244 1
3.91113 1
2.21544 1
5.17523 1
4.38105 1
6.11309 1
7.73622 1
3.68311 1
8.08261 1
5.82634 1
5.04763 1
5.63537 1
5.46636 1
4.21242 1
7.14796 1
3.42363 1
8.52623 1
7.10469 1
5.16521 1
8.45009 1
6.38966 1
13.4056 1
5.48986 1
2.07583 1
5.36538 1
7.4584 1
8.29334 1
7.35344 1
5.21076 1
0.848265 1
4.86798 1
5.20222 1
4.33051 1
6.3314 1
7.77776 1
6.90264 1
5.30981 1
14.5005 1
2.80284 1
9.21645 1
11.617 1
2.53817 1
0.861922 1
3.65469 1
3.57167 1
1.1879 1
0.920767 1
6.55599 1
5.20485 1
4.78132 1
4.38901 1
6.00961 1
6.04058 1
-0.419691 1
10.2776 1
1.74893 1
5.27908 1
5.44216 1
11.7276 1
4.18081 1
1.13077 1
5.73713 1
9.8269 1
7.03984 1
8.10485 1
3.29971 1
11.2538 1
6.5081 1
4.86243 1
0.978661 1
8.43314 1
9.06707 1
3.22779 1
5.15299 1
4.15147 1
0.911269 1
3.06994 1
6.89264 1
6.87196 1
6.93839 1
4.49111 1
3.07043 1
3.13853 1
3.56871 1
9.39551 1
4.57469 1
6.51485 1
7.27554 1
-0.173713 1
4.60252 1
9.51438 1
-0.299984 1
7.58273 1
2.08344 1
2.70596 1
0.902608 1
5.10047 1
5.3454 1
2.80695 1
1.23218 1
1.6961 1
3.97799 1
7.22799 1
2.31035 1
6.07192 1
5.19581 1
8.98871 1
-2.91907 1
0.162483 1
5.47998 1
9.67512 1
3.61804 1
6.26532 1
2.16526 1
5.64491 1
5.53673 1
7.02257 1
5.01916 1
5.67284 1
7.13956 1
6.28923 1
-2.72291 1
9.77985 1
5.55422 1
12.9023 1
4.66169 1
4.01026 1
7.4932 1
4.02434 1
6.06783 1
3.76135 1
5.14326 1
5.20122 1
1.73848 1
6.72011 1
5.0483 1
10.7314 1
2.507 1
5.16894 1
5.19824 1
6.527 1
5.86205 1
13.2949 1
6.53207 1
5.79447 1
5.57972 1
2.53053 1
3.3906 1
3.04227 1
4.97415 1
8.36324 1
7.613 1
5.14312 1
4.85283 1
5.80483 1
4.21207 1
5.98343 1
12.0683 1
6.90397 1
3.14738 1
8.1571 1
5.8478 1
5.77197 1
5.36927 1
3.80606 1
-2.20175 1
8.13405 1
12.9455 1
-2.90749 1
5.56552 1
6.28513 1
3.28167 1
5.96922 1
5.94993 1
3.66933 1
0.714325 1
2.89355 1
13.3507 1
-0.412176 1
6.87017 1
7.81388 1
1.8901 1
4.6222 1
4.37016 1
5.51976 1
6.34674 1
6.82422 1
7.18274 1
-3.03021 1
6.35447 1
4.89577 1
5.97609 1
8.20053 1
3.99207 1
6.93143 1
11.7025 1
6.33414 1
4.54932 1
2.22526 1
4.48714 1
4.59007 1
5.35485 1
4.83293 1
6.49867 1
5.40137 1
5.36113 1
1.02585 1
2.60017 1
1.41406 1
12.8236 1
1.27418 1
3.06479 1
2.8941 1
9.74674 1
4.40646 1
3.40115 1
5.34401 1
7.09606 1
4.05157 1
3.38765 1
5.16083 1
2.75874 1
4.99259 1
-0.0758599 1
10.1329 1
5.49493 1
5.94119 1
5.91327 1
5.0595 1
-4.06295 1
5.8574 1
2.0084 1
8.37347 1
5.51141 1
2.90321 1
5.14304 1
13.0603 1
3.38869 1
2.57765 1
6.35099 1
8.77618 1
8.04903 1
6.51028 1
7.90434 1
3.81269 1
1.06765 1
3.0558 1
4.27879 1
2.41215 1
4.56053 1
7.77098 1
6.12568 1
5.00608 1
6.65843 1
0.898476 1
6.31937 1
7.67288 1
5.90281 1
5.29186 1
4.66512 1
2.17917 1
5.66228 1
6.48042 1
1.14109 1
10.4875 1
6.50605 1
6.49725 1
9.35826 1
3.0394 1
3.96154 1
7.18364 1
5.0121 1
4.7436 1
1.4856 1
5.84898 1
4.54947 1
4.41592 1
8.94493 1
4.20085 1
0.0593564 1
4.8307 1
7.61091 1
7.43636 1
9.01264 1
6.87078 1
6.60905 1
5.11516 1
-3.3473 1
11.022 1
7.19555 1
4.60111 1
7.2803 1
5.50575 1
3.52194 1
9.5011 1
5.43025 1
6.28507 1
3.37901 1
6.00221 1
4.82816 1
6.75658 1
-3.49993 1
4.17061 1
1.30985 1
-1.29866 1
1.56012 1
-1.54361 1
7.23326 1
4.43397 1
8.99761 1
8.86868 1
5.77674 1
5.74397 1
4.09005 1
6.39389 1
7.15819 1
1.36814 1
6.84553 1
1.80381 1
7.07961 1
5.23488 1
2.0218 1
3.68224 1
-3.13677 1
3.82003 1
5.69862 1
10.6645 1
3.32095 1
6.6041 1
3.44881 1
10.7925 1
4.24266 1
8.28052 1
3.06447 1
6.6682 1
6.09066 1
5.03276 1
6.45879 1
8.62323 1
4.3461 1
7.64279 1
8.3659 1
3.69505 1
7.77509 1
8.53081 1
3.08605 1
11.6704 1
6.94447 1
12.4868 1
3.17596 1
7.30591 1
2.10582 1
6.60442 1
3.12826 1
4.57829 1
2.89145 1
5.62726 1
4.45882 1
4.16837 1
5.78433 1
5.50158 1
7.81064 1
3.15654 1
4.20388 1
5.09326 1
3.48852 1
6.30341 1
1.93645 1
6.84017 1
-1.74264 1
7.65239 1
14.4219 1
2.51284 1
1.91105 1
3.78905 1
1.88977 1
3.5049 1
5.62817 1
2.96618 1
4.45896 1
6.19882 1
4.35325 1
1.54589 1
4.72946 1
4.30753 1
4.36405 1
5.18957 1
3.32125 1
5.70412 1
2.15828 1
1.68893 1
10.247 1
7.47073 1
-2.43661 1
14.6466 1
2.285 1
6.77286 1
2.87764 1
4.91599 1
5.857 1
7.68651 1
3.07437 1
3.29137 1
1.24211 1
10.0329 1
9.40424 1
10.6902 1
1.41603 1
3.95894 1
5.50119 1
9.77445 1
-2.62306 1
5.32095 1
5.60993 1
13.9406 1
13.2451 1
6.48277 1
4.62398 1
5.95463 1
3.43903 1
3.25682 1
4.02163 1
8.03491 1
4.6368 1
2.76918 1
5.24763 1
0.345559 1
1.31986 1
4.36664 1
3.03194 1
10.9619 1
1.24284 1
-2.20263 1
4.22181 1
7.73964 1
3.22272 1
0.65193 1
0.755646 1
6.69298 1
8.24866 1
0.830878 1
6.57304 1
6.52068 1
8.23981 1
7.12255 1
3.73375 1
0.724771 1
4.6118 1
5.4573 1
12.9237 1
9.53456 1
13.2484 1
11.9685 1
6.54434 1
3.16124 1
4.95407 1
6.11271 1
8.39229 1
4.00744 1
5.19145 1
2.68173 1
3.80617 1
-4.2126 1
3.56926 1
1.25685 1
4.76161 1
5.08345 1
2.917 1
7.11536 1
7.71931 1
1.43152 1
0.703764 1
8.48898 1
2.77601 1
0.280227 1
3.02126 1
3.10077 1
3.90086 1
8.77861 1
6.23625 1
4.65455 1
1.16874 1
7.67063 1
6.87874 1
5.54757 1
8.48905 1
5.74891 1
1.65686 1
10.3405 1
6.95403 1
5.16619 1
6.8037 1
4.41134 1
13.0603 1
2.35033 1
4.28465 1
7.34597 1
1.43631 1
5.77763 1
3.31459 1
6.43621 1
-0.780197 1
7.47819 1
1.47218 1
6.04731 1
7.00684 1
4.54626 1
7.0544 1
4.60307 1
0.803345 1
5.73144 1
10.9747 1
4.97169 1
3.50571 1
14.7325 1
2.31418 1
2.91845 1
-3.66401 1
0.867978 1
9.38407 1
6.215 1
5.15799 1
6.40992 1
0.814696 1
2.14585 1
4.04386 1
5.80425 1
-0.971384 1
4.24832 1
1.46393 1
2.45398 1
5.43722 1
5.32029 1
1.01946 1
5.10831 1
4.32365 1
7.56218 1
5.56369 1
1.38197 1
3.72267 1
-1.58038 1
4.9034 1
5.40439 1
1.78966 1
2.7898 1
4.82312 1
5.11515 1
6.42144 1
-1.91355 1
5.14495 1
0.637282 1
3.5368 1
-2.12349 1
1.32574 1
5.47386 1
8.36023 1
4.03751 1
8.06564 1
0.0549655 1
2.93946 1
4.56234 1
5.44056 1
6.12678 1
2.86564 1
4.62538 1
5.28863 1
6.10336 1
-0.0973274 1
5.70348 1
5.20256 1
2.13968 1
7.3781 1
4.05412 1
4.84554 1
0.541059 1
5.7195 1
0.0086771 1
7.11589 1
3.84551 1
4.7095 1
5.00471 1
-1.61067 1
8.72505 1
5.56804 1
-0.337991 1
5.31761 1
6.0952 1
2.56044 1
6.67478 1
4.13631 1
5.22782 1
5.3356 1
0.0515656 1
1.78937 1
5.56833 1
7.84292 1
7.39832 1
1.95708 1
2.05477 1
11.8146 1
3.00867 1
5.85203 1
4.75866 1
5.30805 1
7.27227 1
5.00344 1
12.1091 1
7.90285 1
3.50486 1
4.90787 1
14.6241 1
7.0209 1
4.50627 1
13.2158 1
-0.78552 1
5.82591 1
7.57692 1
2.47937 1
3.996 1
9.57388 1
3.08993 1
-4.32247 1
4.93947 1
3.31893 1
7.61061 1
5.71778 1
7.08915 1
3.32763 1
5.69751 1
2.58701 1
6.35524 1
4.62582 1
7.07423 1
2.7555 1
7.26673 1
11.6051 1
6.18498 1
3.85343 1
6.40053 1
5.70774 1
2.18715 1
2.77093 1
12.7584 1
3.64583 1
8.85862 1
6.54799 1
6.57371 1
4.03529 1
4.91691 1
1.59735 1
2.34033 1
5.32016 1
6.30942 1
5.79283 1
3.59416 1
9.05694 1
8.10376 1
5.83615 1
6.1804 1
5.57517 1
8.41479 1
8.23935 1
10.0209 1
6.4822 1
3.70835 1
-2.03549 1
6.52389 1
3.82992 1
11.9637 1
2.03668 1
2.56832 1
4.8052 1
6.0725 1
4.24666 1
4.27749 1
1.38718 1
2.35936 1
2.65943 1
6.93482 1
4.08297 1
7.47131 1
6.33118 1
-1.48989 1
-3.37059 1
6.67304 1
4.65163 1
8.88871 1
6.75205 1
-0.862514 1
14.0665 1
7.15202 1
8.55424 1
7.03824 1
4.00463 1
4.5539 1
-1.94099 1
6.12271 1
3.73492 1
6.07158 1
7.8996 1
1.51002 1
5.21375 1
-0.375078 1
3.92494 1
2.38119 1
5.1628 1
3.45967 1
7.07765 1
3.08213 1
0.216131 1
6.7705 1
8.91777 1
9.40454 1
5.24329 1
5.80214 1
1.24392 1
8.15829 1
5.4931 1
1.0529 1
4.68189 1
-0.252963 1
6.49467 1
11.0554 1
7.13569 1
10.7166 1
1.08961 1
12.0092 1
12.8856 1
2.04677 1
4.56442 1
3.63769 1
6.30062 1
-0.673036 1
6.89765 1
12.4522 1
4.04703 1
6.46457 1
3.34044 1
6.66661 1
-0.686552 1
4.73423 1
-2.6266 1
4.27371 1
6.04193 1
5.90984 1
3.6002 1
5.63152 1
2.42597 1
-1.62025 1
5.63626 1
7.19793 1
4.22026 1
1.81866 1
1.56372 1
3.51562 1
7.17474 1
3.64443 1
3.69401 1
9.54515 1
7.81489 1
6.83122 1
7.15105 1
9.74492 1
-0.855884 1
6.1788 1
6.07703 1
11.2669 1
4.10356 1
3.2217 1
8.55339 1
4.24007 1
0.601462 1
8.92612 1
-3.3097 1
11.2278 1
-1.06318 1
6.26624 1
10.6282 1
5.41063 1
3.43085 1
14.7038 1
12.6467 1
-1.72257 1
5.1285 1
2.73924 1
8.86831 1
3.36918 1
-3.97241 1
2.77293 1
6.70491 1
-0.87138 1
-4.55926 1
7.2834 1
3.7904 1
5.0069 1
6.79384 1
3.57639 1
4.60682 1
-1.46898 1
5.52373 1
0.707501 1
4.40182 1
-1.68747 1
3.84683 1
-0.16745 1
4.54178 1
4.91192 1
2.12699 1
3.10033 1
6.97545 1
5.14219 1
5.86365 1
6.61046 1
7.21499 1
5.23147 1
6.33731 1
9.16995 1
11.5558 1
4.23693 1
4.46265 1
12.8951 1
5.69205 1
4.8161 1
4.29156 1
5.08002 1
2.12767 1
1.02398 1
3.05517 1
7.8768 1
3.58914 1
4.61485 1
4.23377 1
0.83533 1
4.53577 1
2.51666 1
1.79913 1
-2.64256 1
5.07725 1
8.18605 1
-0.229998 1
6.30759 1
1.02084 1
1.99745 1
10.3266 1
6.5806 1
3.39126 1
8.24364 1
5.49299 1
3.9028 1
6.00255 1
5.48956 1
5.78155 1
4.52857 1
4.59737 1
5.76085 1
7.14819 1
9.52241 1
5.13248 1
4.8771 1
7.15443 1
9.01716 1
-1.36691 1
6.00525 1
7.10555 1
7.23353 1
7.68509 1
4.82567 1
4.27714 1
4.67865 1
12.477 1
10.0498 1
0.708731 1
6.30639 1
7.95079 1
9.08259 1
7.80233 1
8.42425 1
10.567 1
4.14881 1
0.0676797 1
5.68946 1
7.56148 1
8.73646 1
4.79838 1
3.47186 1
1.2209 1
5.60126 1
10.0459 1
11.2433 1
2.30779 1
4.96047 1
7.51084 1
5.90807 1
4.16531 1
0.442178 1
0.698026 1
12.839 1
2.71207 1
4.22009 1
6.31962 1
1.59103 1
6.6506 1
5.35229 1
7.65086 1
2.14691 1
7.71134 1
3.08925 1
5.01597 1
5.16788 1
-0.730046 1
0.847143 1
9.58992 1
2.93757 1
3.06887 1
1.8455 1
4.7477 1
5.63403 1
6.3904 1
9.05582 1
4.19617 1
4.34192 1
12.8286 1
4.06435 1
5.43141 1
5.0836 1
3.17834 1
6.37971 1
4.50232 1
6.56586 1
7.44108 1
7.42609 1
7.50238 1
0.212646 1
5.85544 1
6.717 1
10.1579 1
8.48394 1
6.62649 1
4.66521 1
6.00735 1
-2.53688 1
3.55148 1
9.33201 1
6.19882 1
7.96285 1
7.21037 1
1.71221 1
0.27912 1
3.90341 1
4.98511 1
5.53875 1
7.95446 1
3.14339 1
4.40996 1
4.32345 1
4.11905 1
5.7297 1
4.47243 1
7.34053 1
6.56994 1
4.24067 1
8.6599 1
3.96352 1
3.53108 1
8.5926 1
4.74115 1
5.08217 1
9.28006 1
3.63646 1
8.44942 1
4.38862 1
4.44275 1
8.07828 1
4.04047 1
4.0093 1
6.7759 1
6.05438 1
8.56942 1
4.69697 1
6.98714 1
7.34075 1
7.0559 1
2.73366 1
9.09261 1
4.64311 1
4.57612 1
12.2661 1
9.14099 1
6.24907 1
4.48969 1
5.80168 1
5.60859 1
3.02827 1
14.525 1
4.83875 1
6.68827 1
4.91696 1
5.66633 1
7.50651 1
8.84466 1
3.62671 1
6.17102 1
7.01313 1
6.91345 1
4.73446 1
8.15822 1
3.21995 1
5.58836 1
7.007 1
7.63869 1
5.25394 1
7.50792 1
7.61892 1
3.67828 1
8.45215 1
8.15845 1
4.85978 1
6.85107 1
6.38698 1
6.01818 1
5.68995 1
4.44905 1
11.3694 1
2.56939 1
1.63391 1
6.45591 1
2.67571 1
5.02112 1
8.61391 1
5.13436 1
6.36474 1
10.975 1
4.60027 1
8.30148 1
3.46221 1
5.16004 1
3.14962 1
9.06132 1
4.58585 1
6.18565 1
11.0691 1
5.20184 1
4.92152 1
7.80867 1
10.6565 1
6.86147 1
4.65323 1
7.91442 1
6.69372 1
9.41959 1
7.21476 1
10.608 1
4.55495 1
1.09412 1
6.95488 1
-3.08464 1
5.1555 1
4.96579 1
9.96993 1
2.41016 1
10.5666 1
5.16548 1
4.35712 1
7.38648 1
6.49961 1
0.445368 1
8.58229 1
5.83844 1
-3.95709 1
4.2799 1
3.99642 1
7.11683 1
5.56926 1
1.01576 1
3.09431 1
4.80719 1
5.45628 1
2.41383 1
5.38468 1
8.35068 1
1.48723 1
13.3747 1
6.14726 1
9.09693 1
6.38945 1
7.69324 1
5.30073 1
3.50904 1
11.4318 1
11.123 1
2.00368 1
4.62935 1
4.18021 1
5.56559 1
7.61731 1
6.78496 1
9.20595 1
7.82134 1
3.93681 1
12.8537 1
0.250055 1
8.32454 1
5.31913 1
11.744 1
5.41787 1
5.05024 1
-1.24198 1
6.87074 1
5.90354 1
6.47216 1
4.7078 1
4.91405 1
0.779776 1
-2.04978 1
13.526 1
1.39682 1
5.13134 1
5.55852 1
0.113882 1
0.256537 1
-1.84026 1
13.313 1
13.6136 1
6.04919 1
4.20772 1
10.5678 1
4.94545 1
2.37887 1
6.55378 1
3.95303 1
11.8448 1
7.31887 1
4.97598 1
3.87783 1
4.41239 1
7.9344 1
7.77984 1
6.86572 1
12.0169 1
3.00136 1
-0.195694 1
5.77933 1
6.7698 1
-3.54772 1
5.19746 1
6.36316 1
6.40321 1
6.59394 1
6.87293 1
6.44028 1
9.12864 1
9.95355 1
6.71369 1
2.86229 1
1.03124 1
3.65545 1
2.71422 1
12.0436 1
3.87038 1
2.37558 1
-0.247247 1
5.23721 1
5.15272 1
5.66867 1
13.4701 1
9.79849 1
1.99089 1
8.06831 1
0.855922 1
5.38994 1
5.79769 1
5.2804 1
5.56665 1
1.86905 1
8.17728 1
0.887279 1
13.6277 1
5.95704 1
-0.211212 1
5.96345 1
6.43526 1
4.07825 1
6.36917 1
11.0606 1
0.791953 1
7.1031 1
4.58844 1
-3.5544 1
4.38869 1
-4.1923 1
4.83087 1
6.87973 1
5.37506 1
6.30048 1
6.13757 1
1.95525 1
8.52256 1
10.894 1
7.69104 1
-0.73755 1
4.61114 1
3.64294 1
9.95038 1
4.51035 1
6.40704 1
6.96996 1
-1.19896 1
5.33361 1
5.73711 1
7.35209 1
4.16371 1
5.12239 1
6.59274 1
6.13335 1
6.04097 1
14.312 1
0.907382 1
4.63772 1
6.29793 1
3.66434 1
5.25786 1
-3.51756 1
4.16997 1
4.95924 1
2.57151 1
5.38626 1
-1.17807 1
5.79596 1
8.89634 1
-0.473179 1
8.72763 1
10.2399 1
-1.02733 1
4.86513 1
5.87225 1
3.24224 1
3.29089 1
6.10257 1
5.81351 1
13.801 1
7.17374 1
7.49329 1
5.08881 1
3.59486 1
4.80534 1
-0.709784 1
2.31203 1
-1.99554 1
-0.683231 1
8.67416 1
10.3253 1
6.23448 1
8.6034 1
5.78702 1
2.17482 1
5.11455 1
4.20807 1
5.88552 1
5.63268 1
4.57841 1
13.7278 1
1.41823 1
2.61881 1
4.84491 1
5.21576 1
-1.36265 1
5.61008 1
5.62608 1
8.34153 1
4.31716 1
3.01815 1
5.05711 1
6.72614 1
9.11117 1
4.59621 1
3.17322 1
2.43223 1
8.10138 1
4.90569 1
6.12274 1
3.4708 1
5.29344 1
6.38648 1
1.36236 1
3.92483 1
4.14228 1
0.196623 1
2.11946 1
4.10172 1
3.07866 1
3.93607 1
6.6004 1
4.27973 1
2.98487 1
6.8145 1
5.68219 1
6.53779 1
4.26878 1
-0.769031 1
6.36324 1
7.81782 1
2.34547 1
3.39887 1
8.02962 1
7.01145 1
5.68422 1
5.78289 1
7.95909 1
1.40007 1
9.09431 1
5.10627 1
7.64437 1
6.22618 1
0.648494 1
10.5854 1
6.99114 1
6.93748 1
6.5607 1
4.71258 1
5.02579 1
5.53403 1
6.18974 1
4.7824 1
4.05855 1
1.31336 1
3.43447 1
2.76066 1
7.16531 1
5.33497 1
-1.92568 1
5.37403 1
8.72076 1
4.71133 1
11.0547 1
6.71113 1
4.93328 1
3.91881 1
2.63295 1
6.70739 1
2.39608 1
2.91631 1
10.0639 1
10.2585 1
0.976738 1
4.96531 1
0.251463 1
2.12448 1
7.87309 1
5.74651 1
5.87656 1
5.71604 1
-2.95909 1
7.1301 1
4.02071 1
6.16649 1
7.83465 1
6.29211 1
5.0898 1
6.20298 1
6.78498 1
9.03995 1
2.20629 1
4.92054 1
5.37234 1
0.0371473 1
2.58117 1
10.6803 1
6.97988 1
11.6075 1
7.74874 1
6.33456 1
3.83737 1
0.0735783 1
7.79844 1
3.45218 1
11.6894 1
5.24828 1
13.0636 1
8.4081 1
7.38454 1
5.5229 1
