6.45404 1
4.59194 1
7.80643 1
-2.58714 1
2.4172 1
4.90522 1
4.69606 1
5.32949 1
6.93547 1
2.4709 1
-0.314549 1
4.87153 1
4.40337 1
1.21417 1
7.22226 1
7.49824 1
5.57918 1
4.96039 1
4.69748 1
-0.246795 1
11.1289 1
8.61376 1
12.964 1
4.41504 1
4.55473 1
2.12011 1
2.29186 1
3.26707 1
3.10454 1
4.3346 1
-0.94928 1
4.92787 1
11.2889 1
3.56353 1
7.05118 1
11.5865 1
6.81877 1
7.54496 1
7.01763 1
5.97271 1
6.13939 1
4.12645 1
3.65098 1
7.51867 1
3.05572 1
5.40751 1
4.45955 1
13.6996 1
1.62078 1
5.91756 1
10.1375 1
1.54627 1
8.41433 1
9.19552 1
4.90917 1
6.54577 1
-0.416406 1
8.44091 1
6.52788 1
1.72656 1
-0.127928 1
2.73983 1
1.02065 1
4.05541 1
6.06093 1
0.788504 1
5.44937 1
7.84533 1
13.9408 1
5.96916 1
4.82118 1
7.22892 1
7.35511 1
11.7863 1
-2.38067 1
8.4183 1
6.93063 1
6.78752 1
3.79922 1
2.86955 1
9.15472 1
2.89423 1
5.30035 1
3.36528 1
5.60786 1
-2.58726 1
2.02857 1
5.81869 1
3.83226 1
9.5872 1
0.611875 1
6.14144 1
6.62547 1
4.20677 1
7.10124 1
2.04967 1
4.09721 1
5.7115 1
13.5962 1
10.6269 1
-0.00049485 1
1.15673 1
11.8776 1
7.66809 1
6.16233 1
1.2501 1
7.68127 1
1.19717 1
4.91326 1
4.79332 1
3.32885 1
5.25753 1
5.3959 1
6.30598 1
-0.148898 1
6.61997 1
9.04864 1
4.53133 1
6.83183 1
6.04393 1
3.84223 1
6.73246 1
2.85416 1
-1.04685 1
0.402974 1
6.26274 1
1.28753 1
8.8348 1
2.23326 1
2.32792 1
6.19819 1
2.11183 1
4.15434 1
7.49961 1
5.14287 1
14.8518 1
1.97617 1
5.26004 1
6.91782 1
6.52762 1
5.14453 1
-1.69981 1
14.1096 1
10.1643 1
6.26753 1
8.31939 1
4.82767 1
13.3813 1
3.13644 1
5.67544 1
2.05424 1
8.43702 1
1.96889 1
-1.39366 1
13.0266 1
6.69484 1
7.46941 1
5.95091 1
4.46594 1
3.79802 1
4.75046 1
4.80147 1
8.91849 1
5.0683 1
4.00973 1
-1.44666 1
3.13667 1
4.15942 1
1.60955 1
12.5339 1
6.39758 1
0.0429933 1
0.952392 1
2.75504 1
6.48688 1
4.98264 1
5.32998 1
4.4479 1
8.46025 1
4.99724 1
6.94856 1
6.78849 1
3.23421 1
13.7796 1
7.80372 1
2.26676 1
6.19087 1
6.31546 1
4.03752 1
3.21478 1
7.98046 1
-4.4375 1
5.39638 1
8.4764 1
4.49101 1
5.80402 1
2.4106 1
7.92129 1
-3.21735 1
5.9018 1
7.97065 1
5.81613 1
2.90363 1
3.69315 1
6.31645 1
9.32111 1
7.20441 1
5.69203 1
6.83659 1
5.89154 1
1.70986 1
6.45843 1
4.46611 1
7.81632 1
7.42254 1
2.34986 1
13.4039 1
11.3216 1
3.24347 1
4.31997 1
11.5247 1
2.33676 1
3.44578 1
2.70335 1
4.36985 1
3.41842 1
13.5124 1
9.82197 1
6.01682 1
2.39515 1
5.37605 1
0.619999 1
3.94149 1
1.47137 1
3.79327 1
9.24108 1
3.74656 1
4.84742 1
3.70137 1
4.47128 1
1.54897 1
6.27687 1
10.0588 1
9.06347 1
3.72142 1
6.39981 1
5.52659 1
-1.51379 1
4.46142 1
7.20488 1
6.51491 1
9.64455 1
4.73201 1
1.09505 1
3.08599 1
1.14894 1
7.14204 1
7.53387 1
8.80453 1
6.08643 1
5.38947 1
4.10099 1
2.12941 1
9.31691 1
5.76514 1
2.1922 1
1.10539 1
11.89 1
3.24561 1
6.75776 1
5.02928 1
5.98131 1
-4.44817 1
6.76801 1
6.59905 1
5.56256 1
10.7959 1
5.81192 1
6.01645 1
5.23381 1
3.21397 1
9.14558 1
-0.234057 1
8.05316 1
6.49016 1
6.6189 1
7.58759 1
4.24468 1
12.5359 1
1.67156 1
-4.06719 1
4.79563 1
4.31211 1
5.29658 1
8.48586 1
7.71298 1
3.69576 1
4.85404 1
1.09978 1
2.30253 1
7.84926 1
3.48423 1
3.99383 1
4.84642 1
6.41522 1
7.90116 1
0.201102 1
4.64537 1
1.44743 1
10.1515 1
3.99259 1
1.64518 1
0.442977 1
6.177 1
5.29954 1
9.13623 1
4.01022 1
5.95203 1
3.88066 1
3.13372 1
5.64079 1
2.54934 1
-1.57234 1
6.38474 1
5.67676 1
1.32771 1
11.8077 1
8.43481 1
-2.65619 1
-2.23312 1
3.43151 1
3.01537 1
3.62681 1
5.65331 1
4.01702 1
-4.62985 1
-0.783955 1
5.29866 1
4.40856 1
14.8446 1
-0.103657 1
1.77074 1
4.93459 1
4.65914 1
6.94554 1
2.9668 1
3.8815 1
1.71305 1
4.54344 1
5.88336 1
2.81543 1
6.00836 1
9.72839 1
-3.43924 1
4.81523 1
4.98178 1
10.6494 1
4.13696 1
3.49322 1
7.76713 1
7.7717 1
8.79153 1
7.91464 1
5.34477 1
3.65578 1
5.61394 1
-0.125612 1
6.43588 1
-0.810584 1
11.604 1
-0.340377 1
0.863207 1
5.2645 1
3.45591 1
-2.89484 1
8.14571 1
4.61209 1
6.4864 1
4.76142 1
5.98627 1
1.4188 1
14.5978 1
10.2623 1
2.94998 1
1.50608 1
-2.79673 1
7.16696 1
4.93945 1
6.96496 1
5.65435 1
3.2322 1
5.71209 1
-3.24643 1
5.13131 1
-0.440749 1
4.05755 1
4.1312 1
7.09763 1
4.87538 1
5.05084 1
3.98121 1
3.99405 1
4.53234 1
5.05286 1
1.056 1
5.01533 1
6.10987 1
10.7504 1
9.42849 1
3.82031 1
4.58241 1
2.08408 1
2.76101 1
10.6908 1
8.63212 1
6.15392 1
9.06251 1
2.80523 1
3.33275 1
5.15226 1
0.0177695 1
4.61918 1
7.52129 1
-2.58533 1
3.21748 1
7.36061 1
4.82651 1
2.94099 1
6.97749 1
-3.61359 1
6.78165 1
6.87692 1
4.21943 1
4.35109 1
1.45236 1
4.12937 1
7.77847 1
5.55877 1
-2.34605 1
6.02297 1
-1.25606 1
5.49526 1
5.29749 1
-3.06932 1
4.19375 1
5.60031 1
-1.85278 1
10.6595 1
14.1018 1
4.90214 1
4.32557 1
0.921141 1
5.8339 1
1.04974 1
8.05889 1
5.06016 1
7.38208 1
2.83227 1
7.42696 1
6.67294 1
11.401 1
3.24945 1
5.10697 1
5.80576 1
6.98729 1
9.01263 1
3.43216 1
5.21232 1
3.58105 1
5.71012 1
11.5599 1
8.0668 1
5.78456 1
5.28814 1
4.46288 1
2.47765 1
0.972057 1
3.36295 1
10.4534 1
7.44506 1
1.79573 1
10.5997 1
8.53106 1
2.16027 1
4.53669 1
4.77731 1
5.56761 1
11.3865 1
-0.0440929 1
7.46754 1
5.31981 1
5.71756 1
5.39983 1
12.7418 1
-4.0182 1
5.04135 1
5.42328 1
6.80161 1
5.80065 1
-0.190157 1
7.04412 1
3.538 1
6.8513 1
3.86255 1
8.87198 1
7.57179 1
-0.728316 1
6.31409 1
5.17512 1
6.12955 1
7.55491 1
5.03119 1
3.61119 1
8.33083 1
6.23711 1
6.21281 1
4.01039 1
5.51106 1
4.41178 1
-1.30386 1
3.12523 1
4.02396 1
3.78833 1
4.07632 1
3.47792 1
9.15626 1
5.97471 1
4.74636 1
8.95171 1
5.31418 1
3.35814 1
4.75267 1
3.09364 1
4.07292 1
2.30677 1
5.76749 1
2.29507 1
8.36356 1
2.26606 1
5.15149 1
10.1245 1
9.42027 1
0.282823 1
6.69556 1
4.27601 1
9.94267 1
8.20346 1
5.85687 1
12.899 1
6.79261 1
0.35892 1
4.89535 1
1.92976 1
4.37563 1
2.72309 1
4.72627 1
5.28209 1
6.34079 1
8.74255 1
7.27229 1
1.08178 1
8.68987 1
-3.16825 1
4.42687 1
9.37471 1
6.40523 1
3.2631 1
1.82013 1
-0.95365 1
10.1402 1
2.61033 1
8.4815 1
9.02424 1
3.92415 1
-0.505612 1
3.69229 1
4.67965 1
5.42247 1
9.28578 1
1.93165 1
7.23233 1
2.13341 1
0.0328005 1
-0.623226 1
5.35166 1
4.93374 1
0.00261509 1
4.64181 1
1.07525 1
1.56453 1
4.03483 1
6.42249 1
7.38864 1
7.27905 1
3.65426 1
4.63931 1
-1.18918 1
3.72074 1
5.66035 1
3.64435 1
6.0357 1
4.18729 1
7.4474 1
4.92824 1
6.2576 1
7.88813 1
4.39452 1
6.87611 1
6.75755 1
6.93245 1
6.43702 1
2.72268 1
5.89873 1
3.00382 1
14.2634 1
6.96459 1
9.07765 1
-3.87297 1
5.40006 1
5.6194 1
5.39185 1
2.55154 1
6.77603 1
5.73625 1
0.316392 1
5.19098 1
4.73813 1
3.95001 1
4.1637 1
-0.335364 1
4.1263 1
7.19857 1
8.35361 1
-0.659277 1
4.70166 1
0.483238 1
6.15781 1
5.51513 1
2.57662 1
9.59683 1
7.50235 1
8.3419 1
6.48771 1
3.24333 1
5.03669 1
2.84652 1
8.0603 1
4.49122 1
11.0662 1
4.10178 1
6.59956 1
5.3164 1
5.74675 1
-0.31009 1
7.732 1
6.08999 1
6.89504 1
8.45828 1
3.7287 1
3.34568 1
7.047 1
7.09125 1
6.38273 1
-0.387751 1
8.9722 1
5.08394 1
5.17532 1
2.7063 1
5.47606 1
6.56352 1
-2.34153 1
4.83603 1
4.76441 1
7.43016 1
6.88233 1
4.55581 1
0.442347 1
4.04563 1
1.31925 1
5.2365 1
8.54662 1
4.45735 1
2.44559 1
5.03969 1
6.5357 1
4.5688 1
12.5183 1
6.64391 1
3.03008 1
2.2886 1
5.32698 1
8.19864 1
7.18236 1
-1.70792 1
7.24753 1
6.41164 1
6.00881 1
6.52258 1
4.77308 1
0.254286 1
3.81262 1
4.87323 1
5.27477 1
4.25117 1
3.43814 1
5.44915 1
4.77429 1
3.75634 1
6.06847 1
12.9391 1
6.78948 1
7.84126 1
5.08253 1
5.7285 1
7.83609 1
8.13807 1
5.67933 1
-0.366685 1
-1.78164 1
5.48092 1
4.24183 1
3.26561 1
6.67515 1
4.85683 1
4.78566 1
4.3383 1
5.11404 1
14.7316 1
4.53641 1
2.73683 1
6.16766 1
7.85415 1
5.52246 1
6.81868 1
0.762682 1
4.84981 1
10.1475 1
3.07551 1
-2.47892 1
6.4278 1
7.25684 1
6.35049 1
4.80314 1
5.38854 1
6.16704 1
6.69977 1
7.08263 1
7.97997 1
1.41472 1
4.11901 1
3.69188 1
4.18526 1
4.82441 1
3.50938 1
5.54428 1
7.1021 1
4.22987 1
7.23874 1
5.52793 1
10.6088 1
13.2839 1
10.9036 1
5.34253 1
0.869892 1
7.90192 1
7.23072 1
6.40301 1
5.75036 1
3.10379 1
5.53946 1
7.79643 1
6.61362 1
3.06114 1
7.18765 1
3.95358 1
4.94415 1
5.92102 1
4.11766 1
7.64417 1
9.21216 1
8.35813 1
5.26863 1
3.66426 1
6.73377 1
5.61342 1
3.68427 1
3.84748 1
3.96493 1
-4.0263 1
4.74305 1
6.80141 1
2.03454 1
0.460222 1
2.52695 1
6.92146 1
8.36667 1
9.67258 1
6.25291 1
4.33278 1
6.17759 1
3.03442 1
6.72464 1
3.28114 1
6.03364 1
13.0333 1
4.13125 1
1.31304 1
5.21882 1
4.49284 1
7.84657 1
5.12656 1
1.59729 1
6.75279 1
5.67416 1
7.39741 1
6.87349 1
5.75524 1
3.81113 1
4.31189 1
1.29093 1
3.30194 1
7.30262 1
-0.550651 1
10.8039 1
7.2181 1
7.96036 1
4.78896 1
4.99377 1
7.15641 1
3.2914 1
7.49341 1
14.8141 1
8.46607 1
5.51414 1
5.98287 1
1.64228 1
-1.85669 1
8.16962 1
5.82586 1
11.0718 1
4.31867 1
4.80388 1
-2.18515 1
4.25087 1
7.39297 1
6.45751 1
12.2413 1
7.76489 1
5.51275 1
5.55114 1
8.415 1
5.49171 1
6.27822 1
4.16705 1
-1.54713 1
-0.541143 1
5.16479 1
4.29056 1
4.81632 1
6.13954 1
4.00489 1
2.2224 1
11.1416 1
4.69629 1
0.961455 1
1.87706 1
7.10396 1
0.0746991 1
5.83509 1
1.83752 1
-0.0712027 1
3.78222 1
11.1435 1
7.61372 1
5.09514 1
11.1325 1
4.66256 1
3.43783 1
4.4086 1
9.09701 1
1.59707 1
5.04789 1
12.2991 1
-2.41931 1
7.55082 1
5.40465 1
5.2862 1
7.6257 1
4.26622 1
4.51342 1
9.86483 1
5.54302 1
12.7649 1
6.03593 1
14.0128 1
2.45199 1
-1.61131 1
5.78186 1
5.34142 1
5.59492 1
1.93378 1
8.08889 1
4.85069 1
1.80482 1
0.884995 1
2.01356 1
-2.40241 1
2.25443 1
5.14319 1
0.884136 1
-0.812898 1
7.22053 1
7.05808 1
3.91977 1
7.54466 1
5.2152 1
6.35263 1
3.37268 1
3.34804 1
11.417 1
5.66587 1
0.585329 1
8.66384 1
4.61563 1
9.04725 1
5.05551 1
4.72959 1
5.55519 1
8.06537 1
5.85077 1
3.60452 1
5.22202 1
7.51503 1
5.07105 1
5.8877 1
10.4043 1
7.2323 1
2.83432 1
13.0522 1
12.4979 1
2.30187 1
3.4793 1
-4.45636 1
5.28605 1
5.67221 1
5.05592 1
4.24811 1
4.38411 1
1.00391 1
-0.242474 1
4.95702 1
8.0737 1
-3.47916 1
5.79045 1
5.97489 1
1.9483 1
3.3739 1
3.77923 1
9.07246 1
3.44912 1
0.159562 1
5.67302 1
4.43472 1
6.63977 1
14.0834 1
1.20216 1
6.32918 1
4.33503 1
7.54757 1
7.99412 1
1.92116 1
5.436 1
6.41311 1
5.43877 1
4.93529 1
1.4799 1
3.68741 1
11.0865 1
-1.28499 1
5.57484 1
5.04346 1
-3.02987 1
8.65214 1
7.87109 1
2.72552 1
1.73364 1
7.1265 1
1.35351 1
7.93264 1
1.11762 1
6.5761 1
8.41215 1
2.34392 1
6.32967 1
2.90866 1
3.45241 1
6.63891 1
-0.573515 1
-0.518016 1
7.19463 1
2.35102 1
5.31021 1
10.1286 1
6.77259 1
2.70283 1
2.68359 1
3.97548 1
4.72023 1
6.71026 1
7.2516 1
1.16116 1
2.05247 1
7.09282 1
5.02323 1
6.45528 1
-0.742301 1
3.30828 1
10.7818 1
8.83636 1
4.18507 1
5.03092 1
5.13397 1
8.30403 1
5.3477 1
-2.70035 1
8.43751 1
6.4296 1
4.18889 1
10.5058 1
3.97511 1
4.82499 1
3.51553 1
6.93081 1
8.88011 1
6.08394 1
4.89067 1
5.04632 1
10.3235 1
1.91961 1
13.2784 1
4.89006 1
10.6811 1
8.62848 1
2.75398 1
4.38694 1
8.16465 1
3.56242 1
8.21678 1
6.49764 1
2.52077 1
-2.34827 1
3.97466 1
2.82749 1
1.82089 1
7.94397 1
4.74729 1
7.32437 1
5.13156 1
5.60703 1
3.11942 1
14.0093 1
-2.05149 1
2.62045 1
-0.445501 1
-1.81956 1
3.58367 1
3.99569 1
3.22051 1
5.02539 1
4.38993 1
1.04979 1
6.69439 1
7.00459 1
10.7622 1
4.33134 1
3.11257 1
3.69841 1
2.76715 1
2.54826 1
6.02142 1
0.298305 1
6.09266 1
7.89239 1
3.329 1
7.57551 1
4.44938 1
9.6916 1
1.61191 1
5.03633 1
7.87416 1
6.153 1
3.51615 1
1.48187 1
2.52811 1
2.08037 1
6.02166 1
6.39323 1
8.04377 1
3.94596 1
8.97354 1
7.79648 1
-2.82146 1
1.03053 1
10.5819 1
5.09586 1
10.9977 1
9.36982 1
-1.74916 1
12.2299 1
4.51328 1
4.75898 1
8.56745 1
9.13829 1
4.64778 1
5.64972 1
5.57024 1
6.07453 1
8.62015 1
5.20986 1
5.00825 1
8.5931 1
8.74378 1
2.62528 1
11.5991 1
8.43786 1
6.20668 1
6.23731 1
3.66363 1
4.91398 1
-0.625339 1
4.78633 1
5.09918 1
4.53638 1
14.6545 1
9.9682 1
3.06324 1
-0.515279 1
-2.48572 1
0.703864 1
4.31471 1
1.55319 1
3.33991 1
6.69604 1
11.9225 1
4.68199 1
6.54227 1
8.86212 1
4.28795 1
9.53786 1
3.35505 1
4.58965 1
5.60143 1
1.61878 1
2.5717 1
5.25612 1
-1.96678 1
7.05055 1
1.32728 1
7.52743 1
5.1133 1
2.20358 1
3.41843 1
11.4614 1
4.61402 1
9.09458 1
4.79796 1
-3.63713 1
6.18882 1
6.01696 1
9.8124 1
8.24377 1
5.41094 1
13.1154 1
1.78303 1
3.68823 1
4.49979 1
6.84641 1
6.15363 1
5.61343 1
8.68252 1
5.67692 1
6.24001 1
5.05814 1
4.62856 1
9.05602 1
5.90952 1
9.82343 1
6.91422 1
-4.78227 1
5.06803 1
4.42658 1
-4.82671 1
5.67412 1
1.19229 1
5.48031 1
3.46851 1
2.21009 1
5.79453 1
7.53335 1
-1.70543 1
7.15594 1
5.7331 1
4.38304 1
10.4679 1
0.726029 1
4.64296 1
5.89651 1
4.09335 1
4.14585 1
3.12292 1
4.64575 1
4.7234 1
4.12877 1
6.04303 1
4.85884 1
5.24277 1
-1.88293 1
3.04628 1
5.88863 1
5.32002 1
6.94257 1
4.02387 1
4.85803 1
5.67099 1
11.2629 1
9.36386 1
5.23622 1
3.50927 1
-0.260346 1
12.9876 1
13.2979 1
6.4149 1
4.76197 1
0.738472 1
7.37899 1
5.84888 1
5.63262 1
5.0012 1
8.9283 1
-1.34371 1
7.62389 1
1.29433 1
8.89487 1
4.0011 1
3.6009 1
1.64072 1
10.9926 1
-0.0306218 1
1.91973 1
4.87836 1
1.89832 1
0.502359 1
5.01862 1
6.01366 1
8.09175 1
2.59845 1
5.05154 1
2.84167 1
1.45221 1
-3.98102 1
6.54968 1
7.29744 1
4.73578 1
1.85483 1
11.5262 1
5.101 1
7.78932 1
5.56715 1
3.64805 1
1.86471 1
5.22791 1
3.04977 1
6.23685 1
6.45446 1
2.06601 1
2.54391 1
4.48844 1
8.18874 1
2.29362 1
11.1877 1
7.76401 1
2.66187 1
6.12924 1
6.37561 1
3.50792 1
10.8058 1
4.176 1
3.21924 1
5.92062 1
1.9196 1
1.36414 1
8.6527 1
5.07799 1
5.94288 1
5.06664 1
10.9489 1
4.35186 1
10.9199 1
-3.11833 1
12.6541 1
4.71464 1
4.10611 1
10.3464 1
5.81003 1
6.92313 1
4.60179 1
8.40007 1
5.23687 1
0.588828 1
10.2368 1
6.91468 1
5.88778 1
-1.51092 1
5.01895 1
-2.26824 1
6.87847 1
6.10172 1
5.46826 1
8.52477 1
4.07958 1
11.1378 1
8.7282 1
3.12745 1
5.49805 1
14.2293 1
1.29449 1
7.25274 1
2.00243 1
4.18449 1
1.20451 1
9.07097 1
-0.377196 1
9.55204 1
3.69 1
3.2074 1
2.55227 1
8.40635 1
4.88865 1
6.83906 1
5.73217 1
-3.02483 1
4.5301 1
3.60114 1
4.017 1
5.81652 1
-1.97808 1
3.89524 1
4.36035 1
6.66734 1
6.96014 1
6.37178 1
0.623252 1
4.11542 1
6.16279 1
6.46711 1
4.64767 1
7.44158 1
8.15343 1
8.6752 1
14.0336 1
7.59334 1
3.4917 1
5.17755 1
5.62765 1
6.36027 1
6.52114 1
1.32225 1
9.22503 1
5.14533 1
5.41239 1
5.25234 1
5.58259 1
0.664782 1
8.54132 1
3.93066 1
2.43401 1
5.14071 1
13.9493 1
-1.69923 1
6.81388 1
5.08131 1
8.94958 1
6.61269 1
12.7742 1
12.6877 1
7.18061 1
3.58642 1
5.52371 1
8.15017 1
2.75364 1
5.48971 1
7.03266 1
5.17944 1
0.883842 1
4.54884 1
5.97522 1
14.3215 1
4.88582 1
5.61964 1
2.29548 1
4.52034 1
1.94553 1
6.04145 1
2.17019 1
7.67603 1
7.39672 1
8.29328 1
7.40987 1
6.12072 1
6.63425 1
6.03622 1
-3.59322 1
5.97177 1
3.21803 1
5.85155 1
0.0739911 1
2.5584 1
12.4492 1
-3.83757 1
6.51875 1
5.06851 1
4.99274 1
0.936023 1
10.3339 1
3.93056 1
6.17942 1
8.05146 1
5.68301 1
13.5345 1
7.92548 1
5.93698 1
6.47443 1
4.27664 1
6.27608 1
7.66045 1
6.60634 1
1.90898 1
3.55646 1
4.99453 1
5.27657 1
-0.407565 1
8.08416 1
5.04336 1
2.89629 1
3.30014 1
2.73447 1
7.2486 1
10.6622 1
8.27637 1
7.00427 1
5.89962 1
8.69884 1
6.85594 1
3.78817 1
1.07354 1
6.45854 1
5.80026 1
3.82597 1
4.77249 1
3.07932 1
3.88075 1
6.07734 1
4.53781 1
4.7413 1
3.55405 1
-1.00909 1
9.90243 1
1.2593 1
4.71578 1
3.32815 1
4.73145 1
1.43236 1
5.9814 1
3.96599 1
5.53496 1
10.5207 1
0.639234 1
0.597301 1
7.08632 1
3.26081 1
6.17808 1
6.62139 1
5.98858 1
7.00949 1
7.96833 1
3.0031 1
11.6161 1
3.06583 1
7.60889 1
-0.356546 1
3.88465 1
5.36555 1
3.24994 1
7.3969 1
1.56904 1
1.20624 1
8.06755 1
5.85713 1
6.02284 1
5.54338 1
5.26154 1
5.04264 1
9.61067 1
6.37635 1
2.78021 1
11.2116 1
6.53997 1
12.5056 1
8.70742 1
7.81172 1
8.01867 1
8.83315 1
7.39915 1
10.0737 1
4.63774 1
6.50822 1
5.86642 1
12.4228 1
2.28242 1
2.85484 1
3.50366 1
4.39018 1
6.44749 1
2.75173 1
7.04664 1
6.0252 1
3.10676 1
6.65329 1
3.65428 1
5.89668 1
11.7613 1
5.00025 1
10.6625 1
4.86835 1
7.19166 1
-4.80957 1
6.47744 1
-4.47422 1
6.73425 1
3.42951 1
5.56818 1
5.81056 1
7.85778 1
-0.437841 1
7.76046 1
7.44532 1
7.64895 1
4.84785 1
4.47755 1
5.05559 1
6.32947 1
3.19964 1
11.8699 1
6.42003 1
10.8424 1
3.53247 1
2.49263 1
3.11507 1
8.47495 1
2.40544 1
8.85727 1
6.07258 1
6.18968 1
5.73088 1
11.6331 1
12.6525 1
10.5652 1
-0.42484 1
5.37689 1
8.40979 1
3.69825 1
5.36894 1
6.78114 1
6.59941 1
4.48427 1
-0.390706 1
4.58635 1
4.54484 1
8.54517 1
7.58689 1
4.9678 1
3.54386 1
5.20587 1
11.7229 1
-3.7702 1
4.6465 1
1.06051 1
6.21013 1
5.339 1
11.2241 1
3.80323 1
6.3887 1
7.12787 1
9.02572 1
1.81968 1
7.06737 1
2.15389 1
8.19862 1
6.38274 1
4.0175 1
6.41534 1
9.36721 1
4.76259 1
3.04783 1
3.917 1
5.57184 1
6.63554 1
8.8101 1
1.73998 1
6.58343 1
3.71426 1
7.11546 1
4.12114 1
4.84684 1
6.94302 1
8.75787 1
7.12586 1
14.001 1
0.600069 1
1.3141 1
6.97506 1
5.53511 1
3.42115 1
3.33652 1
10.9541 1
6.59402 1
7.21949 1
6.6992 1
3.2787 1
3.45423 1
5.91352 1
-2.47222 1
7.65521 1
2.64895 1
5.5644 1
6.6695 1
1.90634 1
2.74639 1
3.11653 1
-0.210136 1
6.36804 1
2.39708 1
8.54224 1
-0.306498 1
4.92683 1
10.9058 1
5.75549 1
3.02445 1
4.55045 1
5.84523 1
6.08362 1
4.94263 1
7.32999 1
7.44238 1
10.3974 1
1.74818 1
3.06172 1
10.9791 1
2.50252 1
7.0952 1
8.90675 1
6.91203 1
7.92103 1
6.76204 1
1.14117 1
6.79487 1
4.13379 1
6.29274 1
4.89324 1
4.27756 1
6.56759 1
1.99647 1
6.34463 1
5.63447 1
6.78976 1
7.91505 1
6.42445 1
8.63669 1
11.4278 1
4.56928 1
2.92754 1
6.53966 1
6.46424 1
6.96836 1
4.39487 1
3.10236 1
4.42308 1
6.01072 1
6.16041 1
6.10249 1
5.29733 1
5.8117 1
0.182712 1
6.29669 1
11.3609 1
0.3455 1
-4.52495 1
4.36236 1
0.887411 1
9.39251 1
4.54894 1
5.15839 1
6.98482 1
8.12628 1
5.52444 1
5.42548 1
2.63333 1
9.79499 1
6.37491 1
4.69541 1
3.9286 1
4.25114 1
6.16228 1
4.32731 1
3.80966 1
-0.643076 1
7.38479 1
5.64789 1
7.00492 1
6.83016 1
3.8568 1
1.90875 1
14.8443 1
6.99887 1
2.66438 1
7.97688 1
4.50144 1
5.94014 1
4.08456 1
8.95005 1
3.73069 1
2.75757 1
6.86248 1
10.4871 1
1.56832 1
4.02059 1
5.59736 1
5.17972 1
6.70157 1
3.5078 1
8.6508 1
10.1741 1
4.14686 1
5.71773 1
7.74275 1
6.87246 1
2.1854 1
10.1593 1
2.98072 1
9.27621 1
7.71035 1
7.95563 1
6.39342 1
5.7113 1
8.92037 1
7.20869 1
7.31278 1
5.43603 1
5.55467 1
2.95407 1
11.9789 1
5.54778 1
6.49195 1
5.05231 1
3.48826 1
4.81261 1
5.12852 1
7.56135 1
3.70589 1
2.5325 1
3.33547 1
5.1085 1
2.53945 1
6.09587 1
7.95919 1
6.34857 1
4.45598 1
5.71694 1
4.31708 1
7.40411 1
3.62091 1
7.22363 1
9.86881 1
5.97604 1
9.35905 1
8.50787 1
1.05664 1
5.65319 1
3.09473 1
7.57296 1
7.20608 1
2.77247 1
2.67886 1
9.45712 1
-0.885161 1
5.40627 1
3.23855 1
3.52297 1
2.57757 1
6.26482 1
2.38585 1
5.40933 1
-3.08591 1
6.45081 1
3.28648 1
1.48614 1
8.76856 1
5.22012 1
8.05625 1
3.3554 1
5.04901 1
4.41022 1
3.41584 1
4.18268 1
4.97529 1
7.28053 1
5.96111 1
6.98483 1
3.665 1
3.51219 1
1.94184 1
4.45317 1
4.9886 1
5.3716 1
6.44753 1
6.75658 1
6.11497 1
4.37231 1
6.54126 1
-1.05779 1
6.64116 1
5.76538 1
10.2084 1
3.70983 1
5.13099 1
2.36797 1
6.41416 1
3.32374 1
7.12587 1
2.68083 1
7.93979 1
-1.59446 1
2.85776 1
1.05205 1
4.18027 1
5.4647 1
7.5199 1
0.355579 1
7.64899 1
7.25232 1
6.85582 1
7.23674 1
7.04047 1
3.48307 1
-2.73178 1
2.31982 1
2.6044 1
7.40122 1
4.33904 1
3.87154 1
7.63916 1
5.14779 1
8.56912 1
-0.86021 1
7.42936 1
4.00718 1
3.57662 1
4.8863 1
0.295242 1
4.24817 1
1.49408 1
7.32885 1
5.52858 1
3.84778 1
4.24147 1
5.00629 1
2.73323 1
5.43756 1
6.66807 1
0.470597 1
-2.28156 1
5.96729 1
6.90208 1
7.93789 1
6.05322 1
8.44871 1
4.59022 1
8.40631 1
8.05432 1
8.59716 1
5.28664 1
5.31755 1
6.63152 1
4.59064 1
7.34709 1
1.50809 1
6.28796 1
3.49845 1
4.63428 1
13.0865 1
3.13122 1
4.28441 1
11.8172 1
-1.12448 1
11.0348 1
8.54401 1
-3.16132 1
5.67112 1
11.3806 1
-0.0283148 1
5.241 1
2.86071 1
2.32199 1
-2.34109 1
5.59619 1
3.51658 1
8.68728 1
3.68439 1
3.89317 1
2.45949 1
2.23 1
7.75638 1
1.70044 1
0.56371 1
5.48921 1
-1.05757 1
1.00913 1
4.80847 1
3.74228 1
5.53282 1
3.66531 1
4.65498 1
7.10927 1
0.582912 1
1.8835 1
1.59427 1
6.0077 1
-0.226109 1
4.19027 1
9.87054 1
5.74448 1
4.93268 1
4.00081 1
4.26795 1
7.05512 1
4.30893 1
7.3032 1
6.629 1
3.92806 1
3.74987 1
0.342993 1
5.4003 1
5.2665 1
7.72683 1
4.7173 1
7.36162 1
5.42921 1
6.04755 1
3.25035 1
0.309998 1
5.2088 1
2.2016 1
3.84369 1
4.70621 1
3.24747 1
5.11928 1
2.59313 1
5.14642 1
3.25936 1
8.03785 1
1.14514 1
3.95507 1
7.43856 1
3.5668 1
4.90839 1
-3.06658 1
2.1233 1
1.5198 1
11.9802 1
3.58427 1
4.93978 1
3.96897 1
2.68535 1
10.1761 1
2.83761 1
5.87285 1
4.05184 1
6.28914 1
-0.505448 1
3.01349 1
3.44256 1
4.66149 1
11.0474 1
9.83556 1
8.12237 1
6.48349 1
8.46395 1
5.03321 1
6.61099 1
4.13031 1
6.50167 1
8.19016 1
2.00571 1
7.85014 1
1.69025 1
6.70448 1
2.5802 1
4.45829 1
1.05168 1
7.30495 1
6.9662 1
8.24455 1
4.76134 1
5.01402 1
3.97663 1
4.44625 1
9.3107 1
3.74408 1
-2.99654 1
9.07296 1
7.05637 1
5.88915 1
4.07302 1
4.8538 1
0.153292 1
6.07094 1
9.01737 1
4.98738 1
7.81095 1
3.87047 1
-3.2165 1
9.20514 1
4.46724 1
13.2857 1
3.95863 1
-2.14472 1
5.07073 1
8.49774 1
6.04656 1
4.64102 1
6.04669 1
5.02112 1
5.11907 1
-4.15799 1
5.67857 1
4.87706 1
3.63215 1
2.48576 1
7.36958 1
10.4686 1
7.35735 1
6.90736 1
-3.14261 1
4.87603 1
8.47286 1
1.85728 1
4.90232 1
6.23034 1
5.77007 1
1.44754 1
-2.27514 1
5.98995 1
6.31485 1
2.04221 1
3.20149 1
8.17856 1
-4.6069 1
0.383347 1
7.63297 1
4.20625 1
9.66363 1
5.87588 1
2.72714 1
10.0393 1
9.11495 1
9.2402 1
6.88281 1
-1.59127 1
-1.72357 1
0.116372 1
-3.10171 1
5.49272 1
2.61744 1
0.137118 1
4.60442 1
2.9057 1
7.20466 1
7.35495 1
2.14767 1
5.58067 1
6.20718 1
6.3974 1
3.84288 1
1.79883 1
6.585 1
4.37649 1
5.55749 1
7.26237 1
-1.42685 1
8.61417 1
9.55799 1
-3.45149 1
-2.26374 1
4.17418 1
8.46287 1
3.52695 1
1.94702 1
7.86831 1
5.10301 1
9.71039 1
6.92503 1
3.35375 1
5.40319 1
12.1691 1
6.38411 1
3.34347 1
6.08183 1
10.0736 1
7.11495 1
9.84339 1
3.6116 1
9.08513 1
2.61093 1
10.3253 1
1.51784 1
9.89552 1
8.25803 1
4.71963 1
6.57412 1
3.26623 1
13.0136 1
7.57933 1
6.24976 1
1.38299 1
-2.76953 1
3.39805 1
4.64567 1
3.40991 1
2.73096 1
0.476823 1
1.34298 1
-0.189835 1
2.19533 1
11.3022 1
6.0731 1
7.73921 1
5.4216 1
3.61861 1
11.0285 1
5.57518 1
2.73988 1
8.66424 1
4.18306 1
12.635 1
-1.21664 1
12.296 1
-0.330758 1
4.23427 1
2.73671 1
11.9916 1
4.30127 1
-2.86905 1
8.17039 1
0.520025 1
4.38921 1
6.55922 1
7.69795 1
4.00703 1
6.88558 1
2.99962 1
6.02809 1
3.99715 1
3.8892 1
3.03701 1
4.73281 1
3.53722 1
3.53139 1
6.87064 1
7.04625 1
5.49608 1
5.60769 1
4.41581 1
5.04736 1
4.67771 1
-3.0318 1
5.28976 1
5.28072 1
5.5083 1
-0.230048 1
-0.699167 1
6.79812 1
5.41647 1
4.23966 1
3.25533 1
5.48106 1
7.0645 1
8.67343 1
5.64827 1
4.21251 1
6.72112 1
6.70977 1
1.73481 1
3.61161 1
0.841062 1
1.76688 1
10.7631 1
4.12072 1
5.52657 1
6.99611 1
-0.546644 1
4.26795 1
2.69841 1
5.74678 1
0.305466 1
7.34928 1
4.89656 1
8.51675 1
1.23927 1
11.4275 1
11.7058 1
3.50426 1
6.05103 1
8.77592 1
5.22308 1
9.10206 1
3.66774 1
0.231857 1
7.04617 1
4.40876 1
-0.0321343 1
3.57635 1
9.58568 1
4.21175 1
5.30182 1
1.91821 1
3.97145 1
6.45357 1
5.93015 1
5.72548 1
4.0535 1
2.45976 1
10.5531 1
5.05684 1
5.51531 1
0.808133 1
-0.813891 1
1.85043 1
9.23734 1
4.32117 1
6.34183 1
4.4123 1
9.14349 1
6.54494 1
5.07027 1
5.86333 1
5.41144 1
6.13774 1
0.21594 1
5.25225 1
6.01414 1
5.32019 1
9.31376 1
7.53644 1
4.17982 1
4.75724 1
5.65267 1
6.76899 1
8.61088 1
6.40086 1
5.37312 1
4.58564 1
1.1126 1
6.97478 1
4.53211 1
4.94735 1
-2.58821 1
4.95716 1
2.81812 1
3.82422 1
9.07385 1
6.04143 1
9.06825 1
3.70392 1
4.77319 1
10.2854 1
3.15441 1
8.06253 1
12.8119 1
7.37684 1
5.11856 1
6.51392 1
6.94623 1
8.12163 1
5.29298 1
5.45978 1
6.08616 1
1.69896 1
4.07929 1
2.98624 1
1.22059 1
4.31466 1
4.30517 1
2.64641 1
8.11409 1
1.8836 1
8.20841 1
7.44706 1
5.16397 1
3.52518 1
11.6236 1
3.23578 1
4.41246 1
6.65388 1
5.52662 1
6.17889 1
6.19511 1
4.82123 1
4.38465 1
4.79454 1
6.64989 1
6.62845 1
-2.81352 1
5.22685 1
8.82671 1
6.1259 1
2.27732 1
1.60737 1
7.28361 1
7.27888 1
5.91435 1
1.0484 1
1.38868 1
1.76059 1
6.98671 1
5.02083 1
4.81073 1
7.40954 1
2.29804 1
7.435 1
-0.276224 1
5.4899 1
7.11002 1
-0.878228 1
0.0818394 1
1.40204 1
7.0095 1
0.808228 1
-2.96447 1
-0.94918 1
3.35353 1
11.4418 1
1.068 1
6.02583 1
3.88698 1
7.48601 1
7.07773 1
13.4168 1
8.20357 1
5.32708 1
2.16577 1
4.57846 1
4.49356 1
8.50922 1
12.0832 1
1.05592 1
-3.85366 1
4.42961 1
5.50472 1
5.39014 1
-2.69069 1
3.51964 1
1.55437 1
5.57574 1
6.3312 1
8.0416 1
4.80753 1
10.744 1
6.12364 1
7.72846 1
3.01347 1
2.78037 1
3.42133 1
5.16853 1
5.56712 1
8.46865 1
5.37846 1
4.57373 1
6.72009 1
4.86432 1
11.5122 1
4.95306 1
3.16948 1
10.6532 1
7.95816 1
3.70433 1
4.60582 1
4.75535 1
4.26238 1
3.15562 1
9.11049 1
2.65448 1
2.16033 1
9.45829 1
6.56677 1
6.47578 1
11.9083 1
6.01056 1
6.70918 1
6.5845 1
4.72362 1
5.56425 1
3.74747 1
6.66542 1
9.59699 1
6.03353 1
5.58075 1
4.42547 1
6.87337 1
9.18461 1
6.79705 1
5.97108 1
7.38799 1
4.17971 1
1.14025 1
6.59376 1
5.05041 1
8.53714 1
3.12023 1
5.72089 1
7.70941 1
4.09239 1
2.73409 1
-3.30411 1
5.65314 1
5.16171 1
6.44066 1
3.42013 1
1.21103 1
5.49734 1
5.95259 1
6.76842 1
4.0518 1
4.59776 1
8.89987 1
5.54146 1
6.19248 1
9.07617 1
1.7498 1
13.8814 1
9.0964 1
4.4943 1
6.87776 1
6.48711 1
5.80025 1
5.55614 1
8.03358 1
-2.95481 1
2.76143 1
4.36731 1
4.6344 1
6.88556 1
2.68237 1
7.28816 1
-1.93605 1
5.35877 1
4.78615 1
2.7379 1
3.03405 1
-1.68436 1
5.58144 1
11.8195 1
3.31394 1
8.27858 1
0.514917 1
0.204415 1
7.39233 1
5.66126 1
3.04577 1
5.44749 1
-1.05823 1
4.02824 1
4.6352 1
2.20763 1
4.3353 1
2.22494 1
13.6764 1
3.31177 1
0.238956 1
6.71894 1
5.4402 1
4.07855 1
5.47148 1
8.18833 1
2.98399 1
1.38258 1
7.38499 1
6.8933 1
2.93602 1
6.9229 1
5.40353 1
4.91592 1
6.1823 1
5.32678 1
6.1417 1
7.04374 1
3.36914 1
-1.17041 1
3.29866 1
-3.21308 1
9.36782 1
7.29121 1
7.37189 1
4.09894 1
4.20393 1
10.4637 1
3.2121 1
7.61578 1
4.72763 1
11.7426 1
6.35943 1
5.15169 1
3.84259 1
12.0769 1
5.64275 1
3.05345 1
3.16442 1
6.31115 1
7.99114 1
4.8534 1
3.88224 1
5.09458 1
8.03213 1
9.07176 1
5.05184 1
5.19267 1
4.80864 1
3.2374 1
-0.571636 1
-1.4195 1
8.10725 1
3.74525 1
3.57159 1
2.14288 1
9.04339 1
9.31782 1
4.85596 1
5.06337 1
6.43177 1
7.02882 1
-1.50735 1
4.21876 1
5.06403 1
3.36675 1
4.05056 1
8.40898 1
0.419275 1
7.92289 1
10.4691 1
-0.54732 1
6.37498 1
13.5412 1
4.81822 1
8.74262 1
6.44194 1
6.90982 1
6.18924 1
4.2463 1
0.284604 1
8.4531 1
2.17257 1
0.232232 1
5.12277 1
5.00068 1
9.75209 1
5.80388 1
8.07925 1
7.94133 1
6.76729 1
8.02653 1
6.80972 1
4.31192 1
4.23893 1
4.03335 1
9.76703 1
-0.0682984 1
5.17671 1
0.940076 1
5.02272 1
0.0831017 1
9.90364 1
11.548 1
-3.26487 1
5.52449 1
3.26635 1
2.7142 1
0.890714 1
4.4209 1
4.41694 1
2.48881 1
9.44542 1
1.79908 1
7.83763 1
-1.44531 1
5.37703 1
6.94971 1
6.50512 1
9.62699 1
6.50121 1
4.59984 1
1.38273 1
5.22384 1
0.228451 1
2.82679 1
11.6948 1
5.1141 1
2.83639 1
11.9068 1
-3.98828 1
9.3116 1
7.21929 1
4.04856 1
4.08843 1
5.35937 1
4.48569 1
7.70826 1
7.82166 1
6.44822 1
-1.87841 1
0.337629 1
0.632542 1
12.1474 1
13.9843 1
1.95151 1
8.1586 1
1.92214 1
5.98874 1
11.601 1
9.38865 1
6.41629 1
6.32148 1
2.02706 1
3.42473 1
4.82649 1
5.81623 1
5.75518 1
4.07152 1
6.5671 1
2.50896 1
-1.42285 1
6.67464 1
3.28568 1
7.18143 1
4.17831 1
7.28 1
2.53522 1
2.92378 1
4.97678 1
6.19156 1
3.52522 1
4.29588 1
5.46484 1
6.54981 1
3.84835 1
7.33813 1
5.12897 1
4.33158 1
6.95253 1
11.8142 1
1.63508 1
6.03957 1
7.04813 1
5.38293 1
6.25211 1
9.47797 1
2.77188 1
6.21318 1
9.67207 1
3.42798 1
4.49502 1
0.964825 1
5.66682 1
12.2427 1
5.1758 1
8.07893 1
4.21995 1
0.86697 1
3.70646 1
-2.10634 1
3.81708 1
6.39793 1
-0.191396 1
6.88776 1
4.53581 1
0.461344 1
4.75228 1
9.78826 1
4.62449 1
6.9785 1
13.7208 1
9.96647 1
11.9896 1
4.19522 1
5.70045 1
-1.55974 1
3.44172 1
4.84345 1
-1.86651 1
8.53573 1
11.0562 1
5.58919 1
7.30753 1
0.295664 1
8.40305 1
9.38884 1
4.25606 1
7.94844 1
4.21138 1
5.97546 1
5.38901 1
14.0383 1
0.632471 1
8.34249 1
3.80562 1
6.91008 1
6.26936 1
7.37788 1
6.3515 1
5.84573 1
4.92991 1
3.28728 1
8.96436 1
-0.247068 1
5.92928 1
3.47564 1
-1.58821 1
7.28498 1
8.39699 1
4.18551 1
3.1654 1
9.3107 1
10.2387 1
2.19194 1
-1.1358 1
7.81175 1
6.73493 1
8.06641 1
3.5495 1
5.68893 1
11.3134 1
8.94039 1
6.35191 1
6.33538 1
-2.3197 1
3.10774 1
6.19109 1
5.88117 1
3.45628 1
4.82692 1
4.68423 1
0.00387749 1
6.82499 1
6.24406 1
6.49804 1
5.37262 1
5.31473 1
5.63067 1
-3.83925 1
3.44135 1
5.3079 1
10.5334 1
4.19094 1
9.91345 1
3.00359 1
14.8394 1
0.853323 1
4.52602 1
12.5774 1
1.05284 1
3.51533 1
13.6738 1
7.72089 1
5.48916 1
6.41041 1
3.54098 1
1.00899 1
8.88994 1
5.72954 1
8.15826 1
4.62898 1
3.08394 1
6.52716 1
10.5756 1
6.13809 1
4.91512 1
5.04935 1
7.11855 1
0.034192 1
2.85406 1
5.29467 1
6.45533 1
5.78175 1
1.65165 1
2.35233 1
5.19091 1
7.08006 1
3.8965 1
6.84504 1
2.53595 1
7.44206 1
6.98285 1
1.87695 1
3.5827 1
1.03149 1
8.23165 1
7.26692 1
2.79766 1
7.36466 1
7.93289 1
3.78043 1
6.06775 1
4.32353 1
5.59967 1
2.40467 1
9.84054 1
7.86576 1
7.00325 1
3.34379 1
4.83831 1
6.55797 1
8.95834 1
3.83699 1
4.50184 1
4.09653 1
-0.124881 1
5.65799 1
5.29 1
6.26459 1
5.90593 1
3.1361 1
4.52417 1
2.79316 1
6.78315 1
5.03259 1
9.0423 1
7.9991 1
6.01432 1
6.52743 1
3.15606 1
3.01677 1
6.0157 1
3.52505 1
4.98233 1
5.93186 1
5.11125 1
4.95654 1
2.81092 1
5.07239 1
5.03609 1
14.437 1
5.26107 1
7.31791 1
13.177 1
7.2488 1
6.18861 1
11.7306 1
4.94938 1
4.5674 1
4.82946 1
6.86061 1
6.93658 1
4.39955 1
5.65163 1
1.83649 1
-3.52799 1
7.79246 1
6.88926 1
4.20645 1
-1.4847 1
1.0616 1
0.987327 1
6.86792 1
1.27347 1
3.52562 1
6.72323 1
3.75067 1
9.57225 1
6.70566 1
6.80113 1
5.02073 1
4.2323 1
2.50354 1
11.4035 1
7.49782 1
6.14952 1
-0.491792 1
0.413176 1
3.17247 1
4.0946 1
2.49401 1
4.57281 1
4.84724 1
1.74689 1
7.22343 1
6.54435 1
6.84951 1
8.56905 1
7.24919 1
4.44709 1
2.03771 1
2.81238 1
13.0285 1
6.35125 1
6.24521 1
5.65031 1
4.20089 1
3.97154 1
7.31713 1
7.01447 1
9.81649 1
8.92868 1
8.90946 1
2.20029 1
1.84568 1
-0.271873 1
12.423 1
6.29154 1
12.0437 1
5.45174 1
2.63461 1
11.0508 1
1.69996 1
9.24628 1
7.4282 1
-0.619692 1
4.37198 1
6.3848 1
4.60774 1
7.07024 1
5.99831 1
4.14091 1
4.26281 1
7.99856 1
3.2025 1
8.53244 1
2.4425 1
3.73346 1
6.51503 1
6.54895 1
8.86527 1
4.77342 1
4.8705 1
3.89021 1
3.28588 1
4.37488 1
14.6278 1
3.07504 1
2.44616 1
5.80074 1
6.57724 1
5.79377 1
6.66582 1
5.66096 1
13.0338 1
7.98819 1
6.45918 1
-2.21346 1
-0.446331 1
3.4533 1
2.51641 1
4.68241 1
5.52528 1
3.88712 1
6.53926 1
8.29538 1
-0.142863 1
1.27446 1
3.15516 1
5.50516 1
6.9788 1
13.7042 1
6.19748 1
11.7584 1
8.7245 1
7.65989 1
-0.568298 1
8.07857 1
5.65379 1
2.97814 1
6.02505 1
5.79086 1
5.31254 1
9.30235 1
4.1489 1
7.94333 1
7.77542 1
6.43592 1
2.77209 1
7.81005 1
0.00684353 1
4.90712 1
5.21427 1
2.92485 1
5.37112 1
4.05493 1
3.03127 1
2.22299 1
-4.43464 1
4.25459 1
8.2877 1
0.908646 1
5.81829 1
10.8593 1
3.57607 1
1.99289 1
10.9026 1
5.89862 1
3.42814 1
3.58875 1
2.92275 1
3.37761 1
1.3979 1
5.02057 1
7.97872 1
8.94473 1
6.5044 1
4.54804 1
3.52812 1
-1.31805 1
4.33534 1
5.66664 1
1.25586 1
14.1503 1
1.5117 1
6.51655 1
3.45615 1
8.53574 1
8.44037 1
5.89241 1
6.91056 1
3.24575 1
6.58992 1
3.99995 1
2.95862 1
6.60751 1
5.65581 1
7.83986 1
12.1023 1
4.17995 1
5.89067 1
5.82368 1
3.83419 1
7.46804 1
5.2824 1
6.46768 1
5.65684 1
4.19725 1
4.22527 1
7.81635 1
7.38221 1
5.25783 1
8.47222 1
7.6772 1
8.51184 1
3.26577 1
3.58446 1
8.21578 1
10.4906 1
4.16535 1
4.94329 1
9.20847 1
6.37666 1
4.20026 1
5.40728 1
3.0889 1
5.59777 1
4.0947 1
0.717156 1
6.03158 1
8.47396 1
1.77007 1
5.00288 1
9.74133 1
5.033 1
3.29752 1
5.83756 1
5.50026 1
3.39871 1
6.23409 1
4.0148 1
4.07967 1
10.883 1
5.89029 1
7.84907 1
5.00463 1
9.51951 1
6.19912 1
-0.0442032 1
7.75559 1
9.60205 1
9.00881 1
6.98145 1
3.48575 1
5.49985 1
5.90757 1
4.21323 1
6.29786 1
3.69594 1
1.2801 1
7.68013 1
8.10721 1
3.51658 1
1.44995 1
4.74323 1
4.21739 1
-2.69074 1
2.64555 1
1.62071 1
1.35079 1
2.40222 1
6.08266 1
9.08646 1
4.78544 1
4.75716 1
6.82238 1
7.81253 1
5.22109 1
9.36082 1
0.915129 1
4.77339 1
4.70925 1
4.47939 1
9.29381 1
2.32145 1
5.74589 1
10.6213 1
4.32705 1
7.14179 1
8.03712 1
2.25771 1
0.251145 1
4.50394 1
1.82 1
4.43616 1
5.06255 1
6.89744 1
7.34955 1
5.8729 1
8.98045 1
-2.46543 1
3.1153 1
14.3788 1
4.81865 1
5.99991 1
4.1474 1
-0.193581 1
0.828174 1
-4.47418 1
4.31721 1
-1.46935 1
6.23477 1
5.66995 1
4.62679 1
6.57412 1
6.90878 1
7.25021 1
4.76121 1
5.62819 1
7.3137 1
3.42582 1
6.62993 1
5.26413 1
2.61085 1
5.59872 1
6.09212 1
0.82229 1
0.51833 1
8.48055 1
5.42051 1
0.629555 1
5.55494 1
0.558301 1
2.39386 1
0.184217 1
6.08655 1
2.57824 1
3.34535 1
5.82481 1
2.5459 1
-0.812733 1
7.65532 1
5.72611 1
2.72017 1
-0.19331 1
6.54683 1
2.78481 1
5.78713 1
6.80506 1
4.10475 1
4.02842 1
7.86221 1
4.40949 1
2.64844 1
3.46423 1
1.90018 1
4.39003 1
1.25164 1
2.14722 1
4.40544 1
2.63501 1
3.48749 1
1.93275 1
10.1089 1
6.03016 1
4.55647 1
0.0684918 1
1.65236 1
7.79251 1
11.1 1
8.36582 1
6.8706 1
6.67597 1
2.43312 1
8.7011 1
4.55066 1
13.1179 1
4.97448 1
3.94294 1
6.12423 1
3.86534 1
10.034 1
-3.22534 1
2.0386 1
-1.01641 1
6.99972 1
-1.09016 1
2.24105 1
6.19864 1
4.24653 1
5.60941 1
4.56646 1
12.9226 1
7.51605 1
6.72173 1
8.23874 1
5.89005 1
2.97169 1
5.08632 1
6.16956 1
7.21669 1
3.66236 1
4.09316 1
9.00589 1
6.50823 1
4.51751 1
8.19734 1
4.38846 1
10.0056 1
6.58775 1
1.20613 1
9.95873 1
7.31746 1
6.38894 1
13.8647 1
2.95631 1
0.131304 1
-3.24802 1
6.71953 1
5.42853 1
-3.44339 1
5.11901 1
6.03141 1
6.37818 1
3.9311 1
-2.58087 1
2.96672 1
7.33908 1
6.55336 1
4.70764 1
5.1088 1
-1.55235 1
7.0872 1
0.599668 1
10.3818 1
4.3927 1
3.61785 1
9.21783 1
14.1969 1
10.942 1
4.47848 1
5.34247 1
0.221135 1
4.24965 1
6.71975 1
2.07976 1
4.86001 1
3.53223 1
5.83393 1
2.39262 1
9.90846 1
4.94747 1
8.54116 1
7.00661 1
6.49061 1
-0.684781 1
6.84816 1
8.66288 1
5.04245 1
3.59531 1
1.21079 1
13.4893 1
5.45557 1
6.68432 1
3.53402 1
9.83395 1
5.90925 1
2.71505 1
-3.8955 1
1.27466 1
1.27185 1
5.87767 1
6.03753 1
3.54224 1
10.0808 1
0.384512 1
9.89955 1
9.78101 1
2.34528 1
2.62036 1
2.16015 1
3.45692 1
-1.02332 1
6.04228 1
0.430259 1
5.31993 1
5.89613 1
3.44733 1
6.33421 1
3.65348 1
6.48221 1
12.2283 1
6.23524 1
3.69472 1
4.93204 1
0.764463 1
7.28811 1
4.291 1
0.549637 1
-0.397707 1
6.53964 1
7.30698 1
3.01206 1
4.80291 1
1.88003 1
5.7852 1
4.19729 1
6.20242 1
-0.717131 1
5.53116 1
-0.135066 1
6.06241 1
2.7173 1
9.94126 1
-2.44275 1
2.9534 1
6.53001 1
3.59162 1
3.94877 1
7.25368 1
14.1261 1
8.38121 1
2.21115 1
2.34773 1
4.59549 1
4.74692 1
6.12727 1
2.61982 1
5.22385 1
1.04692 1
3.60386 1
2.84211 1
8.33811 1
3.63982 1
4.73074 1
6.35419 1
6.88407 1
6.896 1
1.47474 1
4.25057 1
7.03964 1
4.0595 1
2.58347 1
-3.35199 1
7.77869 1
-3.29779 1
11.2492 1
12.109 1
5.446 1
3.91183 1
3.91217 1
-1.72144 1
4.72118 1
6.1382 1
3.78276 1
8.28105 1
3.60873 1
-2.32166 1
6.45188 1
9.91869 1
4.06821 1
1.96211 1
7.26498 1
7.60126 1
-1.63681 1
4.77426 1
1.85137 1
2.73811 1
8.79732 1
7.22531 1
8.18688 1
7.52673 1
3.83593 1
3.57053 1
5.62029 1
1.713 1
2.14699 1
4.64804 1
0.506272 1
4.52569 1
6.16663 1
6.8813 1
3.06169 1
5.46045 1
5.45493 1
7.46358 1
2.68677 1
1.95671 1
5.59207 1
5.39112 1
-3.8652 1
4.28502 1
11.4 1
1.53148 1
11.9671 1
5.6614 1
6.22331 1
1.09695 1
4.41307 1
13.5722 1
8.63367 1
8.84033 1
-4.33598 1
6.285 1
3.84362 1
3.31754 1
5.99441 1
-1.46007 1
6.48797 1
6.18254 1
2.86052 1
7.27114 1
6.09229 1
6.53317 1
11.6436 1
12.7622 1
4.56989 1
5.6789 1
3.85564 1
5.42149 1
4.16637 1
5.88784 1
5.86383 1
3.96883 1
4.82808 1
2.81288 1
9.12167 1
1.42551 1
6.47558 1
12.9339 1
7.20749 1
7.45686 1
1.37126 1
6.93429 1
4.41622 1
4.65344 1
5.73599 1
2.94419 1
2.65876 1
5.56092 1
3.35583 1
5.08427 1
1.02483 1
11.4532 1
3.91669 1
3.3541 1
5.47689 1
3.39245 1
6.11373 1
4.65288 1
6.26111 1
4.46517 1
5.77776 1
2.80844 1
4.47025 1
7.22432 1
7.09147 1
5.93453 1
4.70338 1
10.8018 1
4.26098 1
9.45028 1
6.47513 1
7.04547 1
4.72351 1
6.98324 1
2.23578 1
2.93585 1
5.28559 1
1.40487 1
7.15235 1
7.08371 1
6.36886 1
2.83424 1
0.182964 1
12.2915 1
9.62159 1
6.68163 1
8.48885 1
3.98293 1
6.99421 1
9.13316 1
7.37323 1
1.73319 1
5.31267 1
5.95381 1
10.1459 1
5.64162 1
4.49703 1
-1.37435 1
4.3195 1
6.75543 1
3.31858 1
4.36366 1
3.34872 1
9.32604 1
4.79503 1
3.47377 1
9.00995 1
3.00903 1
2.50195 1
5.69762 1
8.02092 1
3.58185 1
3.55279 1
14.2091 1
0.850325 1
6.83141 1
5.82131 1
0.997394 1
6.48773 1
2.60013 1
12.0559 1
2.16514 1
4.26384 1
7.96039 1
4.5753 1
5.56126 1
4.35129 1
3.94946 1
7.0444 1
4.55397 1
5.89712 1
6.1275 1
3.94765 1
12.4788 1
4.11538 1
8.17867 1
2.6541 1
11.8372 1
2.05912 1
4.78634 1
5.95323 1
3.94535 1
-3.00444 1
5.08927 1
7.24849 1
13.919 1
1.64899 1
7.22187 1
8.06943 1
4.51044 1
3.94086 1
5.71966 1
9.2367 1
8.91807 1
-2.57596 1
-2.37083 1
1.31798 1
1.7067 1
4.215 1
10.2896 1
7.22159 1
6.18307 1
1.26649 1
7.82709 1
8.67788 1
-4.35913 1
7.95514 1
6.46614 1
14.8347 1
5.48985 1
4.69407 1
6.13796 1
8.06363 1
3.60319 1
8.1354 1
5.81591 1
5.40898 1
7.0731 1
-4.50305 1
2.71497 1
9.82648 1
3.58448 1
2.48175 1
4.54247 1
5.05256 1
5.73539 1
6.99068 1
2.5966 1
1.34243 1
5.22101 1
7.2269 1
8.6894 1
3.82195 1
7.45304 1
6.65513 1
-0.138497 1
12.6059 1
7.71934 1
10.5556 1
5.64206 1
8.16981 1
0.509133 1
5.48252 1
4.25027 1
2.5918 1
3.3184 1
-2.69283 1
6.21394 1
0.990234 1
3.9329 1
-1.68406 1
4.22365 1
0.216084 1
6.81253 1
6.38717 1
7.29283 1
11.6745 1
4.7947 1
5.31543 1
9.72047 1
2.26581 1
8.74769 1
4.59142 1
5.42584 1
8.1936 1
-3.70171 1
11.1548 1
2.16181 1
2.38576 1
7.29833 1
3.25846 1
4.89286 1
10.482 1
8.28686 1
7.17087 1
6.02069 1
3.23353 1
1.01507 1
5.93653 1
7.65041 1
-0.566501 1
-0.379001 1
2.30438 1
6.35537 1
3.91443 1
0.430009 1
5.45402 1
1.77589 1
7.34957 1
10.1402 1
0.287602 1
3.15965 1
4.66389 1
5.87558 1
7.15986 1
6.00742 1
-2.29435 1
7.60001 1
8.4522 1
5.92299 1
3.08779 1
4.78573 1
14.3205 1
7.38002 1
5.52625 1
4.14286 1
3.88771 1
8.86108 1
2.20061 1
6.20713 1
4.39388 1
4.537 1
1.74565 1
5.98218 1
3.30784 1
10.6696 1
5.9 1
1.59686 1
3.92382 1
5.90336 1
6.0216 1
2.39582 1
8.98482 1
13.235 1
4.45426 1
5.01792 1
2.58622 1
5.5638 1
5.93773 1
6.79297 1
6.6444 1
5.68426 1
2.91893 1
-1.71396 1
5.07294 1
9.25416 1
5.32806 1
-4.43668 1
7.13651 1
6.68125 1
4.34519 1
8.36206 1
9.06283 1
6.12921 1
1.0381 1
8.64042 1
7.83588 1
5.76499 1
5.19603 1
11.3436 1
6.64847 1
3.70297 1
10.5714 1
6.64147 1
2.81658 1
5.69395 1
3.3313 1
8.1721 1
5.67702 1
7.26859 1
0.659443 1
9.03868 1
5.05085 1
8.67215 1
-2.19602 1
6.15881 1
7.39184 1
5.85695 1
-1.34344 1
2.69769 1
6.0525 1
6.2662 1
2.26865 1
5.00494 1
4.93014 1
4.44821 1
4.84462 1
3.78344 1
6.69238 1
5.6278 1
11.6067 1
6.3994 1
6.35105 1
7.76024 1
4.13761 1
5.15081 1
6.51025 1
6.64776 1
12.8272 1
12.7473 1
4.57622 1
5.19288 1
3.75053 1
1.64909 1
5.05004 1
5.38394 1
5.51844 1
8.72562 1
8.29664 1
4.02463 1
5.1108 1
7.3156 1
4.67024 1
3.73336 1
5.50822 1
13.0659 1
0.10994 1
5.52117 1
-2.84953 1
2.96964 1
5.19464 1
10.637 1
1.89317 1
-0.267935 1
1.43779 1
6.18111 1
3.7827 1
12.3544 1
5.92022 1
5.57884 1
2.61955 1
2.87276 1
6.47822 1
-3.68513 1
0.711069 1
7.27689 1
4.67827 1
7.65444 1
-3.51233 1
6.59322 1
6.18498 1
6.85442 1
5.39425 1
7.53409 1
3.14739 1
1.05596 1
8.58416 1
6.44813 1
4.79103 1
9.38932 1
2.03895 1
4.76216 1
5.27127 1
2.19383 1
2.40706 1
6.03797 1
6.98038 1
2.89803 1
2.50441 1
5.2274 1
8.04056 1
6.08143 1
7.86463 1
7.16564 1
2.52922 1
-4.41946 1
3.51226 1
5.54805 1
8.89712 1
0.0805346 1
5.93751 1
3.38755 1
3.70247 1
3.76377 1
4.10126 1
5.17464 1
5.02638 1
3.93186 1
5.03393 1
10.9457 1
3.57603 1
6.77103 1
3.7453 1
7.20678 1
4.26071 1
4.94238 1
8.04214 1
3.42312 1
4.59549 1
3.93297 1
6.15871 1
3.9216 1
2.88565 1
12.2703 1
5.48555 1
4.95456 1
7.71512 1
7.0843 1
10.3527 1
6.86368 1
-0.291492 1
2.93266 1
12.3437 1
6.27223 1
5.3635 1
4.80409 1
2.43197 1
0.44866 1
0.120717 1
0.650353 1
7.59557 1
6.35394 1
2.67879 1
7.64936 1
7.39696 1
7.58653 1
4.92693 1
4.40821 1
7.72121 1
2.10097 1
8.27145 1
-3.46374 1
-1.96292 1
8.23228 1
6.9096 1
5.74894 1
5.22567 1
2.56629 1
1.17576 1
7.48624 1
3.69645 1
5.28588 1
6.66814 1
7.41937 1
12.4869 1
5.19794 1
5.76417 1
4.24963 1
5.14419 1
4.97341 1
3.60209 1
0.732044 1
4.75953 1
-0.336091 1
5.25231 1
4.23155 1
4.68687 1
2.94607 1
9.19944 1
11.2545 1
3.09814 1
5.82857 1
4.07675 1
3.49365 1
11.7107 1
3.00865 1
-0.438453 1
4.19629 1
2.15274 1
3.98954 1
3.26131 1
2.8815 1
11.3336 1
7.31489 1
9.64759 1
5.53241 1
11.0737 1
9.41786 1
2.26761 1
1.31396 1
1.99002 1
5.10329 1
9.20339 1
14.5661 1
-1.58836 1
7.86901 1
4.72579 1
9.50475 1
-0.702721 1
6.47018 1
3.96178 1
-0.952307 1
5.77293 1
5.77815 1
8.72876 1
4.38775 1
4.89468 1
7.38846 1
4.42047 1
7.53124 1
-1.78304 1
-0.844174 1
4.65302 1
3.60561 1
5.77477 1
7.46463 1
12.1992 1
3.98693 1
4.1086 1
6.33216 1
7.28763 1
13.9714 1
8.62049 1
5.21935 1
4.23443 1
3.43683 1
6.57276 1
8.82681 1
-0.822098 1
-0.0633361 1
4.99853 1
-1.79199 1
5.7463 1
1.11784 1
5.67774 1
3.60923 1
6.78589 1
12.5937 1
6.1261 1
-0.545395 1
5.34193 1
5.07659 1
-0.306535 1
6.61117 1
-2.52881 1
5.09597 1
-2.45254 1
6.23753 1
6.01471 1
10.9317 1
6.09542 1
3.69604 1
3.39148 1
7.18101 1
2.40371 1
12.5703 1
7.20623 1
5.43467 1
6.30315 1
7.3961 1
3.93856 1
2.59968 1
7.99767 1
11.137 1
10.6723 1
5.89554 1
4.77892 1
5.23267 1
8.04237 1
-3.57586 1
2.01383 1
7.21583 1
5.66118 1
6.1868 1
1.70791 1
3.59781 1
8.16432 1
1.59973 1
5.70531 1
8.83174 1
1.1686 1
14.8008 1
9.99309 1
-0.22209 1
-1.70981 1
13.7626 1
10.52 1
2.87881 1
9.24662 1
9.50619 1
5.84093 1
-0.532805 1
6.47855 1
0.253479 1
4.82962 1
14.3855 1
7.63133 1
-0.21333 1
3.44563 1
7.97908 1
4.01031 1
3.84545 1
5.57964 1
8.01256 1
1.65712 1
2.70886 1
6.29863 1
6.66878 1
-0.0470227 1
14.6075 1
1.55408 1
4.77569 1
10.9594 1
2.64999 1
10.5964 1
7.17702 1
13.6306 1
3.02395 1
6.89708 1
6.84717 1
8.06472 1
3.95395 1
7.36563 1
5.34959 1
4.04422 1
4.01407 1
2.62248 1
3.46941 1
4.18551 1
5.32593 1
3.95293 1
0.970398 1
-0.205722 1
3.14479 1
3.90382 1
0.81953 1
3.42439 1
2.32442 1
4.49723 1
14.3118 1
9.18036 1
2.45287 1
3.04913 1
-0.799032 1
9.97384 1
5.89827 1
5.60297 1
5.50667 1
8.46203 1
6.89101 1
3.54855 1
9.2549 1
5.91424 1
5.83387 1
9.08898 1
1.02922 1
4.86807 1
10.8808 1
7.14574 1
5.89591 1
-0.863932 1
5.46116 1
1.80286 1
9.6734 1
5.79011 1
4.92725 1
4.04474 1
6.52082 1
7.81662 1
4.61495 1
0.294724 1
5.78074 1
3.266 1
4.45243 1
2.78288 1
3.09179 1
2.55038 1
6.34549 1
6.01737 1
13.5669 1
7.41974 1
3.02756 1
7.73247 1
8.39798 1
4.58259 1
6.16498 1
8.0701 1
5.52297 1
10.2373 1
5.09395 1
6.63688 1
-3.76201 1
6.31835 1
1.6191 1
-0.262799 1
4.19957 1
4.61926 1
8.10527 1
3.28812 1
6.20746 1
6.46143 1
-0.461443 1
7.21028 1
5.92374 1
6.72558 1
6.42682 1
5.37044 1
7.24797 1
3.17334 1
5.26886 1
5.10917 1
1.98717 1
0.960561 1
0.337832 1
0.586356 1
8.92372 1
-0.0268202 1
6.02499 1
7.05773 1
3.83585 1
-2.81204 1
5.37704 1
3.2326 1
10.058 1
7.2713 1
5.12198 1
5.23894 1
2.79746 1
11.1093 1
5.59414 1
4.63966 1
7.45218 1
4.12465 1
4.01177 1
5.75174 1
7.36409 1
12.0506 1
-0.89707 1
3.80195 1
3.11319 1
4.24541 1
6.58764 1
4.5459 1
1.38397 1
10.1731 1
-1.09684 1
2.88842 1
2.15375 1
2.8965 1
-4.52449 1
8.93665 1
4.68698 1
12.6807 1
1.22887 1
7.24897 1
0.305232 1
5.43629 1
5.26142 1
11.9582 1
6.84299 1
9.15929 1
3.5373 1
7.62417 1
3.95347 1
8.62442 1
1.07212 1
0.202225 1
6.03323 1
2.14343 1
8.3624 1
4.09739 1
2.1478 1
5.97332 1
-0.020935 1
10.0488 1
8.16564 1
8.00026 1
1.39878 1
3.4193 1
-3.75244 1
3.85954 1
9.05828 1
5.5703 1
5.38092 1
7.22494 1
-4.61337 1
3.64385 1
12.5793 1
2.49636 1
10.1231 1
5.95288 1
8.67073 1
7.3014 1
3.27118 1
7.52015 1
6.91721 1
6.65576 1
7.22513 1
2.04989 1
3.53608 1
5.96209 1
7.04639 1
3.84857 1
6.10537 1
9.30232 1
7.61359 1
10.1962 1
12.8081 1
-0.604581 1
5.78418 1
-0.347549 1
8.69131 1
11.2248 1
-4.10355 1
1.80125 1
6.70099 1
12.7729 1
4.03954 1
0.834295 1
11.583 1
6.27097 1
3.05613 1
-1.94247 1
3.73034 1
2.68966 1
5.69949 1
5.80099 1
3.87696 1
6.47247 1
7.172 1
0.618526 1
4.53309 1
4.18344 1
8.82755 1
7.57945 1
1.2071 1
5.08792 1
2.86375 1
1.80109 1
5.53051 1
9.03707 1
5.22393 1
4.54403 1
4.58789 1
1.01712 1
-1.8363 1
-3.45483 1
4.53403 1
5.13138 1
9.19722 1
2.56588 1
4.55263 1
3.08034 1
4.01813 1
3.78625 1
13.7428 1
2.48821 1
14.5397 1
7.13415 1
2.08313 1
6.62773 1
8.97494 1
4.291 1
7.38656 1
5.39347 1
6.99284 1
-0.159049 1
1.92485 1
4.3299 1
-1.53167 1
-4.49404 1
4.36092 1
4.16052 1
4.86702 1
2.6229 1
5.05416 1
9.42013 1
1.94919 1
7.5832 1
4.22126 1
5.92785 1
10.0462 1
-2.1661 1
1.63417 1
5.04242 1
-1.04826 1
3.66111 1
5.41017 1
6.23781 1
3.75214 1
7.22547 1
5.67317 1
3.87959 1
0.0490948 1
9.37527 1
-1.93462 1
-3.83311 1
-0.942731 1
4.1537 1
7.48431 1
6.49607 1
4.80794 1
1.11438 1
8.48673 1
6.11276 1
9.0079 1
4.13306 1
1.52523 1
5.13322 1
5.08639 1
4.72444 1
0.301328 1
6.9697 1
3.74893 1
4.80622 1
5.68648 1
4.963 1
4.32937 1
4.45325 1
5.87405 1
-4.25223 1
3.57843 1
4.86426 1
6.83536 1
5.88273 1
9.98813 1
5.67294 1
1.83897 1
5.8165 1
3.99974 1
8.39612 1
8.58741 1
5.00065 1
5.93803 1
6.70285 1
1.83056 1
9.87603 1
6.48168 1
4.18747 1
0.879972 1
5.88646 1
5.79292 1
3.92304 1
6.71991 1
4.31034 1
5.43479 1
0.552392 1
7.3173 1
5.93299 1
12.9383 1
5.21075 1
5.44189 1
11.5276 1
0.499197 1
3.25185 1
7.38591 1
2.76178 1
9.99085 1
4.29124 1
-3.83574 1
2.97153 1
8.57166 1
7.05594 1
8.71804 1
6.92952 1
6.07297 1
3.32432 1
4.4203 1
7.53922 1
-4.80665 1
3.15459 1
-1.08265 1
6.28596 1
0.553232 1
6.49028 1
7.32997 1
11.8973 1
8.48677 1
2.87726 1
9.61988 1
7.14795 1
2.77896 1
7.82928 1
4.66045 1
9.9871 1
4.74073 1
9.43598 1
5.02238 1
7.77647 1
7.47198 1
1.5691 1
7.90682 1
2.10332 1
4.57886 1
6.90052 1
3.84081 1
5.32671 1
5.98084 1
4.24209 1
7.35613 1
-2.37838 1
7.81439 1
5.97308 1
6.90146 1
7.06919 1
13.0077 1
7.34281 1
3.77175 1
5.9906 1
3.69249 1
3.50815 1
-0.759125 1
7.06147 1
3.44903 1
0.787356 1
-2.06548 1
-3.41614 1
3.14196 1
3.12914 1
5.2261 1
4.66476 1
5.30009 1
4.66358 1
5.03446 1
6.04137 1
8.86289 1
9.45074 1
9.43939 1
2.17567 1
7.19446 1
7.71304 1
3.89301 1
4.75346 1
1.66554 1
6.91531 1
4.04111 1
4.6489 1
2.30163 1
9.6295 1
5.8073 1
5.94406 1
6.58482 1
5.41011 1
5.10383 1
3.35696 1
8.6959 1
-1.94287 1
4.1619 1
5.24889 1
1.15792 1
8.55822 1
3.89399 1
5.27705 1
8.23924 1
4.22193 1
1.90928 1
-3.34056 1
4.50949 1
-1.86343 1
10.7392 1
2.83056 1
-1.30941 1
4.92825 1
4.5469 1
-0.339068 1
-2.76962 1
4.37839 1
7.62184 1
1.98973 1
0.830344 1
4.69363 1
5.18269 1
4.81264 1
9.13151 1
3.57717 1
4.66896 1
5.48772 1
7.16976 1
5.65066 1
5.67677 1
-3.60938 1
6.33516 1
6.41267 1
3.51884 1
4.40283 1
-2.91228 1
6.26752 1
-0.916611 1
1.54001 1
9.17833 1
0.610527 1
5.59829 1
-1.43767 1
4.78546 1
4.01128 1
4.87698 1
3.54925 1
4.2402 1
0.281498 1
6.15345 1
8.23552 1
0.994897 1
3.23278 1
3.50002 1
-2.39182 1
4.83063 1
3.6181 1
2.53681 1
4.64631 1
9.09365 1
3.72679 1
7.40399 1
8.05374 1
10.0555 1
5.92524 1
7.09166 1
10.6891 1
6.6021 1
1.79874 1
5.21966 1
11.2273 1
3.7825 1
6.93253 1
8.97339 1
6.42302 1
5.16002 1
7.80411 1
6.86845 1
-2.7805 1
8.55168 1
2.11637 1
5.72206 1
3.69729 1
8.28601 1
3.96921 1
5.48947 1
3.29468 1
0.815418 1
1.60239 1
3.87852 1
4.84517 1
7.30456 1
5.21379 1
5.73804 1
3.89756 1
5.34503 1
5.33238 1
3.28198 1
9.29243 1
5.61443 1
4.14309 1
12.1703 1
5.29803 1
9.93155 1
2.57981 1
3.62312 1
3.12652 1
0.317692 1
-0.831277 1
6.14516 1
-0.973496 1
3.79318 1
6.80277 1
4.17034 1
5.31189 1
6.31277 1
-0.34256 1
9.43899 1
6.67832 1
4.71727 1
2.47185 1
-0.311786 1
13.1887 1
-0.0174647 1
9.45186 1
2.91325 1
-3.45835 1
3.28869 1
8.12216 1
3.11894 1
4.53124 1
3.33873 1
6.15111 1
3.16965 1
4.55488 1
4.67424 1
6.13374 1
-0.531146 1
9.27127 1
0.093841 1
1.37273 1
2.30115 1
6.10885 1
6.95552 1
4.78871 1
9.77664 1
1.68638 1
9.20544 1
5.06109 1
7.12339 1
2.62522 1
3.52543 1
3.49244 1
4.06218 1
6.807 1
4.44554 1
9.197 1
8.40602 1
3.81183 1
4.75296 1
9.60676 1
5.98957 1
1.39866 1
4.29568 1
5.52215 1
4.05755 1
4.72956 1
3.64165 1
5.63409 1
2.00514 1
5.95062 1
7.10732 1
5.48525 1
8.06763 1
-0.433779 1
5.22206 1
6.95079 1
7.4561 1
4.16517 1
1.15902 1
6.14286 1
-0.536402 1
1.52859 1
6.17986 1
6.69349 1
5.09837 1
6.61625 1
6.33399 1
6.25508 1
8.02439 1
4.40211 1
1.98069 1
6.88294 1
4.40788 1
-0.625769 1
10.7506 1
5.56881 1
12.9122 1
8.38311 1
4.44486 1
10.2307 1
6.00307 1
6.0298 1
5.74091 1
5.64552 1
4.29908 1
13.6378 1
5.445 1
4.88035 1
6.8718 1
5.25041 1
8.39104 1
4.17184 1
5.89233 1
3.56487 1
5.69982 1
3.05165 1
11.21 1
7.46303 1
3.79458 1
8.88649 1
7.60745 1
4.43399 1
4.15998 1
3.34021 1
3.5879 1
2.46187 1
11.8321 1
2.14905 1
8.5023 1
6.67016 1
0.930544 1
3.36226 1
-2.16363 1
5.73993 1
5.34961 1
5.64711 1
10.7357 1
0.155813 1
6.45817 1
4.19266 1
6.74579 1
5.16663 1
6.1118 1
5.40557 1
5.12973 1
-1.85687 1
4.35278 1
0.451053 1
6.87126 1
5.88611 1
7.33689 1
0.233944 1
-1.06388 1
9.01661 1
4.91876 1
6.95134 1
5.14038 1
5.45786 1
2.80911 1
4.19622 1
8.61251 1
3.7558 1
8.25295 1
5.0044 1
7.69079 1
3.70452 1
3.49026 1
3.88397 1
2.46094 1
4.26464 1
-2.31369 1
4.95448 1
6.34465 1
11.0017 1
5.09824 1
5.561 1
5.19983 1
10.2628 1
7.72619 1
11.2499 1
4.61224 1
6.92349 1
2.62827 1
3.50945 1
13.8577 1
3.95209 1
3.61943 1
8.88287 1
4.67297 1
7.70753 1
4.05709 1
2.44622 1
5.00045 1
3.2956 1
1.85152 1
5.62521 1
8.99797 1
4.66605 1
4.39206 1
2.8245 1
12.0296 1
-2.3726 1
4.92691 1
5.06218 1
10.6187 1
7.63192 1
8.17485 1
5.32313 1
8.50723 1
7.63615 1
2.48146 1
4.59382 1
9.33814 1
-0.144451 1
6.97757 1
4.00262 1
9.17486 1
4.46483 1
5.87781 1
5.71844 1
8.91235 1
3.27731 1
6.01999 1
8.93495 1
2.38049 1
1.0952 1
3.32539 1
2.86939 1
6.98885 1
-2.97282 1
3.79054 1
5.06091 1
1.23602 1
5.41131 1
5.42841 1
7.0052 1
3.44992 1
1.87164 1
5.94565 1
1.96863 1
3.21749 1
3.12562 1
4.95152 1
10.3921 1
4.61369 1
2.47658 1
3.52379 1
5.87229 1
5.59283 1
-0.855375 1
5.58931 1
7.46913 1
2.58528 1
8.23292 1
-2.54904 1
4.59699 1
9.20864 1
4.17721 1
3.50428 1
9.01402 1
4.40904 1
7.16077 1
0.456176 1
5.18073 1
1.27902 1
7.32178 1
5.30109 1
6.38214 1
5.4386 1
4.3887 1
4.30196 1
9.60417 1
2.85705 1
2.73549 1
4.66854 1
1.38224 1
2.0136 1
7.15031 1
4.51474 1
4.85947 1
7.60187 1
9.20084 1
-4.30154 1
4.54192 1
2.77941 1
3.29822 1
5.15493 1
14.4477 1
6.08524 1
7.70378 1
13.0529 1
6.32745 1
5.15537 1
3.0073 1
2.72708 1
2.48345 1
6.86722 1
5.57323 1
1.97006 1
7.09341 1
0.869021 1
9.09188 1
9.54517 1
6.37813 1
6.04583 1
13.9489 1
12.0252 1
6.11197 1
6.82111 1
-4.73846 1
5.47173 1
4.17465 1
8.2881 1
7.77891 1
8.32443 1
-3.57896 1
1.8163 1
1.91682 1
5.75262 1
6.45038 1
4.68423 1
-1.05304 1
1.08756 1
14.8183 1
5.38379 1
1.74259 1
4.28932 1
6.20044 1
4.59578 1
4.3665 1
6.84796 1
4.43756 1
6.95354 1
6.44998 1
7.47078 1
1.40971 1
3.34565 1
3.26369 1
8.81646 1
12.251 1
4.99844 1
1.18091 1
3.85038 1
8.53439 1
5.57814 1
4.14158 1
6.27506 1
-3.71575 1
3.58687 1
4.35632 1
5.38939 1
-1.73826 1
7.47209 1
13.4219 1
5.1153 1
6.93584 1
-3.7168 1
9.7484 1
6.66777 1
4.10844 1
4.52471 1
3.33653 1
2.24286 1
-2.59122 1
-1.99958 1
9.16454 1
12.7454 1
13.9564 1
3.30803 1
-2.87139 1
1.28994 1
3.9259 1
14.1913 1
9.23914 1
3.24732 1
3.11781 1
1.18166 1
5.30624 1
-2.90145 1
0.577172 1
5.39611 1
5.01438 1
7.80506 1
1.9919 1
6.29474 1
6.73665 1
5.01666 1
6.82156 1
6.56667 1
1.41071 1
4.62591 1
6.18023 1
11.0543 1
2.759 1
6.61753 1
6.19128 1
2.08784 1
6.47337 1
6.31107 1
6.12244 1
9.26317 1
7.36316 1
4.69979 1
7.34624 1
2.60127 1
8.68668 1
5.66185 1
3.68128 1
7.80128 1
7.29684 1
5.26806 1
5.64262 1
3.04716 1
-0.00416027 1
4.50944 1
3.65331 1
3.78905 1
4.60941 1
2.01851 1
6.38244 1
5.91692 1
8.2576 1
4.2244 1
1.5846 1
0.537317 1
1.22077 1
5.36339 1
7.33195 1
11.2899 1
7.29495 1
5.98929 1
8.97546 1
2.89486 1
5.63225 1
5.33701 1
5.41016 1
5.14596 1
4.748 1
-0.298123 1
4.26042 1
11.7389 1
5.18955 1
1.64962 1
0.190425 1
5.47294 1
8.03136 1
5.52353 1
7.19009 1
4.53686 1
7.64416 1
5.08944 1
6.71222 1
9.14134 1
7.0639 1
14.2104 1
2.59443 1
6.8814 1
3.22411 1
2.20998 1
1.83232 1
8.43569 1
4.40821 1
3.85484 1
2.11441 1
3.13126 1
4.54586 1
4.98781 1
-0.283464 1
2.0406 1
8.79807 1
10.232 1
7.24557 1
6.13067 1
7.57778 1
5.13169 1
5.72691 1
5.77699 1
2.27851 1
5.78355 1
10.0523 1
5.57087 1
-2.19283 1
11.4884 1
5.36547 1
5.37642 1
3.78676 1
7.63368 1
6.49069 1
8.32713 1
7.48442 1
-3.74639 1
7.93333 1
8.60538 1
4.49479 1
-0.62386 1
3.84675 1
4.04505 1
11.7935 1
4.28382 1
2.59411 1
8.20979 1
-4.66893 1
6.50179 1
9.92185 1
0.985997 1
5.49043 1
6.63292 1
4.40745 1
7.46687 1
4.03577 1
0.261565 1
4.72755 1
8.8827 1
-1.20258 1
-0.791601 1
4.1274 1
6.60505 1
5.72639 1
3.8541 1
5.84065 1
-1.43242 1
1.70079 1
4.67521 1
9.41016 1
8.46359 1
6.75522 1
9.2377 1
4.92255 1
3.44655 1
11.7592 1
-2.55787 1
10.8433 1
8.01074 1
1.0988 1
5.96002 1
11.502 1
7.76684 1
6.99439 1
3.97794 1
6.54641 1
2.5996 1
8.76709 1
0.00464202 1
6.77235 1
5.89132 1
5.35665 1
6.54531 1
-2.10609 1
3.65107 1
3.34149 1
5.3456 1
-2.11642 1
4.20527 1
3.04836 1
4.35094 1
3.89883 1
4.69029 1
3.39412 1
4.29994 1
4.58391 1
4.86642 1
6.30474 1
4.95834 1
2.5691 1
2.67193 1
0.991142 1
10.8433 1
6.13582 1
5.61947 1
5.76809 1
5.13457 1
8.14896 1
6.57306 1
3.9684 1
5.39862 1
2.69603 1
1.95131 1
7.03157 1
11.0631 1
5.93405 1
-3.12647 1
-0.950275 1
10.4696 1
9.52258 1
5.04259 1
7.53971 1
2.86968 1
8.56743 1
12.8612 1
7.83611 1
4.13513 1
4.87317 1
2.31829 1
6.46789 1
11.0014 1
10.7066 1
0.846194 1
5.46732 1
-0.373659 1
14.7712 1
7.94109 1
2.51365 1
5.09552 1
5.66156 1
7.69861 1
6.91169 1
2.05047 1
6.94985 1
0.387178 1
5.05632 1
4.15879 1
1.58837 1
7.67505 1
4.36137 1
4.13898 1
8.7455 1
-0.750123 1
4.71291 1
5.06305 1
8.94552 1
5.45116 1
6.73397 1
5.00794 1
4.63761 1
3.45323 1
5.68051 1
3.55611 1
10.7469 1
4.03476 1
6.12949 1
5.27221 1
3.07236 1
-4.31653 1
4.36165 1
7.60773 1
6.02243 1
3.29491 1
4.8357 1
7.75207 1
7.05391 1
5.15702 1
5.30573 1
7.18382 1
6.54328 1
4.99606 1
1.62497 1
5.79929 1
6.93394 1
3.78073 1
-2.11186 1
-3.84179 1
10.0171 1
-0.346304 1
3.50232 1
6.065 1
5.74828 1
0.850017 1
6.80156 1
4.81276 1
7.92227 1
0.747057 1
1.26933 1
6.35271 1
1.26625 1
-4.812 1
3.31627 1
1.02679 1
4.27703 1
6.34095 1
0.765657 1
11.509 1
13.4453 1
8.20272 1
7.60492 1
5.29075 1
3.71413 1
13.7736 1
3.62049 1
6.34981 1
5.33753 1
6.82384 1
3.87632 1
0.0672164 1
5.74152 1
6.7547 1
4.4078 1
7.5306 1
2.46551 1
1.56242 1
8.04271 1
-0.0671814 1
1.26373 1
8.77378 1
9.23749 1
-1.42986 1
7.07846 1
12.2983 1
8.24308 1
11.3088 1
1.20226 1
5.49457 1
5.92649 1
5.53301 1
7.37653 1
14.5254 1
-3.66224 1
5.4703 1
5.42711 1
7.35431 1
-3.39385 1
6.59015 1
-1.91539 1
6.1826 1
6.2713 1
1.89273 1
5.70533 1
5.66197 1
3.62528 1
3.95825 1
5.04575 1
4.74111 1
-3.83673 1
8.08473 1
4.29477 1
5.90835 1
7.46501 1
1.05517 1
7.73578 1
5.20324 1
13.1673 1
2.23902 1
5.80225 1
5.45978 1
4.17919 1
-2.427 1
5.03266 1
8.53087 1
7.02681 1
8.3086 1
4.79447 1
7.93362 1
3.76463 1
2.76085 1
2.93596 1
-1.44535 1
6.61667 1
11.9006 1
3.32765 1
5.11707 1
4.58552 1
5.06618 1
14.3275 1
7.16333 1
11.1218 1
3.95065 1
5.05553 1
5.84985 1
3.94146 1
3.50935 1
5.15815 1
11.4982 1
5.3429 1
6.7178 1
3.78949 1
12.8583 1
11.1571 1
7.62586 1
10.4947 1
10.5752 1
9.57706 1
2.02031 1
5.76073 1
14.4828 1
6.27878 1
6.09515 1
6.09412 1
5.34846 1
3.40611 1
4.03549 1
10.5293 1
7.00309 1
0.533123 1
8.02413 1
5.3072 1
7.47134 1
4.17494 1
2.88625 1
6.34754 1
5.98728 1
6.24799 1
6.30064 1
6.91208 1
9.88755 1
3.86908 1
4.78383 1
5.01576 1
7.42908 1
7.16878 1
7.92892 1
5.26113 1
0.615815 1
7.02474 1
5.00407 1
4.15219 1
5.54579 1
0.333984 1
5.31953 1
7.30321 1
2.79352 1
5.51139 1
1.07506 1
4.66848 1
5.79569 1
10.6552 1
0.105901 1
1.60347 1
6.68127 1
6.83465 1
-0.0234367 1
5.38918 1
4.93853 1
-0.0339633 1
-0.150928 1
3.35652 1
7.16269 1
1.486 1
6.40528 1
-0.748622 1
6.70195 1
4.27413 1
4.11464 1
5.47895 1
5.06349 1
-0.776347 1
5.957 1
6.1122 1
4.80688 1
3.84238 1
6.32615 1
5.27763 1
5.0026 1
7.17514 1
2.28726 1
4.37722 1
9.33122 1
9.12361 1
5.8951 1
4.81006 1
6.57971 1
12.582 1
4.44745 1
-3.39131 1
3.24959 1
3.31566 1
12.5939 1
14.8406 1
10.6727 1
8.99707 1
6.85084 1
8.11099 1
3.63035 1
6.4227 1
-1.79715 1
3.22923 1
7.49251 1
-2.84589 1
5.30167 1
0.0865568 1
0.924713 1
9.27166 1
5.72493 1
4.86362 1
2.5011 1
2.23677 1
7.44163 1
11.3775 1
6.96538 1
4.46407 1
6.41861 1
6.49059 1
7.00645 1
0.0653787 1
5.57108 1
3.46269 1
4.30949 1
3.67145 1
0.991942 1
6.73356 1
6.43938 1
5.29332 1
3.00936 1
2.58567 1
1.74379 1
7.64024 1
-3.11873 1
5.40291 1
4.65072 1
9.00125 1
11.2784 1
4.31154 1
12.321 1
10.0629 1
5.18143 1
8.05347 1
5.92639 1
7.71302 1
-0.496455 1
3.72052 1
5.53064 1
6.05947 1
6.01122 1
-1.45258 1
8.20694 1
5.84459 1
2.79328 1
14.2102 1
7.34389 1
7.15857 1
1.90742 1
2.13993 1
12.9647 1
10.5565 1
4.67915 1
1.80613 1
8.6753 1
8.31829 1
6.19404 1
7.85707 1
5.53153 1
7.63546 1
5.5561 1
5.31223 1
0.085182 1
10.1236 1
9.79591 1
7.3486 1
6.30874 1
6.38196 1
7.29744 1
5.34543 1
5.53807 1
-1.98122 1
6.9827 1
9.24218 1
5.50752 1
2.57096 1
12.8087 1
3.42576 1
6.13696 1
5.41968 1
5.62082 1
11.5537 1
4.72189 1
6.98207 1
6.76239 1
-2.61382 1
9.03667 1
-1.68303 1
6.2401 1
6.65689 1
7.57068 1
9.75194 1
3.47911 1
5.57522 1
5.74898 1
3.65978 1
1.04938 1
6.28297 1
1.29509 1
1.9036 1
5.05602 1
1.86863 1
6.72811 1
7.44078 1
4.73613 1
4.03051 1
3.51977 1
4.64342 1
7.38366 1
7.26512 1
4.39528 1
2.06452 1
12.3821 1
6.84444 1
5.80822 1
1.31688 1
-0.398781 1
-2.70432 1
2.0038 1
4.00001 1
2.61242 1
3.45567 1
5.61181 1
7.2447 1
1.39296 1
4.0153 1
4.71209 1
6.89526 1
4.13845 1
14.0821 1
4.57371 1
6.343 1
14.8244 1
0.44716 1
5.82285 1
6.30401 1
4.23514 1
3.83481 1
6.74753 1
9.47017 1
2.58422 1
1.76646 1
3.53737 1
5.03283 1
4.91244 1
0.329443 1
0.394424 1
3.84824 1
10.3036 1
5.50757 1
6.50111 1
5.0884 1
2.12281 1
4.51382 1
7.49997 1
7.55282 1
3.3793 1
5.44181 1
2.60771 1
2.11685 1
1.8227 1
14.5441 1
10.2888 1
8.64422 1
4.81596 1
8.55539 1
4.79774 1
5.88101 1
3.81378 1
13.2239 1
5.95119 1
4.82496 1
7.06207 1
4.78765 1
1.81351 1
6.92866 1
0.424662 1
9.72653 1
5.97308 1
3.77109 1
3.30915 1
3.80709 1
2.88774 1
4.29346 1
8.65174 1
4.05817 1
3.89079 1
4.50326 1
7.56466 1
2.14378 1
5.75534 1
3.96411 1
7.9705 1
5.40294 1
7.00686 1
4.37862 1
-0.00873528 1
4.05746 1
7.70905 1
7.1458 1
5.8088 1
8.80953 1
4.0108 1
4.68079 1
1.24153 1
5.77631 1
6.38783 1
2.73077 1
3.2968 1
5.90232 1
4.12727 1
0.73495 1
4.0887 1
7.00889 1
6.37794 1
6.4439 1
6.22183 1
7.07558 1
10.6451 1
2.83194 1
11.2788 1
3.45658 1
4.24723 1
6.20343 1
4.60727 1
1.34047 1
4.2978 1
4.30958 1
4.34875 1
6.14226 1
3.4997 1
6.29004 1
5.49742 1
14.7985 1
7.29984 1
6.21168 1
7.57672 1
6.19829 1
5.99621 1
4.1572 1
5.79095 1
12.7017 1
5.21298 1
2.02361 1
4.47027 1
1.83345 1
-2.46345 1
11.7057 1
5.83906 1
7.18314 1
8.59855 1
6.48561 1
4.59249 1
2.35362 1
5.27755 1
-1.287 1
2.75833 1
3.73859 1
3.49129 1
8.02816 1
4.42788 1
4.56233 1
11.6307 1
10.3826 1
6.45359 1
1.72935 1
4.71291 1
4.38737 1
8.14785 1
8.23122 1
7.55688 1
8.84408 1
8.5213 1
3.68742 1
2.97363 1
7.79109 1
8.16962 1
13.4048 1
5.85276 1
6.67815 1
3.38199 1
7.33095 1
2.09598 1
8.20009 1
5.09839 1
10.8128 1
6.06948 1
9.92135 1
5.75521 1
6.54717 1
7.0174 1
6.03894 1
3.57362 1
7.44323 1
4.4595 1
6.59413 1
5.40171 1
8.21602 1
5.32496 1
5.22966 1
5.60112 1
6.85469 1
7.10746 1
0.905714 1
5.16705 1
6.68548 1
6.83348 1
6.73448 1
3.33932 1
5.78578 1
3.60451 1
2.37851 1
8.70026 1
6.53461 1
10.7114 1
5.14137 1
3.37506 1
11.5375 1
6.33832 1
1.97372 1
10.5275 1
3.33191 1
3.45228 1
2.62801 1
9.89929 1
3.1479 1
6.86711 1
5.47584 1
3.11994 1
6.46147 1
6.80496 1
6.15643 1
7.4289 1
4.8648 1
11.2634 1
6.71575 1
4.8673 1
3.47009 1
1.55049 1
13.6369 1
8.03262 1
3.45423 1
-0.961831 1
0.457288 1
6.27913 1
5.99756 1
3.33386 1
4.61224 1
6.96883 1
7.84709 1
0.902986 1
4.29419 1
3.34728 1
3.60294 1
-2.127 1
5.40888 1
4.81066 1
4.1413 1
1.95333 1
8.06058 1
0.13897 1
11.1176 1
3.87631 1
7.36297 1
4.54528 1
4.66489 1
5.5402 1
5.89927 1
12.6918 1
3.57085 1
3.95334 1
9.84251 1
7.56851 1
6.2576 1
4.68736 1
10.3007 1
13.1369 1
8.09756 1
10.2435 1
7.45974 1
2.3856 1
3.5523 1
3.64497 1
6.93331 1
7.78903 1
6.04961 1
-3.99914 1
3.19778 1
11.4754 1
5.41479 1
7.6007 1
2.45077 1
5.87702 1
-0.196188 1
6.04319 1
2.50061 1
5.71107 1
2.75001 1
6.66473 1
5.40154 1
0.0302982 1
10.5291 1
6.31373 1
3.38608 1
9.45882 1
9.9959 1
4.05762 1
4.74866 1
3.704 1
7.16359 1
12.8446 1
4.60262 1
7.53561 1
12.6323 1
2.29105 1
14.397 1
10.8772 1
5.86063 1
7.13409 1
6.96971 1
1.58217 1
5.00267 1
0.439476 1
7.0761 1
-3.78689 1
3.62278 1
5.47865 1
0.631959 1
6.08925 1
4.68742 1
4.42953 1
0.0154607 1
3.45079 1
-1.30964 1
6.27873 1
6.00639 1
3.1736 1
5.36273 1
11.4133 1
2.98116 1
11.2392 1
8.54343 1
7.87769 1
6.24343 1
5.34586 1
5.71241 1
5.62786 1
8.14159 1
3.74999 1
4.89287 1
8.50879 1
9.97126 1
7.09844 1
1.23598 1
4.23429 1
10.2667 1
4.28588 1
7.1505 1
1.50765 1
8.91557 1
3.59816 1
7.79757 1
1.92835 1
3.83795 1
2.96899 1
6.00491 1
5.76465 1
4.4797 1
7.81834 1
4.63685 1
7.42581 1
6.13239 1
7.06238 1
4.60855 1
0.587146 1
2.1461 1
6.90131 1
2.83929 1
0.589083 1
5.74195 1
5.60835 1
6.86706 1
6.2035 1
2.28049 1
6.37469 1
6.60014 1
-0.584391 1
7.43158 1
7.20957 1
5.65651 1
7.573 1
-1.65428 1
5.7541 1
3.66509 1
1.45919 1
5.74112 1
4.98077 1
0.315264 1
7.28345 1
5.31652 1
5.81256 1
3.46241 1
12.0827 1
4.2163 1
7.46545 1
5.69228 1
5.84893 1
6.08216 1
5.1963 1
3.17315 1
6.148 1
5.47657 1
5.18475 1
4.5995 1
9.29373 1
4.53051 1
3.61919 1
9.5116 1
-3.56754 1
4.76832 1
7.12611 1
5.73498 1
-3.06434 1
8.61332 1
3.39397 1
5.56793 1
7.96205 1
10.277 1
2.72482 1
4.21582 1
3.70841 1
2.13719 1
1.9342 1
-1.43444 1
6.56228 1
4.48118 1
4.4272 1
7.68193 1
3.93818 1
0.58459 1
10.7001 1
4.30817 1
-1.18729 1
2.92447 1
7.14485 1
5.47348 1
4.06061 1
0.450528 1
8.30898 1
6.08608 1
6.04934 1
4.9462 1
0.187268 1
3.94813 1
13.4099 1
4.14844 1
2.66104 1
6.59431 1
12.7439 1
6.90462 1
3.23782 1
12.518 1
3.66422 1
6.54834 1
5.23166 1
7.92729 1
6.69223 1
1.91039 1
4.69691 1
7.88112 1
11.5944 1
5.9836 1
6.8882 1
5.40844 1
2.78261 1
3.05945 1
6.23347 1
5.4836 1
13.3795 1
3.14194 1
13.9423 1
2.15825 1
8.45733 1
3.48333 1
13.2304 1
5.40501 1
5.59247 1
10.1628 1
5.07025 1
4.1105 1
8.38698 1
8.75924 1
-1.86069 1
6.1439 1
-4.41901 1
5.77996 1
5.42041 1
3.06986 1
2.74939 1
5.52548 1
0.39024 1
3.93279 1
2.88766 1
6.94412 1
4.34501 1
4.92655 1
12.2795 1
2.01761 1
2.75083 1
8.92613 1
3.80095 1
9.4864 1
5.10423 1
5.48356 1
7.59526 1
13.2534 1
4.14711 1
5.18539 1
4.48719 1
14.858 1
0.0589944 1
3.56357 1
6.17349 1
1.49326 1
2.8376 1
3.19189 1
4.29744 1
-2.90041 1
8.08209 1
7.01238 1
2.51949 1
6.13647 1
5.50395 1
-0.582485 1
9.4572 1
3.00967 1
8.86638 1
5.38964 1
1.45549 1
6.38896 1
5.9709 1
7.98556 1
5.6323 1
5.12656 1
5.00095 1
5.05221 1
5.56668 1
8.04405 1
14.1914 1
7.79495 1
2.70713 1
5.74093 1
4.31215 1
3.77212 1
0.0522452 1
-0.477485 1
-0.193846 1
9.72595 1
7.57643 1
12.98 1
3.49993 1
0.412147 1
2.98603 1
-2.90962 1
3.54777 1
9.18193 1
3.75411 1
3.51668 1
2.23916 1
3.10315 1
5.4379 1
13.153 1
5.92998 1
5.93903 1
5.9572 1
12.9252 1
9.92459 1
3.23521 1
7.55065 1
6.08737 1
9.61049 1
5.89705 1
-2.31452 1
4.40212 1
4.48408 1
6.10605 1
3.89638 1
10.3767 1
4.36486 1
6.09607 1
5.25354 1
6.98874 1
-4.14114 1
4.32003 1
6.13543 1
0.961818 1
5.62709 1
4.59202 1
4.89223 1
1.25577 1
6.32178 1
1.56903 1
10.2573 1
4.4534 1
1.40667 1
5.7652 1
-0.74151 1
2.96542 1
-2.54752 1
3.84942 1
-3.01824 1
10.2436 1
4.36888 1
2.99159 1
2.57734 1
4.27592 1
8.85393 1
10.2318 1
5.31594 1
5.52796 1
6.62257 1
2.03308 1
-1.68564 1
10.6792 1
5.70657 1
-1.2322 1
5.48425 1
6.13657 1
-1.7157 1
1.63786 1
3.19303 1
2.92552 1
5.11243 1
9.44289 1
5.80895 1
4.82755 1
9.3514 1
3.70735 1
4.56909 1
7.7679 1
5.69372 1
7.25708 1
1.17151 1
7.57195 1
2.2224 1
5.59821 1
5.19754 1
6.94004 1
8.41371 1
4.53623 1
5.51633 1
6.82607 1
7.38904 1
1.57428 1
5.32332 1
7.25624 1
5.5204 1
3.95659 1
-1.06972 1
9.71775 1
5.59127 1
5.55108 1
5.73628 1
8.20571 1
5.32687 1
7.33242 1
5.73484 1
8.27255 1
3.8262 1
4.89835 1
2.90659 1
5.48315 1
3.1592 1
3.783 1
7.95085 1
10.0284 1
3.40515 1
7.12571 1
3.56303 1
10.9146 1
4.50416 1
8.78006 1
13.6047 1
6.96244 1
3.74042 1
5.20267 1
2.63053 1
7.34844 1
9.54627 1
5.72125 1
4.12303 1
-0.923747 1
6.10308 1
-0.513328 1
2.52587 1
4.78426 1
1.37902 1
-1.3022 1
5.42162 1
4.86695 1
-1.02196 1
5.92706 1
0.541546 1
2.02439 1
4.90783 1
7.88171 1
10.6108 1
3.08608 1
3.35863 1
2.94067 1
7.2667 1
3.24952 1
4.18287 1
-1.52135 1
8.43135 1
2.1438 1
4.98422 1
7.49773 1
6.71814 1
7.42286 1
7.79386 1
-4.14784 1
6.49244 1
4.66532 1
6.30855 1
1.67555 1
2.50112 1
4.38078 1
11.0957 1
-1.59223 1
3.44559 1
1.22058 1
4.08406 1
-0.104135 1
2.79106 1
-4.8699 1
4.86475 1
4.50864 1
7.56891 1
4.65631 1
9.19974 1
3.99544 1
3.69269 1
3.08442 1
14.0042 1
5.40861 1
10.0001 1
5.88195 1
8.38882 1
10.9516 1
3.45245 1
2.69011 1
2.1288 1
4.7719 1
8.90061 1
6.86458 1
10.1165 1
6.16029 1
4.74208 1
3.68668 1
-3.99557 1
2.55202 1
1.56243 1
2.47559 1
4.33161 1
3.05046 1
3.61497 1
1.75897 1
4.21446 1
10.304 1
5.87901 1
0.745445 1
6.03231 1
5.85973 1
5.03902 1
0.884801 1
5.26003 1
3.05526 1
1.69401 1
5.77898 1
7.72979 1
4.6695 1
7.96488 1
5.85755 1
5.86428 1
6.96348 1
5.17673 1
9.06227 1
13.0632 1
5.59416 1
6.76816 1
4.72184 1
8.49663 1
0.342949 1
5.27848 1
2.36145 1
3.67287 1
4.52442 1
8.84885 1
5.52977 1
5.93782 1
5.55063 1
5.16826 1
6.98512 1
8.01544 1
5.13193 1
6.2357 1
6.44834 1
2.6681 1
10.0338 1
4.84035 1
6.7102 1
4.58041 1
7.63844 1
2.8159 1
4.99652 1
7.51205 1
9.09492 1
4.78221 1
-1.57499 1
3.14685 1
6.72567 1
3.81005 1
4.9651 1
7.76628 1
6.38407 1
8.22989 1
2.8371 1
4.58706 1
4.38597 1
-0.728791 1
4.59996 1
7.79554 1
7.07588 1
4.82927 1
1.77176 1
11.5079 1
-0.510516 1
8.67202 1
2.50989 1
12.5485 1
8.22527 1
1.24512 1
5.1028 1
4.93278 1
-1.59315 1
2.34991 1
4.62302 1
3.99522 1
4.32668 1
4.87645 1
4.98329 1
1.90203 1
-0.990648 1
6.26219 1
1.49245 1
5.17487 1
5.86574 1
-1.34375 1
11.3958 1
0.929831 1
4.65591 1
4.39208 1
8.39141 1
6.90674 1
2.46624 1
4.87732 1
1.7737 1
5.57195 1
2.55408 1
5.4067 1
4.49814 1
3.83987 1
5.88326 1
3.55777 1
2.84081 1
0.600801 1
4.12558 1
4.41761 1
4.6637 1
7.62331 1
-0.740638 1
5.88527 1
4.93419 1
3.96116 1
8.36498 1
-1.97402 1
5.06783 1
7.34772 1
10.2189 1
7.72252 1
5.92231 1
7.80599 1
6.36 1
3.85155 1
4.65415 1
2.10296 1
4.78491 1
6.64724 1
3.65113 1
3.16577 1
6.49358 1
11.9398 1
3.11101 1
-0.544607 1
9.04045 1
4.77806 1
8.54565 1
12.5881 1
4.98578 1
7.47489 1
6.35235 1
3.22337 1
11.8039 1
3.79759 1
4.01554 1
6.97322 1
9.45169 1
7.31333 1
5.12544 1
3.80961 1
6.18508 1
6.10197 1
3.12924 1
2.68297 1
9.18991 1
9.75645 1
9.79164 1
5.06617 1
7.01434 1
-2.57126 1
9.66494 1
6.02799 1
10.8184 1
12.0942 1
-2.28463 1
4.5158 1
7.74734 1
1.42813 1
5.21364 1
9.83846 1
8.29868 1
6.82285 1
8.04604 1
4.51762 1
5.39236 1
0.673793 1
6.92859 1
7.1422 1
3.72045 1
8.93224 1
9.65548 1
6.86615 1
3.46092 1
2.38488 1
4.86439 1
6.37059 1
5.0825 1
9.33711 1
5.46279 1
8.41445 1
7.81677 1
6.92507 1
7.21869 1
5.90593 1
2.26768 1
6.94127 1
7.91208 1
9.96385 1
6.53949 1
-3.44385 1
3.94455 1
6.20054 1
2.78515 1
-0.0883084 1
8.3979 1
9.86628 1
4.2133 1
-1.57875 1
9.3968 1
3.40466 1
6.16926 1
6.48928 1
5.23005 1
2.31812 1
1.01145 1
7.36272 1
10.1653 1
8.16517 1
2.70306 1
3.92961 1
3.53771 1
7.64751 1
-0.595577 1
5.84557 1
4.11967 1
7.27511 1
-1.79177 1
5.72382 1
5.57573 1
7.44382 1
3.5927 1
7.04191 1
7.85267 1
3.5358 1
0.812282 1
6.87683 1
6.19314 1
1.45699 1
11.9303 1
3.90482 1
7.58084 1
-1.12094 1
2.70031 1
2.71028 1
8.73174 1
8.63537 1
-0.793737 1
11.2735 1
8.61648 1
6.44952 1
6.99103 1
5.2631 1
2.10817 1
-1.77379 1
9.01944 1
6.28969 1
4.25189 1
1.10088 1
6.52603 1
8.20999 1
9.33336 1
2.72347 1
2.77555 1
4.78776 1
5.9118 1
5.10511 1
3.69484 1
7.02729 1
3.68294 1
8.2949 1
-0.97636 1
5.97632 1
3.01389 1
8.27623 1
5.40707 1
8.35199 1
4.5046 1
3.53363 1
-0.671852 1
10.3867 1
4.31394 1
2.15597 1
2.25698 1
4.41648 1
8.56556 1
0.381398 1
2.74979 1
5.32606 1
5.59209 1
13.6634 1
6.06812 1
12.5567 1
4.27368 1
-0.723104 1
8.55415 1
2.01469 1
6.89664 1
9.09915 1
13.0102 1
4.93089 1
6.51384 1
4.29702 1
6.62805 1
7.63724 1
7.88663 1
-4.11515 1
-1.70993 1
1.58245 1
4.46584 1
2.99586 1
1.78904 1
4.75914 1
7.15545 1
3.6508 1
10.971 1
7.72295 1
-1.8346 1
8.49536 1
5.64935 1
3.51655 1
6.17988 1
6.07916 1
6.03653 1
11.1546 1
5.4534 1
5.33403 1
4.59928 1
4.22868 1
7.58978 1
2.41603 1
6.76145 1
6.11367 1
7.69625 1
9.70945 1
5.20555 1
6.58752 1
4.05212 1
2.50061 1
3.61872 1
4.63322 1
-0.846824 1
12.9971 1
4.74523 1
3.48278 1
3.49382 1
3.87841 1
3.50889 1
6.03546 1
10.6826 1
10.001 1
5.77118 1
3.87766 1
3.35614 1
8.19738 1
4.37016 1
3.04743 1
8.11044 1
6.07289 1
11.9665 1
12.1351 1
5.47003 1
1.74949 1
7.04525 1
5.46704 1
11.3758 1
6.29849 1
5.154 1
0.581627 1
6.39104 1
8.32142 1
5.48074 1
2.07087 1
2.50124 1
7.15628 1
3.71505 1
13.3193 1
4.28096 1
1.81533 1
5.19686 1
-3.2228 1
2.6358 1
2.75499 1
7.14162 1
5.29029 1
3.36527 1
4.00485 1
4.93687 1
2.11624 1
11.7586 1
6.15845 1
11.4197 1
7.5275 1
3.24775 1
6.73207 1
7.857 1
5.51589 1
1.90289 1
10.9881 1
-1.77724 1
2.21363 1
6.66186 1
6.00429 1
4.49933 1
2.62857 1
-1.27719 1
5.62535 1
6.6187 1
5.47747 1
3.99078 1
2.84066 1
0.540945 1
1.29382 1
3.0935 1
12.0037 1
-4.57007 1
9.91734 1
4.16603 1
3.71875 1
10.8774 1
5.44305 1
2.40979 1
5.02378 1
5.87813 1
5.48449 1
4.62733 1
8.79323 1
2.9435 1
5.12504 1
9.47713 1
2.99798 1
6.82944 1
4.53158 1
5.56783 1
-1.88434 1
3.67652 1
10.2552 1
4.95069 1
-2.07064 1
-0.898467 1
5.06693 1
4.40853 1
4.09216 1
7.46129 1
3.9693 1
4.14591 1
10.2057 1
3.85714 1
9.97862 1
4.77094 1
13.8888 1
5.05792 1
8.20364 1
4.8764 1
7.6319 1
6.24361 1
5.13062 1
0.515396 1
6.24947 1
5.7917 1
11.71 1
6.69501 1
-3.23225 1
6.80076 1
3.53653 1
7.46813 1
7.314 1
4.54755 1
2.52901 1
4.70636 1
4.70401 1
4.48098 1
4.93542 1
4.79689 1
8.90324 1
-0.453503 1
6.17613 1
1.87148 1
4.73887 1
1.74325 1
5.89343 1
3.4875 1
2.19961 1
8.6457 1
5.44696 1
5.43499 1
5.36341 1
9.41835 1
5.76798 1
1.36586 1
7.72838 1
6.5218 1
5.01015 1
4.22163 1
-4.18656 1
6.12137 1
6.3609 1
7.57961 1
1.60559 1
7.29951 1
2.74436 1
3.49346 1
4.99189 1
3.57488 1
6.83416 1
4.83477 1
7.30629 1
5.05223 1
3.47309 1
9.45723 1
6.56996 1
3.91232 1
4.97628 1
3.1816 1
2.5188 1
4.47444 1
3.98576 1
9.6978 1
10.9875 1
6.42159 1
4.83038 1
2.05397 1
4.10024 1
6.05921 1
5.16439 1
6.69573 1
2.3279 1
4.69834 1
7.55352 1
2.99241 1
2.88757 1
4.98112 1
5.49081 1
5.20074 1
10.7907 1
6.63767 1
5.82357 1
9.37132 1
8.45285 1
9.39836 1
1.02417 1
3.38792 1
7.93717 1
-0.880976 1
3.57328 1
3.59584 1
1.57219 1
5.06532 1
3.46148 1
6.50295 1
12.0372 1
8.06068 1
3.4193 1
7.17624 1
6.3244 1
5.96927 1
7.56129 1
-3.02028 1
-0.776131 1
5.85019 1
4.57051 1
3.94658 1
6.36379 1
-0.409812 1
2.47514 1
2.58045 1
7.01056 1
7.67008 1
0.337629 1
5.23902 1
9.01326 1
4.29975 1
9.38944 1
5.19007 1
0.825245 1
-0.237084 1
3.03397 1
5.60832 1
-1.8621 1
10.7969 1
3.18075 1
6.03997 1
5.87026 1
4.37656 1
5.65976 1
4.4435 1
7.18724 1
0.31425 1
-3.0287 1
4.48907 1
12.091 1
10.6431 1
6.48897 1
4.97589 1
6.70446 1
5.51879 1
4.60615 1
1.20647 1
2.6056 1
0.826824 1
-0.0469888 1
10.5926 1
3.22167 1
6.77476 1
1.76192 1
6.33516 1
3.09801 1
9.91617 1
7.97094 1
3.22713 1
1.8159 1
5.00144 1
3.76233 1
3.4346 1
5.95424 1
8.49446 1
14.008 1
6.13665 1
4.36722 1
5.12062 1
5.57954 1
8.04 1
4.98737 1
7.06696 1
3.93447 1
2.53497 1
3.09717 1
6.4148 1
5.25469 1
3.02011 1
5.23279 1
5.33593 1
7.78642 1
-1.75319 1
6.03584 1
5.15255 1
6.48558 1
7.83556 1
5.79091 1
7.69939 1
4.77686 1
4.6086 1
1.21769 1
10.5385 1
3.28172 1
11.0341 1
4.73979 1
4.91058 1
5.40568 1
2.05411 1
2.33498 1
5.261 1
7.39086 1
6.53962 1
4.13014 1
0.742742 1
8.302 1
3.09459 1
5.78218 1
6.61018 1
5.28086 1
3.02858 1
6.63919 1
3.49799 1
5.46283 1
1.88666 1
-2.00941 1
9.78258 1
6.62064 1
5.22608 1
3.92708 1
1.02353 1
10.1619 1
6.01258 1
13.399 1
12.7086 1
12.9944 1
4.09349 1
5.1735 1
2.95021 1
0.583479 1
4.30411 1
0.828373 1
0.410478 1
5.14454 1
8.73177 1
-4.79776 1
7.14249 1
-0.734829 1
2.91533 1
4.62502 1
5.96576 1
5.85054 1
5.61742 1
2.48705 1
6.626 1
5.19196 1
5.77203 1
5.03314 1
9.273 1
4.61418 1
5.57879 1
7.03255 1
6.93363 1
4.38107 1
4.10373 1
-3.57588 1
1.32527 1
5.33539 1
5.59108 1
8.36989 1
1.82666 1
3.90716 1
5.02987 1
8.26447 1
7.36295 1
-1.78164 1
12.566 1
7.103 1
1.6734 1
3.751 1
5.67937 1
3.8727 1
5.02236 1
6.04194 1
0.465121 1
6.31297 1
6.12599 1
5.62765 1
10.9706 1
1.69509 1
4.76202 1
1.62175 1
1.80797 1
7.75129 1
8.93989 1
0.868771 1
6.20258 1
7.94658 1
1.73666 1
5.19555 1
10.3972 1
6.01267 1
9.8432 1
4.82895 1
8.23808 1
12.3464 1
6.38753 1
1.9289 1
7.36902 1
2.70286 1
0.0672979 1
4.63186 1
1.03907 1
10.1572 1
6.40917 1
13.789 1
8.68475 1
6.72765 1
3.47476 1
9.74031 1
5.93631 1
4.0876 1
4.61596 1
-3.82826 1
5.07446 1
5.05172 1
7.41174 1
11.0257 1
6.00834 1
4.86793 1
3.39272 1
5.50824 1
4.25447 1
4.86024 1
3.20471 1
-1.21831 1
-0.179497 1
7.60537 1
6.29084 1
10.883 1
0.590144 1
8.93974 1
4.11448 1
4.6776 1
5.55657 1
3.13916 1
6.75179 1
5.00072 1
6.33483 1
10.1322 1
6.15853 1
6.3198 1
2.85763 1
1.66023 1
1.97729 1
14.1023 1
3.73689 1
4.02026 1
-1.96711 1
4.5848 1
7.9203 1
6.98541 1
6.3102 1
5.54824 1
5.3412 1
0.296078 1
-0.18571 1
-1.18822 1
7.15368 1
10.598 1
4.92955 1
7.74633 1
3.48845 1
5.08823 1
10.2825 1
13.6109 1
-4.37809 1
8.67489 1
1.93423 1
5.03053 1
-2.24345 1
3.13988 1
6.00102 1
4.25039 1
0.284999 1
4.47751 1
5.94801 1
5.74626 1
8.78545 1
10.131 1
5.36575 1
5.73841 1
1.36798 1
1.09731 1
2.0353 1
3.8369 1
9.50364 1
1.13615 1
3.78002 1
5.67148 1
3.5656 1
2.56928 1
3.97033 1
4.85038 1
6.57999 1
4.67765 1
6.82383 1
4.16684 1
5.0031 1
4.80323 1
4.86134 1
2.852 1
5.5502 1
4.39345 1
2.27901 1
7.25139 1
-0.118856 1
4.8122 1
8.86708 1
0.565391 1
1.79471 1
5.08411 1
4.55602 1
4.49237 1
3.09164 1
3.94355 1
8.97512 1
9.74056 1
6.28173 1
6.21251 1
6.68545 1
5.96173 1
7.48468 1
7.38098 1
7.24649 1
5.09885 1
3.31782 1
4.5932 1
-3.16277 1
6.96028 1
5.15979 1
9.51239 1
5.26854 1
5.41176 1
4.81237 1
3.53162 1
7.36453 1
-0.743011 1
7.00999 1
5.78182 1
-1.81922 1
5.31234 1
7.61193 1
2.03709 1
8.1858 1
7.47892 1
6.24481 1
2.18077 1
3.38069 1
4.76693 1
5.75703 1
-0.356622 1
5.3532 1
1.53065 1
4.77631 1
6.03569 1
5.24097 1
2.34124 1
6.44108 1
6.45329 1
3.61783 1
5.75769 1
2.67484 1
4.48129 1
3.02001 1
2.53052 1
5.90636 1
2.91686 1
9.22134 1
0.584399 1
5.04308 1
1.52634 1
1.87403 1
-1.39513 1
-3.98441 1
5.29577 1
6.97338 1
3.41775 1
4.79304 1
6.85299 1
8.99848 1
7.86398 1
5.40099 1
4.87001 1
12.2707 1
3.71203 1
2.19936 1
2.93281 1
-2.2668 1
7.0272 1
5.6334 1
5.6285 1
-2.30436 1
2.94215 1
0.383354 1
-2.91935 1
3.04212 1
8.63506 1
5.51416 1
6.91093 1
2.55513 1
12.8002 1
6.41655 1
2.87969 1
5.7954 1
3.93448 1
8.42619 1
5.03896 1
2.95994 1
5.08023 1
3.63915 1
1.34023 1
7.8189 1
5.36197 1
13.4886 1
3.96974 1
3.23101 1
5.72324 1
6.93879 1
7.09299 1
1.71327 1
12.7265 1
7.69841 1
2.28634 1
1.82936 1
5.75906 1
12.0338 1
4.60599 1
4.89053 1
5.06593 1
4.04313 1
3.32529 1
14.5678 1
5.20519 1
5.86059 1
8.23364 1
5.49628 1
3.97241 1
7.74041 1
3.79301 1
4.88656 1
-4.21684 1
6.04888 1
9.39466 1
4.38898 1
8.31277 1
8.33765 1
4.19928 1
10.4794 1
5.39814 1
3.06432 1
11.0785 1
4.81487 1
9.52432 1
3.55628 1
6.23387 1
1.84153 1
4.1843 1
3.287 1
4.7027 1
3.02519 1
3.8589 1
9.41976 1
8.23085 1
5.95139 1
5.93221 1
6.14965 1
5.64684 1
4.61347 1
6.46881 1
13.6689 1
6.52806 1
6.66692 1
6.68633 1
2.54586 1
4.9425 1
3.38293 1
5.76156 1
4.52449 1
2.27395 1
5.36539 1
6.23926 1
4.10279 1
-0.0850018 1
3.49437 1
3.49266 1
3.86721 1
5.9485 1
2.75501 1
3.81382 1
5.53913 1
3.49653 1
6.08278 1
4.82744 1
-4.05083 1
5.25279 1
6.20302 1
10.7254 1
4.31201 1
5.55032 1
4.12371 1
5.73656 1
5.46256 1
6.04976 1
5.89215 1
7.5698 1
-3.28049 1
6.30976 1
5.01485 1
11.7158 1
3.74556 1
2.26876 1
6.76201 1
14.5058 1
7.12158 1
5.43479 1
6.59645 1
3.52242 1
13.1557 1
5.34141 1
7.29331 1
4.77013 1
4.72099 1
5.34462 1
6.19218 1
5.57733 1
10.026 1
-2.92527 1
4.92858 1
1.85277 1
7.14111 1
10.3759 1
7.48677 1
8.86447 1
5.82542 1
7.16818 1
4.21471 1
1.52465 1
5.96538 1
5.37438 1
9.4002 1
6.83134 1
4.53319 1
6.7138 1
0.00231928 1
6.19775 1
4.28807 1
4.43538 1
5.06033 1
3.46334 1
3.43012 1
5.7687 1
-2.26706 1
4.18548 1
5.69248 1
5.0772 1
5.43768 1
1.65158 1
3.82561 1
-2.62534 1
4.1905 1
-2.36697 1
8.78235 1
5.78272 1
6.51729 1
-0.0479569 1
2.09028 1
4.89893 1
7.6698 1
4.76694 1
6.31679 1
1.26858 1
1.65598 1
6.74988 1
7.76851 1
1.86248 1
-0.386205 1
6.50508 1
3.21562 1
4.33417 1
4.93766 1
2.5464 1
6.08652 1
8.72081 1
7.21424 1
-3.98532 1
5.38658 1
5.47909 1
-4.7139 1
4.41361 1
1.20462 1
4.46185 1
5.8862 1
5.8684 1
-1.63082 1
5.2303 1
6.23889 1
4.57336 1
5.86419 1
5.5414 1
10.7785 1
4.97783 1
4.62155 1
-2.38985 1
5.10837 1
4.49755 1
0.606701 1
6.46086 1
4.35544 1
6.86355 1
7.62446 1
9.16426 1
1.28728 1
5.82856 1
4.99107 1
10.3206 1
7.47192 1
9.47368 1
3.55341 1
5.07747 1
4.66289 1
1.91088 1
3.54819 1
6.16359 1
5.52836 1
13.2868 1
4.37243 1
3.13504 1
6.75609 1
3.00206 1
0.216954 1
-2.96143 1
3.13317 1
5.50718 1
4.86866 1
5.86247 1
3.53608 1
3.37751 1
3.00287 1
5.49378 1
6.63276 1
4.5106 1
6.62439 1
4.90641 1
4.24917 1
7.78288 1
6.52105 1
9.66889 1
3.72798 1
4.85992 1
8.29755 1
4.50304 1
5.8115 1
4.8929 1
6.74251 1
2.36242 1
-3.13191 1
3.96935 1
8.95265 1
2.8654 1
4.80268 1
-0.635884 1
-2.08513 1
1.19445 1
3.86836 1
3.06184 1
-2.74196 1
6.34962 1
3.32369 1
6.87176 1
8.22578 1
8.86924 1
3.76855 1
6.67263 1
3.88073 1
6.18634 1
7.09681 1
3.92821 1
1.5333 1
0.80755 1
4.40789 1
1.15298 1
8.15787 1
7.3719 1
6.64186 1
6.1339 1
4.0375 1
6.47966 1
2.51143 1
8.23296 1
7.10218 1
5.60401 1
2.86382 1
5.52526 1
5.17991 1
9.80939 1
11.6961 1
4.77807 1
7.67182 1
6.65835 1
3.80735 1
13.7266 1
-0.622894 1
-0.288301 1
4.4141 1
9.25127 1
2.35097 1
3.83286 1
6.85918 1
11.0257 1
3.80642 1
3.33528 1
8.30127 1
7.42312 1
8.20091 1
3.20718 1
9.12374 1
1.60263 1
6.56527 1
5.37578 1
9.05717 1
2.52196 1
6.18546 1
2.47521 1
2.4565 1
4.1229 1
7.60695 1
4.81867 1
5.20822 1
3.34936 1
4.34785 1
7.14644 1
6.42376 1
0.146918 1
3.81419 1
3.83498 1
5.30486 1
3.5481 1
5.6882 1
6.24476 1
0.116712 1
11.5652 1
4.10022 1
4.15306 1
3.76532 1
4.04308 1
2.68154 1
4.50145 1
5.59875 1
-0.619918 1
6.7985 1
9.40821 1
5.27279 1
2.06289 1
1.25786 1
-0.368264 1
5.54489 1
9.91077 1
6.17393 1
13.7448 1
1.80126 1
6.0113 1
8.48468 1
4.40555 1
-0.795119 1
5.74545 1
14.5373 1
1.84879 1
6.98081 1
6.32122 1
7.10332 1
2.57552 1
11.4637 1
8.10741 1
8.81725 1
13.7958 1
7.34017 1
-0.693464 1
1.04474 1
6.37794 1
6.66009 1
5.81501 1
6.22345 1
5.90394 1
5.37414 1
5.28451 1
6.01508 1
-0.640465 1
8.10445 1
13.9304 1
5.59745 1
-4.07398 1
0.197204 1
8.89064 1
6.64015 1
3.17486 1
3.46441 1
7.71293 1
0.365273 1
3.60064 1
5.89946 1
2.97189 1
4.67553 1
5.59373 1
3.30773 1
9.02519 1
8.74458 1
5.61965 1
5.18193 1
8.21336 1
3.22546 1
9.54575 1
8.18376 1
8.45909 1
2.52183 1
6.91418 1
8.75567 1
4.68649 1
5.7665 1
11.5184 1
2.04845 1
4.8664 1
5.29218 1
6.16621 1
0.468874 1
5.71252 1
1.87222 1
3.88106 1
7.96804 1
-1.56407 1
4.52938 1
6.17082 1
6.86207 1
2.68568 1
5.76648 1
9.23624 1
7.70302 1
9.29617 1
7.14968 1
5.73389 1
7.52229 1
7.92883 1
4.54296 1
5.80661 1
5.84252 1
-2.05471 1
4.26413 1
5.46743 1
6.22311 1
5.16074 1
5.71238 1
4.74161 1
6.67189 1
-3.71099 1
1.53524 1
10.6918 1
6.47123 1
5.02338 1
4.33982 1
4.96937 1
6.24704 1
9.47813 1
6.74082 1
8.04049 1
6.4692 1
-2.79631 1
-0.91248 1
3.90084 1
4.20557 1
6.54809 1
3.44294 1
6.10307 1
1.69867 1
7.98497 1
7.15551 1
-1.73129 1
6.43776 1
7.12036 1
-1.94458 1
1.20021 1
7.36842 1
3.2137 1
8.25562 1
-0.434241 1
6.73453 1
4.41001 1
5.56072 1
10.286 1
8.64299 1
3.85202 1
6.1193 1
5.21795 1
11.9855 1
6.46725 1
1.09378 1
4.24218 1
3.2218 1
5.45012 1
4.09997 1
0.823712 1
10.7068 1
6.88728 1
6.02395 1
11.8166 1
4.85257 1
2.51577 1
2.98411 1
3.25445 1
5.22855 1
4.40804 1
-0.0266433 1
0.886698 1
5.44065 1
7.15729 1
2.99689 1
3.38036 1
8.45135 1
7.47194 1
4.75388 1
9.25756 1
2.01226 1
5.9962 1
6.09499 1
4.37067 1
6.75494 1
4.328 1
0.86992 1
7.21781 1
7.69519 1
5.63396 1
5.50179 1
4.833 1
4.86679 1
5.32184 1
2.00622 1
3.6217 1
6.82058 1
7.95436 1
-0.0763414 1
5.65005 1
5.61083 1
1.36884 1
1.90277 1
7.72954 1
-3.49011 1
9.55117 1
5.53071 1
8.7345 1
2.4611 1
3.59757 1
5.58312 1
4.70159 1
2.99306 1
4.73914 1
5.7824 1
7.75308 1
5.91687 1
-1.01502 1
9.40215 1
9.05836 1
2.29287 1
6.36597 1
6.45641 1
6.54723 1
7.22564 1
3.6338 1
4.1196 1
8.13752 1
4.28752 1
6.9377 1
7.15771 1
5.9244 1
1.91133 1
5.77045 1
4.25942 1
10.693 1
13.6299 1
4.84542 1
4.68489 1
1.79124 1
3.6846 1
4.91989 1
4.00223 1
5.36556 1
4.90575 1
8.82278 1
4.74575 1
13.9413 1
3.71566 1
2.77282 1
5.09048 1
4.47684 1
8.85578 1
4.69085 1
4.86977 1
0.921758 1
1.10063 1
9.6915 1
4.25167 1
3.98008 1
5.87251 1
5.18927 1
6.71771 1
3.08506 1
5.61419 1
7.98961 1
5.16978 1
-4.36627 1
1.15359 1
4.34917 1
-3.56046 1
6.46447 1
4.93005 1
10.3015 1
6.85027 1
5.41323 1
1.93351 1
7.38256 1
5.82128 1
7.2489 1
1.11017 1
7.12842 1
14.6469 1
5.61489 1
0.547381 1
7.85312 1
3.6369 1
5.80626 1
4.70421 1
6.00748 1
9.88578 1
3.81182 1
6.12568 1
1.43579 1
8.32488 1
6.19789 1
7.59504 1
5.91267 1
5.90304 1
7.09418 1
5.18971 1
6.20949 1
5.14516 1
11.3241 1
-0.956842 1
2.34227 1
10.1513 1
7.90775 1
12.8657 1
7.54631 1
7.41868 1
4.22542 1
-4.16735 1
9.66993 1
3.28817 1
5.17585 1
4.42739 1
5.5088 1
6.79063 1
6.00819 1
12.9656 1
10.5326 1
4.9451 1
7.11367 1
5.74793 1
7.46267 1
0.481588 1
13.0504 1
6.3365 1
6.11689 1
7.12612 1
3.42474 1
3.88798 1
-0.241228 1
4.40698 1
8.44973 1
4.27538 1
6.63762 1
3.16037 1
4.75033 1
3.51062 1
7.7609 1
8.7839 1
10.4554 1
7.3038 1
-0.879723 1
7.10015 1
4.9776 1
13.9566 1
2.28322 1
3.36841 1
7.86375 1
7.26829 1
4.90866 1
3.46923 1
5.33146 1
5.03235 1
3.89732 1
8.90069 1
6.35558 1
3.14116 1
4.12751 1
-0.774701 1
4.03659 1
11.7274 1
13.7492 1
-2.47588 1
1.73525 1
4.50755 1
12.5262 1
0.346752 1
0.289867 1
10.1177 1
1.49519 1
5.32821 1
0.306932 1
8.09421 1
13.6574 1
4.52448 1
5.59609 1
3.54687 1
-0.8758 1
6.46146 1
-3.31115 1
7.01284 1
3.54569 1
6.67155 1
7.11673 1
8.45386 1
8.02384 1
5.93519 1
3.54571 1
6.7932 1
3.00727 1
6.41288 1
3.11308 1
1.26873 1
6.3391 1
3.46869 1
6.08683 1
12.6381 1
10.7788 1
2.71195 1
4.9221 1
7.39908 1
-0.135635 1
4.49767 1
4.50331 1
-4.4102 1
-1.89483 1
0.531806 1
7.75506 1
-0.0685584 1
5.17527 1
5.72831 1
3.33181 1
7.31355 1
5.91923 1
1.76669 1
11.0768 1
3.51245 1
8.24238 1
7.5836 1
1.66398 1
5.39531 1
7.27912 1
3.4817 1
7.76672 1
5.45623 1
2.48018 1
1.58393 1
7.14255 1
3.07651 1
9.80206 1
5.13396 1
6.08284 1
7.44097 1
-0.671135 1
-1.91488 1
-4.71534 1
4.2304 1
4.12272 1
4.86211 1
6.29567 1
7.39423 1
5.89617 1
-0.0260856 1
4.98638 1
4.72805 1
-3.09859 1
6.19843 1
5.87626 1
12.184 1
5.13071 1
11.0173 1
6.15312 1
6.8299 1
5.39289 1
-0.0117995 1
6.79705 1
-1.23922 1
3.05374 1
4.90354 1
1.44799 1
5.31962 1
11.2618 1
8.68352 1
5.50299 1
5.52644 1
3.45358 1
6.72333 1
2.9069 1
5.97261 1
1.68783 1
9.36634 1
3.92289 1
4.86767 1
6.38296 1
4.88531 1
1.0431 1
8.78493 1
4.8126 1
2.3528 1
5.66318 1
7.71539 1
2.86804 1
4.91467 1
5.92574 1
9.00004 1
5.63817 1
6.54574 1
4.63669 1
5.17182 1
3.78479 1
3.91735 1
0.865178 1
7.39129 1
4.88552 1
4.77756 1
5.50182 1
2.02055 1
5.77351 1
4.44128 1
4.46948 1
2.58225 1
6.26032 1
6.07955 1
-0.04256 1
4.61004 1
4.79587 1
8.63192 1
6.10684 1
13.0644 1
2.33777 1
7.98432 1
4.54265 1
7.41429 1
4.69133 1
3.96426 1
4.39603 1
4.43004 1
5.18977 1
3.6715 1
5.27023 1
12.9925 1
2.81719 1
5.87081 1
5.97522 1
5.99165 1
4.03567 1
10.8664 1
5.65419 1
-3.93654 1
-0.738545 1
8.07113 1
5.45099 1
3.7946 1
1.11879 1
7.57928 1
3.30505 1
3.71083 1
4.19273 1
5.83862 1
5.51512 1
7.50242 1
5.69444 1
4.18651 1
8.97781 1
0.386437 1
4.6923 1
6.90332 1
4.89842 1
5.7774 1
6.49028 1
8.19559 1
12.1165 1
1.86118 1
5.00468 1
0.522535 1
4.07807 1
8.6111 1
6.82336 1
4.11612 1
6.36734 1
3.80017 1
5.93154 1
8.41992 1
3.57505 1
8.89525 1
-2.25982 1
1.12567 1
6.55936 1
4.671 1
3.41453 1
6.93158 1
4.88817 1
5.86127 1
8.41924 1
2.88893 1
4.86581 1
-2.57448 1
1.71381 1
1.54772 1
5.67026 1
7.46798 1
6.93465 1
2.37975 1
1.26725 1
3.01265 1
6.69504 1
9.09052 1
-1.51288 1
6.40821 1
3.04552 1
7.44979 1
1.7336 1
2.15151 1
8.03775 1
2.48105 1
4.06556 1
6.11564 1
3.88922 1
7.30496 1
3.26124 1
6.73791 1
-1.36754 1
2.13748 1
5.745 1
5.18639 1
5.09632 1
5.35763 1
13.4276 1
3.54626 1
5.53356 1
3.16764 1
6.13992 1
4.41418 1
2.8306 1
3.63414 1
3.23184 1
6.21003 1
4.82872 1
4.86409 1
5.16198 1
1.85967 1
4.77619 1
10.7529 1
5.0247 1
4.85225 1
4.49963 1
8.15311 1
5.84907 1
6.7833 1
2.93451 1
1.17846 1
4.52244 1
4.03654 1
2.37259 1
7.32897 1
11.8449 1
4.19474 1
5.63593 1
4.11616 1
3.3675 1
-2.40562 1
4.27527 1
7.30174 1
-3.93692 1
4.69794 1
5.82421 1
4.23725 1
5.23635 1
3.89471 1
3.01812 1
5.04276 1
4.47396 1
0.155891 1
6.57329 1
9.76499 1
0.219372 1
2.64092 1
8.8279 1
10.3195 1
8.23827 1
3.67827 1
0.852685 1
-0.204298 1
6.70754 1
4.09007 1
4.77267 1
7.40945 1
2.3754 1
0.830411 1
6.66268 1
6.54971 1
5.03688 1
5.81649 1
0.794352 1
5.71154 1
1.27647 1
5.74605 1
9.18078 1
6.97646 1
-2.08531 1
4.37483 1
1.72298 1
7.89789 1
9.63882 1
7.7464 1
5.46425 1
-4.11546 1
0.541057 1
7.56359 1
13.1223 1
5.65146 1
5.46088 1
5.72087 1
3.18909 1
4.64405 1
7.36246 1
6.67455 1
4.30708 1
4.3962 1
6.42867 1
3.88752 1
6.55014 1
4.54091 1
2.61994 1
5.61859 1
3.17268 1
2.27772 1
7.87347 1
4.7677 1
6.3983 1
2.44131 1
-0.493962 1
4.20766 1
9.79329 1
8.77398 1
11.495 1
-2.46335 1
5.87629 1
4.27316 1
7.44396 1
5.70024 1
4.38902 1
6.69224 1
2.26168 1
2.554 1
6.1653 1
6.3237 1
0.275706 1
4.28884 1
2.44841 1
5.11649 1
5.33366 1
3.80962 1
7.46701 1
-2.45048 1
5.96336 1
4.44482 1
-1.57336 1
9.09587 1
-4.07577 1
-4.71319 1
5.19465 1
3.05217 1
10.4138 1
8.67828 1
6.69013 1
5.72412 1
4.73965 1
7.52978 1
5.34876 1
3.83186 1
5.78861 1
11.5285 1
3.75685 1
12.666 1
10.2297 1
0.474934 1
2.85736 1
2.68724 1
9.20857 1
10.126 1
4.18137 1
6.82719 1
-0.38052 1
3.23277 1
6.19064 1
4.39777 1
13.1794 1
4.81632 1
3.59219 1
5.10673 1
3.65593 1
6.12751 1
6.36353 1
5.42701 1
-0.187836 1
9.51303 1
4.28067 1
10.1435 1
8.45368 1
3.23016 1
10.4058 1
3.85577 1
3.99032 1
0.704827 1
3.18189 1
5.16959 1
5.06551 1
6.15791 1
5.70299 1
6.67642 1
6.58443 1
2.44489 1
4.1869 1
7.21702 1
6.7467 1
4.18897 1
7.18166 1
2.92019 1
1.44375 1
3.22472 1
3.46098 1
5.29224 1
4.14854 1
-2.99367 1
6.01925 1
3.88774 1
6.66879 1
1.67341 1
6.50288 1
5.24018 1
8.14601 1
3.70614 1
7.133 1
2.09131 1
2.5071 1
4.67658 1
6.8549 1
1.38733 1
-1.75869 1
6.75603 1
5.43046 1
6.79678 1
-0.529683 1
3.50906 1
-0.448741 1
5.81697 1
2.72183 1
4.63695 1
7.39547 1
5.92381 1
5.26475 1
4.84684 1
4.76763 1
6.57829 1
-0.101689 1
9.89284 1
6.27809 1
4.36125 1
4.45772 1
2.76749 1
9.66588 1
7.5421 1
-3.80516 1
6.20107 1
3.11739 1
8.73917 1
5.80714 1
3.93906 1
2.44732 1
5.14745 1
2.14639 1
4.87367 1
12.8765 1
4.68408 1
5.60456 1
-0.999721 1
4.01182 1
2.87457 1
3.7833 1
1.97935 1
4.7274 1
14.7675 1
5.26823 1
3.08531 1
2.17479 1
9.43122 1
4.59776 1
4.26192 1
8.08815 1
2.82734 1
1.77546 1
3.55483 1
-2.61627 1
1.66826 1
3.98613 1
4.07 1
-3.79612 1
0.803571 1
4.76259 1
8.61364 1
13.1031 1
5.08357 1
2.69716 1
5.63851 1
9.97666 1
5.66238 1
7.52284 1
1.56346 1
2.45939 1
0.947323 1
3.34522 1
5.21295 1
7.53026 1
3.74545 1
6.01459 1
5.04725 1
6.17922 1
4.17936 1
9.97635 1
4.91412 1
4.06963 1
3.29269 1
-0.864695 1
4.61697 1
5.24912 1
4.64166 1
9.18563 1
5.30078 1
0.914321 1
6.04799 1
8.21304 1
5.25459 1
6.94836 1
2.52762 1
4.77657 1
10.6341 1
2.84026 1
8.48706 1
5.15537 1
5.49453 1
5.5906 1
5.86749 1
6.52552 1
6.16146 1
6.63747 1
2.89224 1
10.1627 1
3.04313 1
-1.28193 1
0.804949 1
6.25664 1
6.85816 1
8.50186 1
9.45704 1
3.52217 1
12.9231 1
4.8384 1
