6.90523 1
-4.35777 1
11.9917 1
2.75877 1
3.10859 1
5.99055 1
4.76045 1
10.3577 1
4.16295 1
-1.56904 1
-2.79235 1
-0.665577 1
-0.413601 1
-0.27363 1
4.4434 1
7.73918 1
4.19778 1
1.95273 1
9.14485 1
2.09881 1
1.77546 1
10.1543 1
4.15475 1
5.18563 1
0.319482 1
10.2162 1
4.37074 1
0.172772 1
1.53193 1
5.135 1
9.26874 1
10.6003 1
4.42141 1
10.1266 1
4.5002 1
6.0285 1
2.195 1
9.24919 1
3.46164 1
10.774 1
3.91012 1
5.07782 1
2.39885 1
2.29361 1
8.91448 1
1.98043 1
-2.69307 1
2.17672 1
4.4626 1
-1.14911 1
5.13072 1
5.41179 1
5.55599 1
5.19149 1
-1.37609 1
6.66311 1
7.17967 1
10.1124 1
3.93196 1
-0.0994832 1
4.57204 1
7.79083 1
4.89111 1
3.54544 1
3.64036 1
4.62915 1
3.35396 1
4.80669 1
4.33557 1
1.26629 1
-0.347559 1
13.3874 1
7.17313 1
5.46776 1
3.5945 1
-1.3957 1
6.79436 1
6.863 1
4.98413 1
-3.05732 1
11.5272 1
4.5888 1
7.83008 1
4.68756 1
3.90589 1
5.93515 1
5.18287 1
7.30316 1
2.19622 1
13.9364 1
7.05295 1
5.21351 1
7.62994 1
4.55488 1
4.30409 1
9.28585 1
8.77953 1
7.78614 1
7.1824 1
8.08676 1
8.19849 1
5.38301 1
11.4005 1
14.7592 1
3.77757 1
6.01113 1
10.2942 1
13.6482 1
4.37263 1
13.8785 1
0.740066 1
9.36035 1
3.22942 1
5.05401 1
4.96092 1
7.21349 1
6.81802 1
4.41645 1
4.40835 1
1.30404 1
3.94569 1
8.65394 1
2.1157 1
5.36376 1
6.88863 1
-2.98418 1
-1.74801 1
3.10935 1
5.58291 1
6.09845 1
-1.13236 1
4.56331 1
6.69537 1
6.27516 1
9.68881 1
5.20669 1
5.79921 1
-0.681016 1
0.903332 1
5.02573 1
5.62329 1
7.07721 1
6.04701 1
2.08329 1
5.10626 1
9.6246 1
2.13865 1
13.8621 1
2.02636 1
4.12716 1
6.89819 1
6.86889 1
7.50822 1
3.71788 1
4.13023 1
3.04285 1
5.86059 1
7.31331 1
5.56452 1
4.994 1
2.26338 1
4.91946 1
7.00283 1
4.47136 1
6.90778 1
7.397 1
5.85624 1
4.80212 1
8.22696 1
5.80773 1
4.67598 1
10.2852 1
14.4211 1
3.16151 1
6.83867 1
5.05417 1
4.61492 1
-0.706872 1
5.45013 1
13.6948 1
-2.55886 1
5.82802 1
3.80718 1
2.78651 1
5.01205 1
5.84021 1
-2.21915 1
8.64823 1
5.12638 1
3.84941 1
4.79529 1
6.17432 1
9.80183 1
5.95068 1
10.4719 1
6.17201 1
0.926661 1
2.71553 1
6.49825 1
5.38862 1
11.8289 1
5.40607 1
3.81341 1
2.8623 1
7.02761 1
6.86991 1
-1.87028 1
5.91771 1
-0.885684 1
6.75729 1
4.26594 1
1.30422 1
2.77014 1
2.14 1
8.62245 1
4.37808 1
10.3231 1
7.65379 1
6.9264 1
-0.318166 1
1.43801 1
5.26933 1
6.7696 1
-0.781683 1
4.80603 1
8.24762 1
4.23585 1
9.23456 1
4.35018 1
3.02067 1
5.26853 1
9.77242 1
7.06851 1
3.50993 1
2.3903 1
2.39901 1
4.68862 1
5.71424 1
0.272243 1
7.22869 1
3.75778 1
6.63001 1
8.6871 1
11.8557 1
6.19064 1
5.49378 1
6.93551 1
10.294 1
10.8846 1
2.57551 1
6.32958 1
0.788675 1
1.49966 1
8.49436 1
1.56165 1
4.39514 1
5.31698 1
1.3763 1
3.93733 1
7.9071 1
6.51557 1
3.25943 1
4.19682 1
-3.97377 1
5.31655 1
4.95486 1
6.78256 1
-0.0487488 1
4.54971 1
0.691205 1
4.24669 1
4.67772 1
3.87996 1
5.27835 1
13.8173 1
5.26515 1
3.06679 1
1.12436 1
10.1351 1
5.62371 1
8.52908 1
14.5587 1
3.79476 1
3.81024 1
7.7482 1
3.68063 1
6.92054 1
3.05142 1
7.4589 1
5.18016 1
2.87977 1
-3.70999 1
2.3417 1
6.49539 1
2.98072 1
6.67346 1
3.69938 1
2.64989 1
-4.76275 1
14.7492 1
-2.19827 1
10.7159 1
5.32354 1
6.19951 1
1.13145 1
4.15436 1
7.97641 1
4.05672 1
3.95886 1
7.08869 1
5.75351 1
-0.822152 1
-3.71474 1
3.77476 1
0.744822 1
1.17124 1
6.47977 1
2.27694 1
3.36122 1
4.3955 1
12.7542 1
4.1491 1
7.06764 1
5.40177 1
6.63232 1
1.65871 1
4.33497 1
6.34053 1
9.59733 1
4.77001 1
5.61182 1
2.36751 1
6.32885 1
8.9376 1
-1.03297 1
-0.213059 1
0.990647 1
0.625659 1
6.60872 1
8.83635 1
9.46963 1
4.21074 1
6.54933 1
1.54424 1
4.60097 1
6.47877 1
-1.4884 1
6.14898 1
2.79914 1
4.03411 1
7.17409 1
6.5776 1
4.65097 1
6.48418 1
6.88959 1
5.52239 1
4.44864 1
9.15898 1
4.26904 1
13.1711 1
1.60772 1
6.57625 1
2.92432 1
4.59306 1
12.1654 1
8.43055 1
1.36533 1
7.02254 1
4.8558 1
10.8097 1
2.27855 1
5.30655 1
1.24929 1
-0.194774 1
3.81755 1
8.05545 1
2.51724 1
5.48153 1
11.3332 1
5.90071 1
5.76958 1
3.48176 1
4.69051 1
5.33087 1
5.99176 1
5.41778 1
1.80225 1
-3.23606 1
5.0368 1
-0.415253 1
4.17883 1
3.97873 1
6.51893 1
5.14488 1
5.96634 1
5.49827 1
3.56722 1
6.38278 1
3.70958 1
7.22396 1
6.26768 1
2.23644 1
4.36828 1
9.61841 1
7.20998 1
5.72814 1
6.85469 1
5.59325 1
6.31497 1
4.42672 1
2.39484 1
0.19195 1
4.35998 1
5.64214 1
3.953 1
6.07143 1
5.83684 1
14.7171 1
3.97191 1
3.25349 1
10.1464 1
-4.33416 1
2.51944 1
4.74463 1
3.05747 1
3.00727 1
6.94647 1
5.311 1
6.74139 1
10.3356 1
5.29296 1
2.92193 1
7.88566 1
5.98968 1
3.8152 1
8.62472 1
4.47047 1
11.2378 1
0.849332 1
2.18407 1
3.90188 1
7.67043 1
2.83828 1
6.79601 1
0.580742 1
13.7001 1
3.34199 1
3.21339 1
6.8192 1
2.86731 1
9.29078 1
1.75251 1
-3.18368 1
5.46553 1
8.22057 1
8.92845 1
5.87045 1
5.10805 1
4.25293 1
11.0429 1
5.74476 1
6.2291 1
3.05565 1
3.84164 1
0.949666 1
9.18657 1
4.14298 1
6.0789 1
-3.06823 1
6.82408 1
7.15074 1
5.42 1
3.53917 1
4.86119 1
6.87301 1
6.96037 1
1.69735 1
2.15 1
3.41445 1
11.0232 1
7.12133 1
11.7579 1
8.09054 1
5.24536 1
13.9612 1
9.04077 1
1.77374 1
8.80877 1
4.43581 1
5.68138 1
6.07987 1
5.485 1
6.77469 1
6.69378 1
4.44593 1
13.759 1
14.5236 1
5.06 1
8.40857 1
7.03879 1
2.83674 1
2.32297 1
6.45479 1
-2.74949 1
3.99821 1
-2.68723 1
11.2051 1
7.72525 1
6.03087 1
5.84452 1
13.3376 1
4.42202 1
4.49401 1
4.81633 1
5.54358 1
4.06975 1
-0.85866 1
9.07536 1
10.0611 1
8.77668 1
6.51831 1
7.55973 1
6.02132 1
1.55087 1
6.5018 1
5.94391 1
4.06893 1
10.8178 1
-2.66786 1
1.61798 1
7.47724 1
6.02163 1
5.71417 1
7.57553 1
-1.17359 1
6.33221 1
4.19877 1
-3.58617 1
12.7318 1
6.24681 1
4.17286 1
4.46917 1
4.35026 1
4.54007 1
6.3947 1
5.88103 1
5.51153 1
6.73835 1
10.7675 1
11.6248 1
8.02168 1
5.98309 1
4.73521 1
3.97664 1
3.93661 1
9.51177 1
6.89256 1
5.6394 1
13.4851 1
-1.39534 1
4.73393 1
1.2576 1
-0.868855 1
5.42335 1
7.28524 1
1.82841 1
8.67192 1
6.78852 1
2.4109 1
2.68518 1
2.0207 1
5.72932 1
6.07332 1
5.47165 1
4.85617 1
9.12134 1
-2.72939 1
3.79866 1
1.41173 1
9.07282 1
4.28397 1
13.9829 1
13.4566 1
6.54746 1
3.82802 1
12.8598 1
2.94744 1
1.66649 1
6.79095 1
6.47119 1
-3.93814 1
6.57417 1
5.19674 1
5.29481 1
4.03694 1
3.83142 1
1.54626 1
4.76365 1
3.72148 1
11.9738 1
2.85843 1
9.13972 1
3.02865 1
-1.68996 1
3.09235 1
10.534 1
0.462424 1
6.05455 1
9.57121 1
7.94861 1
-1.92321 1
-4.20921 1
5.06285 1
6.0918 1
-3.61315 1
10.1423 1
-2.4823 1
6.22394 1
0.597306 1
1.87958 1
9.23554 1
2.08125 1
2.79034 1
7.73622 1
7.20988 1
6.69849 1
11.4367 1
3.75801 1
4.48466 1
5.06512 1
7.13038 1
5.95399 1
10.7161 1
7.3848 1
9.9683 1
3.9154 1
14.5266 1
5.03208 1
10.8839 1
8.57483 1
11.7043 1
1.9397 1
1.79026 1
2.64036 1
5.8771 1
4.55788 1
4.09408 1
6.5322 1
6.07674 1
5.0129 1
4.66645 1
2.12919 1
3.41279 1
6.07109 1
9.12966 1
4.11736 1
12.0138 1
-0.991663 1
4.56882 1
-0.55464 1
-4.41999 1
11.7748 1
3.44823 1
6.98944 1
5.84354 1
6.36715 1
8.46244 1
-1.73681 1
6.71153 1
10.6593 1
6.14049 1
-1.20097 1
6.07447 1
10.2352 1
4.91531 1
4.96564 1
4.64566 1
6.70361 1
1.21229 1
2.85628 1
3.93166 1
10.8839 1
5.43157 1
5.61935 1
-2.65509 1
4.00283 1
6.07077 1
6.66925 1
6.9963 1
6.84579 1
8.05875 1
6.54883 1
-1.11673 1
12.0335 1
5.70481 1
7.23914 1
9.24096 1
8.52127 1
-1.10475 1
2.82691 1
8.2132 1
9.06044 1
-0.459841 1
9.59218 1
7.52038 1
4.06564 1
8.82394 1
-4.5199 1
6.25233 1
5.99412 1
1.68271 1
4.39059 1
3.98354 1
10.3343 1
8.73827 1
6.43785 1
-0.492482 1
-0.531079 1
2.49873 1
7.13566 1
1.82894 1
6.58481 1
0.74722 1
2.33574 1
5.50845 1
3.62826 1
5.12152 1
7.69214 1
4.74434 1
2.60905 1
4.41333 1
-2.8408 1
6.05189 1
-2.0869 1
7.92178 1
6.50725 1
11.5972 1
2.62871 1
4.03824 1
0.985875 1
5.5836 1
6.51396 1
3.75057 1
4.76334 1
3.96752 1
0.34272 1
5.51375 1
13.8187 1
11.8949 1
10.5584 1
5.41094 1
5.89516 1
6.18651 1
6.89771 1
8.30652 1
1.96275 1
2.24656 1
10.5103 1
3.60334 1
0.98649 1
7.39095 1
6.0709 1
7.37909 1
5.05337 1
11.1204 1
6.70767 1
4.14517 1
4.48318 1
4.20758 1
4.31657 1
5.28333 1
4.28506 1
6.75735 1
8.56421 1
-1.52408 1
-4.27613 1
-1.40544 1
12.3766 1
5.77923 1
-1.53318 1
10.3869 1
3.74815 1
1.07578 1
3.38087 1
-0.490391 1
-1.48357 1
7.63311 1
10.2595 1
7.30268 1
6.00552 1
8.13003 1
2.81803 1
3.30807 1
-0.454684 1
11.2189 1
3.58698 1
9.0809 1
5.73443 1
5.15247 1
9.53874 1
8.04234 1
8.16761 1
7.38799 1
5.33927 1
5.7609 1
-1.24324 1
5.81687 1
8.20393 1
3.21523 1
8.85686 1
5.54246 1
-4.61384 1
-2.59659 1
1.77045 1
0.454906 1
2.61959 1
4.42366 1
6.90887 1
5.75045 1
2.78332 1
6.88765 1
-4.18889 1
10.6591 1
4.76389 1
8.38479 1
6.89265 1
11.5533 1
9.05587 1
4.27481 1
4.42547 1
9.64523 1
5.82717 1
8.02176 1
2.47957 1
4.69479 1
4.09073 1
4.1342 1
5.88992 1
8.08865 1
12.096 1
7.89112 1
1.20878 1
6.0777 1
4.2199 1
11.1795 1
3.25933 1
11.1399 1
4.06103 1
9.21451 1
7.5614 1
4.86215 1
4.60475 1
8.0651 1
3.75271 1
3.24254 1
4.62451 1
-2.23269 1
4.455 1
3.79217 1
0.444914 1
6.04621 1
4.70714 1
11.0538 1
6.73527 1
10.3241 1
8.78835 1
5.58724 1
7.04844 1
6.7638 1
-1.2262 1
5.84607 1
3.35542 1
0.491063 1
6.69981 1
8.67611 1
6.52027 1
3.01959 1
3.84815 1
2.55887 1
-1.76935 1
4.05198 1
4.05283 1
0.552344 1
4.85901 1
6.80735 1
4.51359 1
7.90515 1
-1.25357 1
-2.76155 1
6.73007 1
5.52349 1
0.287217 1
5.64533 1
5.42055 1
4.16733 1
14.602 1
4.8748 1
9.11005 1
4.54684 1
4.99858 1
9.10609 1
4.6488 1
6.02679 1
6.77302 1
11.2406 1
5.43447 1
11.0522 1
14.2416 1
4.82376 1
1.93723 1
8.4508 1
9.39099 1
1.30961 1
6.40428 1
8.02625 1
1.92131 1
4.62897 1
8.33159 1
5.89585 1
9.79964 1
5.17444 1
6.24265 1
2.92457 1
6.60808 1
10.6241 1
2.39515 1
4.1287 1
2.14004 1
10.1491 1
12.1697 1
0.535028 1
3.24928 1
1.70317 1
7.15626 1
6.74989 1
2.90926 1
0.456161 1
3.40414 1
0.463461 1
-3.74878 1
4.89848 1
3.70594 1
-1.73448 1
8.72872 1
3.11076 1
7.4029 1
14.0015 1
-0.735821 1
3.42811 1
4.4642 1
4.46342 1
4.61056 1
0.0690165 1
6.94269 1
7.25761 1
5.86894 1
14.6149 1
5.85573 1
3.32742 1
7.12198 1
2.12308 1
5.98571 1
9.35205 1
3.31216 1
0.561719 1
-0.170007 1
6.94624 1
5.66554 1
9.26347 1
8.6395 1
3.28457 1
13.3618 1
2.03412 1
4.13478 1
5.57048 1
7.09964 1
7.45075 1
4.43524 1
2.9743 1
6.06037 1
9.46932 1
8.56111 1
5.91428 1
12.9708 1
3.72697 1
6.1192 1
6.16909 1
3.07262 1
7.07919 1
9.17381 1
9.3027 1
4.83635 1
4.55584 1
4.98985 1
9.22883 1
5.1974 1
4.66266 1
-0.513632 1
7.61621 1
5.15151 1
4.83177 1
6.18927 1
1.79556 1
5.06313 1
5.38281 1
8.6479 1
6.22374 1
4.20692 1
3.93962 1
6.95018 1
-0.35761 1
3.33295 1
7.09149 1
3.43222 1
6.53486 1
3.41346 1
2.54041 1
2.49712 1
1.93505 1
6.45698 1
4.75545 1
3.52663 1
7.64315 1
5.66536 1
3.8198 1
2.24753 1
0.828504 1
7.63167 1
2.0625 1
6.9754 1
2.96042 1
5.69084 1
2.92536 1
7.24719 1
-1.01384 1
12.9588 1
9.39646 1
-1.05864 1
4.51453 1
7.73994 1
8.02226 1
10.4646 1
-0.877101 1
1.70796 1
6.62627 1
1.81485 1
5.29877 1
-1.9415 1
6.3371 1
2.7624 1
4.68534 1
4.39341 1
11.8293 1
6.9162 1
6.04442 1
4.81573 1
6.00099 1
4.185 1
9.91257 1
4.03547 1
1.93312 1
5.38171 1
-4.01413 1
7.13815 1
1.79822 1
1.97104 1
13.0276 1
6.31096 1
13.2821 1
6.72423 1
5.05778 1
0.932134 1
7.08394 1
7.35713 1
6.2267 1
8.44608 1
4.94065 1
5.39324 1
4.93802 1
-3.01452 1
4.94402 1
3.44021 1
3.08265 1
3.9717 1
4.91177 1
11.8716 1
0.00421866 1
12.2908 1
2.58694 1
5.15105 1
2.88538 1
2.92462 1
9.17531 1
3.79643 1
-1.21694 1
8.78109 1
-3.02326 1
11.6378 1
7.1489 1
1.6142 1
2.22932 1
11.0269 1
6.07921 1
7.19756 1
6.84859 1
5.21081 1
1.30087 1
6.44448 1
4.15514 1
5.80789 1
3.75699 1
1.27374 1
9.63574 1
10.6995 1
7.85066 1
8.46119 1
9.88119 1
5.91478 1
5.5414 1
4.87878 1
7.44254 1
2.44343 1
5.63468 1
7.43568 1
8.17592 1
10.9263 1
4.74585 1
9.6754 1
11.4502 1
4.81339 1
14.7523 1
6.07756 1
8.82928 1
5.27017 1
4.51461 1
4.27983 1
14.8021 1
3.19245 1
-4.73255 1
3.77141 1
8.66394 1
0.463946 1
3.83936 1
5.84187 1
2.25395 1
10.4608 1
2.59298 1
4.39848 1
7.45678 1
7.55546 1
1.64774 1
0.476215 1
3.61571 1
4.69016 1
4.15029 1
8.30552 1
4.51854 1
4.0421 1
5.64719 1
4.28863 1
8.26321 1
4.8094 1
4.72528 1
9.7025 1
3.39481 1
3.87132 1
13.5763 1
-2.297 1
-0.0955321 1
5.45631 1
-2.32861 1
1.98651 1
4.76647 1
6.19954 1
4.7915 1
5.01682 1
6.5811 1
5.92221 1
0.039711 1
3.72775 1
-0.162684 1
3.64643 1
5.01027 1
2.39712 1
6.97792 1
3.87043 1
1.83296 1
12.3618 1
8.94746 1
13.4764 1
6.41463 1
14.1095 1
9.40815 1
5.8124 1
7.37253 1
4.49007 1
2.93278 1
4.83193 1
9.98411 1
1.85328 1
5.95205 1
7.77049 1
5.36802 1
5.88344 1
6.24115 1
10.5518 1
5.2989 1
3.92248 1
4.8842 1
10.288 1
0.924598 1
6.49347 1
-0.334342 1
6.66139 1
4.25058 1
8.49362 1
3.98951 1
3.28216 1
-0.645321 1
5.5355 1
6.23798 1
5.4256 1
5.75525 1
3.3522 1
1.82371 1
4.46129 1
8.72239 1
12.3922 1
14.6939 1
-3.99245 1
6.36641 1
6.06017 1
3.44475 1
7.74104 1
-0.516418 1
2.83846 1
-2.63758 1
9.66696 1
5.73885 1
8.90597 1
2.52175 1
4.55077 1
4.75074 1
6.57373 1
6.94172 1
2.73471 1
7.07426 1
5.94293 1
-0.155517 1
3.61228 1
5.3344 1
2.95399 1
8.55921 1
5.29816 1
-0.811694 1
-1.70027 1
2.8814 1
8.7128 1
5.21896 1
0.703944 1
1.24093 1
-4.4224 1
7.30304 1
1.7918 1
8.96935 1
1.43962 1
5.68961 1
10.8903 1
12.1408 1
8.32287 1
7.14596 1
2.55325 1
3.27378 1
1.37154 1
3.49412 1
3.64085 1
4.61415 1
1.2034 1
-0.160541 1
10.1717 1
11.8691 1
8.62424 1
4.98289 1
6.36728 1
4.03357 1
8.87581 1
3.12283 1
6.74944 1
5.36551 1
4.2577 1
2.52525 1
3.80137 1
4.93048 1
3.28074 1
-0.819803 1
7.35159 1
9.93524 1
5.19232 1
1.40518 1
11.4077 1
6.3243 1
4.27711 1
4.10069 1
7.42794 1
10.792 1
7.93847 1
0.195727 1
8.13209 1
3.80835 1
3.63075 1
9.21692 1
-3.0717 1
10.9549 1
-0.470399 1
13.4859 1
-1.33465 1
-3.18315 1
4.23766 1
0.325107 1
3.13202 1
-1.15789 1
4.71127 1
3.15772 1
4.35643 1
2.33068 1
6.56029 1
4.76939 1
5.30037 1
3.09327 1
9.85615 1
3.1857 1
6.1237 1
6.61295 1
2.28573 1
5.23399 1
9.36701 1
5.92919 1
7.47299 1
4.95866 1
0.116832 1
3.76328 1
-1.64485 1
3.87859 1
4.85311 1
9.48296 1
6.3161 1
8.03949 1
3.87189 1
4.04471 1
6.34153 1
7.05809 1
2.46382 1
4.65758 1
4.6564 1
1.65343 1
-0.437818 1
6.99464 1
11.0274 1
6.45477 1
7.94482 1
3.99708 1
9.28356 1
3.37717 1
8.51021 1
4.00616 1
5.59099 1
1.09352 1
0.295767 1
8.74853 1
10.8484 1
3.58469 1
9.06199 1
5.8227 1
7.48799 1
1.74827 1
5.7243 1
2.628 1
10.4002 1
6.11167 1
3.722 1
5.86614 1
3.10125 1
1.22649 1
0.657973 1
4.8872 1
4.84511 1
4.41382 1
1.85012 1
5.24576 1
5.7272 1
2.30392 1
-1.40041 1
-1.62196 1
4.34389 1
8.9652 1
2.48656 1
4.44268 1
5.01339 1
4.33204 1
5.24464 1
5.01066 1
13.1457 1
6.09697 1
3.24292 1
6.10988 1
5.94511 1
6.60814 1
5.09736 1
4.92411 1
5.64373 1
7.50207 1
5.78315 1
10.2052 1
5.49249 1
10.0655 1
-1.96892 1
1.97319 1
4.31497 1
3.06617 1
10.3245 1
8.01941 1
4.36773 1
10.0582 1
8.81188 1
2.41831 1
5.93814 1
-1.1883 1
-1.94705 1
7.15884 1
7.91817 1
10.6562 1
-1.19804 1
4.97696 1
7.2509 1
3.51998 1
2.04423 1
6.30919 1
6.50457 1
7.67564 1
6.24062 1
1.28007 1
3.85492 1
3.93394 1
1.4932 1
4.44773 1
5.13815 1
8.27268 1
-1.86999 1
-3.03843 1
-3.46679 1
-3.0753 1
5.18503 1
3.45964 1
8.64891 1
6.02774 1
5.36205 1
5.01441 1
5.21427 1
4.56912 1
6.75404 1
-0.949062 1
13.6254 1
6.2623 1
6.89281 1
1.00617 1
3.48135 1
1.48404 1
5.06903 1
-1.82688 1
-0.372274 1
6.76544 1
6.65092 1
6.06911 1
4.90558 1
4.24694 1
-0.822873 1
0.364036 1
5.08021 1
6.20453 1
4.33701 1
5.20507 1
6.00448 1
6.50962 1
6.50791 1
2.39901 1
3.33862 1
2.51281 1
5.44156 1
8.46885 1
6.62814 1
7.73429 1
3.03985 1
6.21726 1
4.01845 1
4.31802 1
8.57377 1
2.51141 1
4.30301 1
6.2611 1
4.66368 1
5.9657 1
6.10023 1
5.11333 1
8.4138 1
4.35601 1
6.09263 1
4.11808 1
-0.0505331 1
-2.01978 1
6.57071 1
2.14493 1
3.88592 1
4.18528 1
6.99767 1
6.50683 1
4.10627 1
4.85465 1
-4.36836 1
5.20442 1
6.68724 1
7.34595 1
7.37709 1
5.23053 1
3.88912 1
5.4196 1
1.21156 1
8.66386 1
-0.214207 1
6.64184 1
13.9203 1
0.361525 1
5.23149 1
4.23048 1
4.97284 1
14.4765 1
5.68731 1
-0.306964 1
2.56298 1
7.0506 1
5.71788 1
5.64593 1
3.19827 1
7.87795 1
11.6143 1
8.89935 1
-2.43518 1
4.06348 1
6.56635 1
8.41079 1
6.41447 1
2.21358 1
5.31634 1
-2.5961 1
4.36465 1
5.65012 1
3.70211 1
9.98982 1
-0.555388 1
7.44949 1
12.524 1
8.34447 1
5.28767 1
7.28567 1
7.8373 1
-1.14029 1
4.29247 1
0.994863 1
5.86628 1
3.21863 1
5.28281 1
7.90353 1
4.035 1
5.46242 1
4.589 1
1.65583 1
4.80474 1
-1.19399 1
3.18091 1
6.90827 1
7.03906 1
6.18415 1
5.66059 1
6.16025 1
12.9834 1
4.37016 1
5.87944 1
9.73651 1
4.8582 1
7.29608 1
6.88397 1
1.12876 1
1.72506 1
12.2093 1
5.82725 1
6.87822 1
11.9278 1
-1.83124 1
-1.73747 1
4.21559 1
6.14094 1
0.753044 1
4.07087 1
5.31148 1
-0.294134 1
7.42398 1
2.92471 1
9.87264 1
5.21101 1
1.67961 1
2.08956 1
5.9194 1
-1.01723 1
5.1674 1
7.10388 1
5.55287 1
0.969063 1
-3.68969 1
7.67149 1
7.77456 1
5.62841 1
0.208588 1
5.77612 1
11.5213 1
3.70325 1
2.63684 1
4.79203 1
3.78643 1
3.79062 1
7.22913 1
7.15796 1
6.59806 1
10.1449 1
4.08002 1
4.93614 1
8.05831 1
5.68014 1
7.58984 1
2.70863 1
3.85889 1
4.36599 1
6.14871 1
4.95898 1
1.69359 1
5.00204 1
4.78951 1
0.406975 1
4.68518 1
8.23833 1
-1.63841 1
3.7598 1
6.01381 1
2.48655 1
9.75678 1
6.55319 1
6.13696 1
4.21929 1
3.77604 1
7.07817 1
-3.25831 1
5.80206 1
4.41707 1
5.7004 1
10.14 1
0.107031 1
6.70847 1
4.67595 1
4.90617 1
1.50186 1
7.28444 1
9.02552 1
2.72376 1
5.57351 1
13.7204 1
4.07969 1
-2.53859 1
2.97406 1
6.16792 1
5.09194 1
4.4949 1
6.88299 1
5.09547 1
-0.493842 1
12.3501 1
2.15056 1
8.82476 1
1.93318 1
1.58805 1
5.64096 1
13.1374 1
5.0384 1
3.88565 1
10.6413 1
9.60968 1
6.08566 1
6.76806 1
6.37776 1
4.83287 1
5.24171 1
13.9118 1
-2.93055 1
6.74103 1
3.24277 1
3.31591 1
2.17773 1
5.0333 1
4.86772 1
6.83912 1
6.54889 1
-4.32133 1
8.74531 1
6.29715 1
3.25401 1
4.7711 1
-3.15659 1
4.80309 1
6.85105 1
4.60723 1
2.25772 1
9.74022 1
6.02862 1
0.316235 1
10.3339 1
7.49391 1
1.32708 1
4.35083 1
7.61643 1
8.98847 1
3.3671 1
2.29898 1
3.45616 1
7.08059 1
4.75684 1
5.78544 1
4.3636 1
2.23254 1
9.8529 1
4.93968 1
5.57346 1
9.06896 1
2.08608 1
4.7748 1
5.78837 1
5.08437 1
3.36577 1
5.94866 1
14.2304 1
2.07098 1
9.8077 1
1.87033 1
10.5871 1
6.17204 1
1.18539 1
4.14931 1
9.82378 1
5.8205 1
5.95395 1
3.40774 1
4.56081 1
4.37195 1
4.81769 1
2.95454 1
14.2946 1
7.82135 1
4.39177 1
6.20381 1
13.5716 1
4.50694 1
9.53866 1
6.69412 1
6.1735 1
6.7029 1
5.12127 1
6.73316 1
3.61439 1
1.83066 1
4.09651 1
11.8402 1
4.21799 1
7.54888 1
7.79937 1
-3.81478 1
5.7106 1
2.05366 1
2.12589 1
3.55731 1
2.10914 1
-3.50494 1
5.2208 1
-0.57006 1
4.5997 1
6.31248 1
6.43759 1
3.5833 1
4.04383 1
8.47003 1
10.6157 1
5.97648 1
0.564626 1
0.637833 1
7.35998 1
5.66462 1
6.52683 1
4.17363 1
11.9327 1
4.34725 1
4.6557 1
-1.80749 1
5.71926 1
5.46682 1
7.61191 1
3.32457 1
0.996961 1
4.33217 1
4.7373 1
6.2756 1
14.5899 1
6.80011 1
7.13127 1
5.60461 1
7.08438 1
5.61553 1
6.43685 1
4.99036 1
2.61269 1
7.23341 1
3.51673 1
5.94583 1
5.31259 1
0.589529 1
-0.122341 1
4.32375 1
8.24908 1
5.1161 1
5.02376 1
3.51732 1
4.99886 1
11.7434 1
11.3413 1
9.09444 1
0.81058 1
6.39399 1
7.78175 1
-3.23126 1
4.50962 1
8.49413 1
5.76498 1
10.3707 1
5.04933 1
1.6697 1
6.3875 1
5.04832 1
8.65452 1
1.49702 1
1.80614 1
14.8438 1
3.33118 1
11.5272 1
0.522911 1
2.12512 1
7.12708 1
10.2877 1
1.76006 1
4.82695 1
6.78746 1
2.19655 1
5.67588 1
0.939739 1
2.6226 1
5.98751 1
3.8608 1
-0.448754 1
7.20035 1
3.0721 1
8.83958 1
5.84444 1
0.998078 1
5.96339 1
7.89591 1
-0.806539 1
4.94257 1
1.96475 1
11.6722 1
5.62551 1
5.27789 1
8.08813 1
7.88377 1
-1.51008 1
12.0076 1
7.11036 1
2.21549 1
9.04787 1
6.42741 1
1.94571 1
2.45486 1
-1.57993 1
7.28512 1
3.73571 1
4.94795 1
3.90714 1
5.27494 1
8.5665 1
4.15315 1
4.02422 1
9.7072 1
5.12491 1
8.48491 1
8.14593 1
-3.54846 1
13.1553 1
4.58119 1
6.48339 1
4.66322 1
8.27888 1
3.71871 1
6.50748 1
7.87311 1
6.59624 1
7.56875 1
5.42898 1
6.27486 1
-3.65737 1
3.8833 1
11.0767 1
0.978061 1
10.3174 1
6.63181 1
4.39269 1
4.9872 1
3.75051 1
9.15958 1
10.9963 1
3.97633 1
7.56255 1
12.1933 1
4.79242 1
3.88934 1
10.2807 1
3.47267 1
4.41641 1
6.99387 1
2.42589 1
6.02172 1
4.70768 1
6.75036 1
6.25039 1
6.58199 1
9.87807 1
2.80285 1
8.95092 1
4.94568 1
4.53441 1
3.38446 1
3.38652 1
3.76065 1
0.0268956 1
4.90492 1
6.07406 1
1.34733 1
3.25466 1
6.75742 1
6.32333 1
4.61458 1
5.0738 1
2.52975 1
4.20119 1
6.93559 1
6.70092 1
4.65094 1
1.77803 1
7.89202 1
4.32096 1
6.60013 1
2.93861 1
4.82144 1
5.49711 1
1.83727 1
-0.229277 1
6.3708 1
6.49691 1
2.43318 1
3.81707 1
3.08309 1
4.12204 1
-2.09538 1
3.13238 1
5.82415 1
2.95302 1
-4.38622 1
9.51637 1
1.9262 1
3.9717 1
4.23546 1
-1.34814 1
5.28454 1
6.48808 1
5.85589 1
0.227445 1
12.1301 1
9.37016 1
3.1694 1
3.22315 1
3.66232 1
-3.32576 1
8.41906 1
9.42008 1
6.08753 1
5.29255 1
4.94023 1
2.96649 1
3.97473 1
10.6925 1
4.07419 1
4.93878 1
7.15875 1
7.27518 1
1.36504 1
7.07692 1
2.33978 1
3.20353 1
6.35304 1
7.62629 1
6.57579 1
4.82707 1
8.95253 1
0.739073 1
11.2255 1
6.23536 1
5.52906 1
7.21534 1
9.67605 1
5.58031 1
3.01747 1
4.94638 1
-1.27833 1
8.91796 1
2.04952 1
6.6861 1
2.40143 1
2.85791 1
4.77824 1
14.3177 1
6.43847 1
2.7164 1
4.10911 1
6.11 1
4.92248 1
11.4466 1
-1.10846 1
2.3702 1
6.32422 1
6.60097 1
-0.282659 1
7.44831 1
10.0159 1
3.9414 1
0.458987 1
3.92577 1
5.89912 1
8.25928 1
9.75622 1
4.43615 1
-0.731386 1
-0.414001 1
-1.90303 1
10.4631 1
5.42925 1
3.0757 1
5.03615 1
2.93079 1
-0.338376 1
3.01288 1
6.80902 1
4.19301 1
-1.84849 1
3.33301 1
4.34137 1
4.46529 1
1.92726 1
-1.06984 1
-0.428159 1
4.2066 1
3.28046 1
-2.86221 1
8.43077 1
7.22689 1
5.06327 1
11.6152 1
5.40086 1
7.17046 1
3.40584 1
4.31085 1
3.81893 1
0.27655 1
8.46829 1
5.39455 1
7.8888 1
-0.0441784 1
9.32935 1
13.1571 1
-0.81813 1
7.97918 1
3.92315 1
4.59391 1
4.79257 1
10.8196 1
3.02138 1
5.60325 1
2.84933 1
4.30058 1
6.27804 1
4.68452 1
3.92234 1
13.3317 1
2.43978 1
2.61031 1
6.93887 1
4.52001 1
8.13569 1
7.28226 1
5.98221 1
9.12223 1
4.87043 1
0.887131 1
7.00996 1
3.39664 1
7.01834 1
2.86918 1
3.87956 1
7.08745 1
13.8417 1
3.59183 1
3.28696 1
4.42108 1
7.77304 1
3.74025 1
6.18317 1
7.52613 1
4.9142 1
8.85184 1
6.2204 1
3.61074 1
3.33011 1
1.78249 1
5.21089 1
-0.821323 1
5.87491 1
2.08922 1
3.6836 1
3.50154 1
-0.691483 1
7.92834 1
12.712 1
10.1889 1
3.98983 1
8.32187 1
9.31623 1
-2.66086 1
4.395 1
-0.75554 1
8.93322 1
2.70943 1
2.99526 1
5.9001 1
8.51452 1
9.61304 1
4.70511 1
7.39097 1
4.40128 1
3.74431 1
5.92669 1
4.6045 1
2.36356 1
-1.42221 1
3.55362 1
10.2927 1
5.83789 1
13.966 1
4.15701 1
2.00792 1
6.42016 1
4.90134 1
5.17848 1
5.80347 1
9.30673 1
5.53889 1
4.73627 1
0.395691 1
7.37136 1
-2.84544 1
4.60335 1
5.36983 1
10.1544 1
5.64581 1
0.0075856 1
-2.71393 1
2.71086 1
6.21057 1
5.09142 1
10.7484 1
3.93745 1
12.7631 1
4.2142 1
7.32427 1
3.27796 1
5.3497 1
5.07456 1
6.81535 1
7.64294 1
4.06272 1
6.1882 1
2.72126 1
7.12093 1
5.53542 1
-0.937885 1
2.8745 1
5.11004 1
3.08498 1
-3.10471 1
-1.2207 1
2.49947 1
5.9842 1
7.79811 1
5.45684 1
3.8835 1
4.52449 1
-1.82401 1
0.515778 1
5.34936 1
7.716 1
3.49342 1
4.70139 1
5.51872 1
9.35822 1
-2.63885 1
4.42289 1
4.26011 1
2.34645 1
1.01697 1
9.77235 1
9.10369 1
0.674299 1
8.94577 1
5.02084 1
6.09529 1
5.36709 1
0.919063 1
5.03306 1
3.91383 1
6.20562 1
-4.72732 1
2.01082 1
4.33853 1
3.75673 1
5.15378 1
4.98561 1
-2.67019 1
-3.07146 1
4.18911 1
9.87457 1
6.83979 1
7.6096 1
5.86365 1
3.93603 1
6.1869 1
6.04659 1
0.180686 1
0.967143 1
0.851061 1
2.67985 1
7.73131 1
8.22066 1
3.73838 1
3.74352 1
5.05627 1
4.55987 1
5.68068 1
4.75171 1
1.4969 1
-1.63327 1
-1.75692 1
4.94911 1
10.2704 1
2.54495 1
6.27852 1
6.75714 1
11.3084 1
4.55902 1
7.55888 1
3.91264 1
5.48652 1
4.22328 1
6.64956 1
10.9969 1
2.47315 1
0.821286 1
2.10013 1
3.48001 1
7.01137 1
-2.8688 1
4.20957 1
5.32634 1
2.65003 1
4.68276 1
7.46772 1
6.81194 1
6.75431 1
2.52991 1
6.61055 1
2.7963 1
7.06146 1
3.90303 1
6.69061 1
6.84556 1
1.91549 1
8.73799 1
5.25286 1
6.22467 1
7.69202 1
6.95858 1
3.50378 1
1.45277 1
6.10646 1
2.80756 1
7.38777 1
5.97231 1
4.55918 1
5.84263 1
8.70038 1
4.38208 1
-0.644005 1
-2.76925 1
7.23932 1
0.576893 1
5.92889 1
5.86336 1
7.40467 1
5.82926 1
6.28543 1
3.19169 1
5.19648 1
14.23 1
11.9209 1
6.41401 1
4.99182 1
5.16116 1
7.38338 1
-3.73286 1
7.61108 1
6.87338 1
5.41895 1
5.40454 1
4.64085 1
6.2447 1
2.92455 1
5.91919 1
7.6769 1
13.3376 1
6.06627 1
3.51646 1
8.92695 1
0.261469 1
3.29038 1
4.1357 1
5.81249 1
7.5046 1
6.66606 1
4.88291 1
9.88032 1
4.28919 1
6.26317 1
6.16722 1
4.42207 1
5.41855 1
0.147418 1
7.73217 1
6.25759 1
5.5773 1
5.20255 1
0.8049 1
5.44309 1
12.1578 1
5.18747 1
4.83105 1
8.11966 1
4.67251 1
5.1802 1
8.63754 1
7.20135 1
-1.98795 1
7.51727 1
6.75136 1
5.89375 1
1.92489 1
4.76891 1
5.53206 1
4.46477 1
3.23028 1
6.53883 1
2.62772 1
5.71593 1
2.55117 1
10.7222 1
11.6629 1
5.96219 1
3.97079 1
1.4376 1
3.98844 1
13.8576 1
5.96108 1
8.37578 1
5.97525 1
10.8275 1
5.74629 1
5.241 1
6.35732 1
4.39939 1
6.0293 1
-0.348928 1
4.73849 1
9.19678 1
1.85633 1
6.12552 1
11.5801 1
6.7516 1
3.1439 1
4.62709 1
6.91214 1
5.94795 1
6.36935 1
1.07409 1
7.29694 1
6.229 1
-4.15364 1
12.2016 1
7.37618 1
6.68926 1
4.18549 1
6.55091 1
5.2674 1
1.92651 1
5.80192 1
5.0593 1
5.40511 1
4.13831 1
5.83101 1
3.90816 1
3.27464 1
8.86641 1
4.62681 1
5.56712 1
7.35834 1
6.13548 1
6.70764 1
0.785119 1
5.26106 1
5.96576 1
5.89272 1
0.524576 1
3.88861 1
5.1993 1
9.78749 1
3.10825 1
3.00487 1
2.87905 1
8.67056 1
5.39531 1
8.89757 1
4.15418 1
6.09524 1
7.21612 1
0.794876 1
-0.000567675 1
5.5895 1
8.04441 1
-3.12067 1
1.32742 1
4.92862 1
6.72749 1
4.45634 1
5.89703 1
2.84 1
6.57629 1
7.5419 1
3.45404 1
3.5827 1
4.62341 1
5.96067 1
3.67142 1
2.42793 1
9.17201 1
3.97713 1
5.18358 1
-4.15201 1
7.47128 1
4.41854 1
5.70263 1
3.17914 1
8.09003 1
4.31068 1
9.98033 1
3.02526 1
6.28041 1
4.25663 1
7.23108 1
4.51892 1
5.46995 1
3.43269 1
4.46959 1
3.33832 1
3.70689 1
3.80766 1
-4.09522 1
4.97977 1
2.93286 1
5.68396 1
2.05878 1
0.653914 1
4.12485 1
1.01356 1
-2.11407 1
4.51918 1
3.95735 1
5.12193 1
8.9888 1
-0.0963815 1
7.15424 1
8.39806 1
5.6373 1
8.13467 1
4.05059 1
4.15252 1
0.508488 1
3.65079 1
9.8039 1
8.37458 1
2.63951 1
9.90092 1
5.28266 1
2.54103 1
4.54712 1
-4.80819 1
3.88914 1
2.74807 1
6.72628 1
3.22115 1
11.805 1
9.45976 1
7.74428 1
2.5301 1
5.80905 1
6.44085 1
9.51632 1
2.41785 1
-0.860852 1
7.94158 1
7.7769 1
1.58792 1
9.29485 1
7.21927 1
3.93623 1
8.41505 1
3.22716 1
8.57629 1
10.4953 1
-2.99583 1
3.2235 1
3.69575 1
9.12969 1
-4.83937 1
0.582761 1
2.64901 1
4.80592 1
0.8472 1
7.15341 1
5.86189 1
2.94081 1
3.96317 1
12.9258 1
6.31584 1
5.13509 1
6.31335 1
7.82526 1
8.58457 1
3.22864 1
2.31171 1
3.60537 1
4.42689 1
6.63332 1
7.30403 1
-0.917022 1
4.16561 1
7.01709 1
8.43651 1
3.53321 1
6.50963 1
4.99072 1
4.67361 1
4.36212 1
4.66984 1
14.8338 1
3.07044 1
7.38719 1
3.60292 1
4.00267 1
-3.35648 1
2.35842 1
3.16939 1
5.28199 1
10.0469 1
5.37602 1
1.12877 1
9.89492 1
6.55992 1
2.86229 1
7.03838 1
6.25814 1
-1.72244 1
0.848244 1
4.84152 1
3.89237 1
2.24292 1
5.39734 1
4.64575 1
6.8967 1
4.23776 1
14.7696 1
-1.80644 1
6.05234 1
4.09487 1
13.2536 1
3.79273 1
11.576 1
3.07025 1
2.3044 1
5.33641 1
12.5652 1
6.8956 1
1.5835 1
8.04598 1
-2.87732 1
2.95039 1
-2.31342 1
3.03561 1
4.10306 1
4.35224 1
6.02379 1
5.67537 1
2.59857 1
4.51827 1
6.55355 1
10.9972 1
13.0904 1
9.3156 1
3.11207 1
5.58965 1
5.83122 1
0.267538 1
6.91972 1
3.86679 1
12.1559 1
6.31378 1
-1.43475 1
-2.36212 1
7.80812 1
3.00201 1
3.85716 1
11.4457 1
5.8529 1
4.46429 1
0.239 1
4.66138 1
6.81325 1
10.2659 1
2.17221 1
5.11854 1
10.4477 1
9.1616 1
1.79917 1
1.67055 1
6.64498 1
3.99632 1
11.1567 1
14.3735 1
6.52896 1
10.8575 1
-0.442221 1
0.790922 1
7.32105 1
-2.1335 1
8.50704 1
5.4413 1
10.7749 1
4.61653 1
11.5821 1
3.13555 1
5.19034 1
1.6841 1
3.92013 1
11.3092 1
-0.143284 1
5.29688 1
-1.21796 1
5.09029 1
5.44396 1
1.4534 1
3.07549 1
4.64552 1
5.55875 1
2.48588 1
5.9351 1
6.32508 1
4.51223 1
6.69494 1
3.42614 1
1.03429 1
4.50088 1
4.9747 1
3.14501 1
6.09765 1
4.04951 1
4.00828 1
6.07601 1
5.05565 1
5.94988 1
2.02483 1
1.60694 1
5.94392 1
1.77171 1
5.58467 1
6.22335 1
-0.174724 1
4.44543 1
1.93895 1
4.35984 1
10.884 1
3.40338 1
6.18113 1
3.31233 1
9.409 1
10.4251 1
4.50413 1
8.02751 1
9.46267 1
3.96126 1
5.6053 1
-2.48399 1
8.66219 1
5.21521 1
2.28459 1
5.88318 1
8.50686 1
-0.56211 1
3.72462 1
-3.52002 1
5.95728 1
5.3793 1
7.73666 1
8.75049 1
3.72847 1
2.62388 1
0.667668 1
-3.30452 1
4.42902 1
-3.52676 1
2.75496 1
6.065 1
11.6861 1
5.86396 1
3.49451 1
3.61323 1
13.833 1
4.50258 1
5.98889 1
3.89414 1
2.61161 1
4.26417 1
4.48917 1
4.18181 1
2.48256 1
1.10586 1
7.12432 1
3.13954 1
-3.24821 1
8.48268 1
3.55448 1
1.49999 1
-1.03375 1
-3.18348 1
-3.79044 1
11.3725 1
6.12819 1
6.50519 1
4.54718 1
-3.40645 1
5.67828 1
0.871022 1
3.70978 1
4.9916 1
2.98418 1
4.58963 1
5.6476 1
0.418722 1
0.139816 1
4.63441 1
8.06754 1
6.72756 1
6.13017 1
0.898982 1
4.10384 1
4.09616 1
1.64483 1
0.777325 1
5.32825 1
-0.217391 1
4.08182 1
4.56399 1
2.81625 1
8.26744 1
3.76966 1
4.48733 1
12.519 1
3.71582 1
6.56387 1
-1.834 1
5.21 1
7.41122 1
3.20763 1
4.64023 1
-2.52516 1
7.31349 1
9.04511 1
3.62568 1
5.05543 1
-2.75907 1
7.51916 1
12.6592 1
5.81931 1
4.12266 1
5.75099 1
0.0712441 1
4.99119 1
3.10333 1
6.20461 1
10.4777 1
4.63106 1
5.77711 1
7.79714 1
8.09241 1
14.6691 1
13.5985 1
5.79434 1
7.91815 1
11.3673 1
9.43433 1
6.80182 1
3.04993 1
6.87719 1
4.02059 1
6.79691 1
5.49183 1
7.38944 1
-1.60714 1
4.74112 1
7.67185 1
-3.79962 1
4.15131 1
4.89886 1
9.25013 1
6.53253 1
0.0158117 1
2.0733 1
6.68264 1
3.81237 1
4.40171 1
-3.96521 1
2.38737 1
-3.37273 1
0.14142 1
4.38027 1
0.590799 1
1.9738 1
-2.55406 1
0.85604 1
4.8057 1
7.61423 1
1.035 1
6.8439 1
-0.539683 1
0.492677 1
-0.530662 1
7.34929 1
3.77852 1
8.16743 1
6.82144 1
4.71227 1
5.0363 1
7.4966 1
2.83325 1
-0.674897 1
7.36871 1
3.32632 1
1.48278 1
6.60597 1
6.5088 1
9.8921 1
5.30647 1
4.16788 1
1.91095 1
-3.86263 1
4.7769 1
4.21942 1
0.253074 1
7.86836 1
8.27023 1
2.13374 1
10.9406 1
1.38055 1
3.99781 1
3.41523 1
7.38921 1
-2.29887 1
5.7087 1
6.3176 1
4.99143 1
2.70378 1
5.13597 1
2.21161 1
3.10228 1
-0.0753847 1
8.64997 1
11.4708 1
4.80831 1
9.15992 1
-0.0468696 1
1.67879 1
2.60369 1
6.43713 1
4.93164 1
5.84585 1
10.0596 1
10.0931 1
0.914733 1
6.49072 1
11.5463 1
9.43159 1
7.79914 1
7.288 1
5.86823 1
6.01839 1
4.37159 1
3.04442 1
12.4489 1
-1.08143 1
5.48191 1
4.98493 1
3.81954 1
12.1985 1
-0.0151212 1
5.43089 1
5.18466 1
6.11234 1
6.50169 1
2.87325 1
7.23502 1
4.57837 1
8.11345 1
5.90165 1
10.1884 1
3.11559 1
3.56412 1
7.02016 1
-2.01878 1
0.475995 1
4.07248 1
-1.12868 1
4.64628 1
4.33222 1
6.95921 1
-0.691988 1
5.90123 1
6.9503 1
5.46361 1
2.41325 1
2.80603 1
1.03451 1
3.50077 1
3.53016 1
-1.77563 1
0.626448 1
7.61077 1
2.56713 1
4.19613 1
10.9163 1
5.7637 1
5.2103 1
5.76256 1
9.32398 1
5.0772 1
10.3148 1
1.9412 1
6.35788 1
2.63529 1
8.86722 1
3.47006 1
4.4317 1
4.09244 1
8.13005 1
3.1141 1
-2.09997 1
5.57947 1
6.77297 1
3.53195 1
0.141172 1
-2.40957 1
5.31511 1
6.95447 1
4.93181 1
5.04017 1
7.59945 1
-0.245991 1
0.464756 1
7.22329 1
5.3475 1
3.94231 1
-1.13744 1
5.05262 1
6.78321 1
-3.43041 1
1.82244 1
8.83725 1
-0.742774 1
5.08545 1
3.71045 1
5.35303 1
10.9056 1
4.82959 1
10.8329 1
5.58045 1
7.91584 1
3.34183 1
4.32214 1
2.52711 1
3.59813 1
8.18796 1
8.0641 1
4.37804 1
1.3105 1
5.77452 1
4.29685 1
7.9759 1
0.747441 1
3.41256 1
5.53506 1
2.72735 1
7.34347 1
11.9142 1
2.614 1
4.76452 1
-3.24038 1
10.6059 1
11.3967 1
-2.28312 1
11.6311 1
3.42314 1
3.22768 1
1.63555 1
3.0036 1
1.91647 1
-4.82801 1
7.61703 1
6.54084 1
-3.78491 1
-2.43852 1
6.19645 1
1.79919 1
6.20149 1
1.74886 1
6.28239 1
5.66314 1
4.39704 1
2.84094 1
9.83767 1
6.82439 1
6.43156 1
7.05209 1
6.14295 1
7.06997 1
6.89406 1
6.02612 1
6.86169 1
8.56816 1
8.40543 1
4.91744 1
4.19449 1
5.24154 1
1.08736 1
-2.38313 1
4.07505 1
4.57755 1
2.07008 1
5.43511 1
5.07893 1
10.1485 1
8.15955 1
11.5305 1
3.39284 1
8.37794 1
10.9231 1
-3.26911 1
5.58209 1
3.89649 1
6.24871 1
-4.44765 1
4.73341 1
-3.21818 1
2.85687 1
7.80107 1
2.7967 1
4.08825 1
0.355918 1
-1.1936 1
6.1256 1
2.1467 1
4.13433 1
6.39752 1
2.63294 1
1.44865 1
1.25347 1
13.3568 1
8.19801 1
2.81811 1
1.02243 1
4.12095 1
3.24323 1
9.49672 1
8.67461 1
3.60208 1
5.38217 1
9.57238 1
-1.18125 1
4.77223 1
6.16627 1
1.96032 1
2.4098 1
6.36078 1
5.03309 1
5.37829 1
4.28736 1
4.46838 1
10.1667 1
7.09321 1
8.76872 1
8.0717 1
6.88516 1
3.40751 1
5.43108 1
6.06966 1
-4.36407 1
7.05602 1
0.319562 1
5.29184 1
4.44498 1
4.37157 1
5.47591 1
-1.28088 1
-3.68143 1
-1.03351 1
6.08527 1
4.14351 1
2.58594 1
7.83305 1
12.0887 1
0.165714 1
-3.15858 1
8.57482 1
5.07977 1
8.13051 1
5.69177 1
-0.424959 1
11.4969 1
9.99637 1
-1.22338 1
6.46167 1
4.6851 1
2.52725 1
5.96954 1
4.845 1
4.0398 1
7.6898 1
0.529809 1
6.98654 1
11.2778 1
5.35006 1
-0.505354 1
0.29691 1
2.25936 1
10.6554 1
0.877219 1
5.7968 1
6.17373 1
4.96255 1
2.77631 1
5.36043 1
4.24934 1
7.72442 1
4.53167 1
3.94635 1
-0.66261 1
7.56254 1
6.69616 1
3.9849 1
6.73273 1
6.34727 1
1.73072 1
2.77161 1
10.8004 1
8.49033 1
8.38727 1
4.00228 1
-3.43054 1
8.8409 1
-1.25591 1
6.76799 1
5.72322 1
1.64488 1
7.59195 1
2.1751 1
-1.8588 1
0.36424 1
4.82867 1
5.40154 1
1.80619 1
4.7994 1
3.85445 1
3.11913 1
4.37405 1
4.34976 1
4.08822 1
5.17333 1
11.0522 1
4.3491 1
5.31296 1
2.04584 1
8.62808 1
6.67251 1
7.49536 1
6.18507 1
3.19535 1
3.02698 1
4.39883 1
4.68691 1
13.8657 1
2.77154 1
3.70784 1
14.8219 1
10.4232 1
3.29024 1
3.6273 1
9.46516 1
11.2809 1
5.69641 1
6.90779 1
5.94527 1
2.61985 1
2.67763 1
9.98784 1
6.70918 1
1.89625 1
4.65172 1
11.6012 1
7.61893 1
14.0825 1
-0.901176 1
4.5851 1
4.92983 1
8.01181 1
8.15306 1
8.91749 1
4.8836 1
4.21483 1
4.33742 1
10.2237 1
7.41413 1
3.69703 1
4.73589 1
4.40835 1
-3.07761 1
2.92469 1
7.73869 1
6.46415 1
2.485 1
2.17428 1
4.6769 1
-0.572989 1
6.39132 1
7.4792 1
1.07454 1
9.06839 1
11.8176 1
8.20833 1
5.30675 1
3.65504 1
8.72659 1
6.55239 1
8.91608 1
5.38645 1
6.57287 1
-3.96131 1
4.94651 1
12.0706 1
5.44802 1
6.47322 1
1.3333 1
13.8202 1
5.70003 1
9.99849 1
6.14505 1
5.64409 1
5.70939 1
1.20725 1
7.34702 1
6.11604 1
1.91949 1
3.30087 1
3.47195 1
6.49031 1
13.6605 1
6.65578 1
10.0315 1
0.0261734 1
9.75752 1
4.79261 1
0.0599934 1
4.19313 1
8.91925 1
4.95657 1
3.81187 1
5.89154 1
9.09063 1
5.64212 1
8.65322 1
-1.1436 1
0.226017 1
3.96559 1
4.71115 1
6.84223 1
7.58245 1
7.49012 1
8.17512 1
5.25029 1
4.60567 1
6.09206 1
6.45127 1
0.465516 1
3.99523 1
2.95063 1
3.39683 1
6.60771 1
4.38696 1
0.7176 1
3.5608 1
4.25938 1
5.69329 1
2.84611 1
8.46824 1
1.79541 1
2.0055 1
1.87206 1
9.31862 1
6.07128 1
2.6595 1
-0.388085 1
7.70651 1
10.187 1
5.94352 1
3.52489 1
4.74613 1
6.20522 1
12.3151 1
5.1482 1
4.88586 1
3.59424 1
2.95779 1
5.28859 1
2.34993 1
6.45786 1
4.59489 1
-2.58607 1
4.45771 1
7.86877 1
6.29339 1
4.6673 1
4.78864 1
9.16365 1
4.85651 1
5.1844 1
3.19374 1
12.5219 1
2.59838 1
11.6167 1
7.07208 1
7.9936 1
12.5658 1
-3.30763 1
3.19576 1
9.75921 1
5.87368 1
6.82465 1
-1.12757 1
-1.15429 1
3.78667 1
8.06085 1
-0.0963688 1
5.30151 1
-1.05832 1
6.75257 1
4.76169 1
4.96157 1
13.5717 1
5.37104 1
8.53958 1
7.76789 1
-1.38932 1
3.86149 1
-4.09829 1
1.31492 1
1.96688 1
-2.89385 1
8.70753 1
5.27149 1
6.1437 1
10.0518 1
7.99413 1
9.92022 1
7.3182 1
5.76411 1
7.33826 1
2.74466 1
12.4572 1
4.94795 1
8.412 1
5.443 1
-3.88888 1
4.12829 1
4.36054 1
3.06747 1
5.07382 1
5.19539 1
5.82196 1
7.9071 1
3.85381 1
8.21951 1
5.54023 1
-1.98565 1
5.23575 1
4.14571 1
5.8811 1
5.14391 1
-0.767746 1
0.783993 1
5.69778 1
5.99819 1
4.1818 1
6.8447 1
5.05672 1
4.39544 1
2.59212 1
5.18139 1
7.78206 1
6.92217 1
6.25103 1
3.49016 1
3.5278 1
14.2359 1
5.9612 1
1.59386 1
5.5256 1
6.30465 1
5.32603 1
6.01282 1
2.10901 1
11.4835 1
6.74151 1
9.89 1
10.6169 1
5.51165 1
1.03427 1
7.10019 1
2.8377 1
8.49671 1
4.99268 1
8.0634 1
7.20633 1
-1.80432 1
5.59696 1
5.64354 1
3.67399 1
12.5156 1
5.7776 1
9.5027 1
6.85097 1
5.94049 1
5.64804 1
4.85236 1
3.90293 1
10.3146 1
8.11104 1
-4.60708 1
3.80704 1
3.92425 1
7.63787 1
3.11979 1
2.18848 1
5.02334 1
6.70803 1
7.20328 1
5.81809 1
2.57674 1
4.92742 1
6.73534 1
6.12764 1
6.99352 1
4.34775 1
-0.834434 1
4.63624 1
-4.02953 1
6.63359 1
3.29246 1
3.8196 1
12.8477 1
1.10218 1
8.78045 1
3.67757 1
-0.377557 1
-2.7288 1
4.03898 1
4.93175 1
5.98835 1
7.6574 1
5.50484 1
2.51826 1
2.43055 1
-4.00399 1
5.10703 1
-2.70975 1
3.35001 1
4.22466 1
8.65213 1
5.12162 1
4.96421 1
3.07169 1
5.32036 1
3.47057 1
6.61322 1
4.17969 1
6.08694 1
9.71475 1
4.06819 1
3.63183 1
3.28988 1
6.87882 1
0.794839 1
1.21666 1
3.85362 1
8.36877 1
8.7785 1
2.02557 1
-1.7809 1
6.43564 1
4.73613 1
6.49173 1
6.35072 1
5.70117 1
9.92756 1
5.46377 1
12.5741 1
6.95404 1
4.80596 1
3.94965 1
3.77105 1
6.42687 1
4.19568 1
2.52833 1
5.56747 1
8.633 1
12.0799 1
5.64292 1
1.36545 1
13.514 1
4.70652 1
4.78257 1
6.94822 1
-1.51036 1
1.69581 1
5.44437 1
6.31068 1
7.48843 1
-0.805217 1
4.67982 1
3.75417 1
12.1815 1
5.33926 1
1.77867 1
5.68645 1
13.3782 1
4.85621 1
6.28859 1
5.45869 1
7.56265 1
1.81313 1
3.07374 1
4.99201 1
1.79976 1
12.0452 1
8.08395 1
0.609987 1
9.44576 1
-0.915618 1
-2.28097 1
6.21597 1
5.72348 1
1.48449 1
4.66228 1
5.42456 1
5.38124 1
2.16045 1
8.56897 1
10.859 1
8.13987 1
-3.96432 1
12.4969 1
4.282 1
11.5525 1
2.02434 1
0.890321 1
8.05686 1
-0.48167 1
-0.478389 1
7.05135 1
1.97558 1
-1.79336 1
6.72092 1
1.74601 1
4.62799 1
6.34733 1
4.6787 1
-1.21151 1
4.85753 1
5.73771 1
0.0417136 1
3.88722 1
4.05883 1
5.52114 1
7.96593 1
2.83862 1
7.40728 1
8.66084 1
5.7861 1
3.78111 1
5.31817 1
11.0395 1
6.38244 1
2.20155 1
5.45159 1
11.0934 1
9.42998 1
13.076 1
14.2959 1
6.16462 1
3.51409 1
0.80565 1
2.36298 1
8.51755 1
1.0634 1
5.87747 1
7.53464 1
14.7009 1
11.9893 1
5.15932 1
4.87932 1
3.91631 1
2.17791 1
10.1095 1
4.37894 1
3.77527 1
0.956436 1
4.54222 1
3.62989 1
3.71253 1
1.11978 1
4.78276 1
0.756081 1
7.80748 1
7.30408 1
0.915675 1
3.11034 1
2.06172 1
1.64081 1
6.63434 1
3.74257 1
3.77803 1
3.78095 1
0.908351 1
8.31377 1
5.20021 1
12.881 1
11.8974 1
6.38745 1
-0.68359 1
2.52352 1
4.77011 1
10.8658 1
9.00183 1
-4.05677 1
-2.98312 1
5.0885 1
6.9488 1
6.61552 1
5.76836 1
5.44812 1
7.24514 1
4.50305 1
6.02681 1
14.7406 1
3.34523 1
4.04948 1
4.0107 1
4.22087 1
1.97047 1
8.02609 1
4.4038 1
5.69083 1
4.31048 1
6.06507 1
-0.635969 1
-3.515 1
7.2623 1
12.2083 1
3.12671 1
-3.28026 1
2.39293 1
3.89943 1
2.14493 1
0.434777 1
-2.25849 1
8.47299 1
8.51133 1
-0.602111 1
-1.44466 1
9.16712 1
0.225316 1
4.17851 1
5.28303 1
4.9831 1
5.59423 1
4.6849 1
6.52913 1
5.00245 1
3.96506 1
7.82538 1
2.19233 1
5.51086 1
6.3658 1
1.76878 1
6.07802 1
6.22815 1
12.8531 1
4.67015 1
8.42131 1
8.09133 1
10.6672 1
7.34557 1
8.79423 1
2.0451 1
0.022064 1
3.71944 1
3.58962 1
-0.116431 1
6.89898 1
4.35808 1
8.22251 1
9.58516 1
7.87158 1
5.85752 1
4.45581 1
13.8767 1
3.64568 1
5.37425 1
5.53797 1
3.33605 1
7.8399 1
3.56805 1
13.6308 1
7.60761 1
5.38136 1
5.10612 1
13.3397 1
6.77213 1
4.99168 1
1.92015 1
1.28677 1
9.44521 1
6.44568 1
5.78641 1
10.7536 1
2.74704 1
5.14686 1
5.4581 1
1.44115 1
12.0886 1
12.2682 1
4.32601 1
11.3724 1
4.02986 1
6.83617 1
3.62925 1
3.28421 1
3.26767 1
-1.24286 1
4.63091 1
3.45213 1
10.1563 1
2.31788 1
5.00461 1
14.7799 1
2.29271 1
8.1357 1
1.03953 1
5.72162 1
-0.720115 1
2.02989 1
4.07865 1
1.65515 1
11.9737 1
2.50182 1
10.5821 1
4.37391 1
2.04625 1
4.02247 1
3.41516 1
1.59301 1
3.86271 1
4.31586 1
-0.162622 1
9.55768 1
3.71839 1
4.81726 1
3.88605 1
3.02515 1
5.74869 1
5.36647 1
6.61385 1
2.21243 1
0.95522 1
7.82301 1
4.44331 1
6.22177 1
1.09708 1
2.56893 1
7.10262 1
3.73902 1
3.75295 1
5.65073 1
7.8947 1
5.61399 1
-2.53359 1
6.22805 1
5.33544 1
5.28542 1
5.25472 1
5.88764 1
5.02812 1
-2.93347 1
8.33555 1
1.1555 1
-1.93201 1
4.04851 1
5.08896 1
2.31159 1
6.86643 1
1.23445 1
5.60555 1
5.94354 1
5.47183 1
6.75136 1
-0.456019 1
8.60781 1
4.24145 1
1.21633 1
-0.594548 1
1.4071 1
5.17345 1
8.39735 1
3.46644 1
6.16553 1
4.84037 1
1.80255 1
10.617 1
2.69202 1
5.76758 1
4.8637 1
-0.376192 1
7.41344 1
8.17595 1
5.06237 1
11.9062 1
-0.609322 1
5.05478 1
6.38911 1
8.00611 1
6.09529 1
6.88321 1
7.5333 1
4.55862 1
5.55063 1
3.883 1
12.4914 1
3.6196 1
6.49284 1
4.49105 1
5.78149 1
-0.248813 1
4.33056 1
11.0876 1
12.2985 1
7.30692 1
-0.0245281 1
6.1116 1
4.30374 1
6.37077 1
2.76678 1
7.28513 1
2.71963 1
8.99986 1
0.958842 1
3.58154 1
3.97749 1
8.45444 1
8.9531 1
6.87479 1
-4.28653 1
4.04469 1
0.910884 1
7.7543 1
7.51045 1
10.215 1
5.97331 1
6.10982 1
0.254914 1
7.19274 1
10.2453 1
6.09633 1
8.15797 1
1.31374 1
8.486 1
6.90515 1
3.18136 1
9.928 1
7.01263 1
4.44416 1
13.4752 1
2.54479 1
8.60586 1
5.00263 1
0.121 1
9.99031 1
4.15163 1
6.84721 1
4.81444 1
5.32569 1
5.82117 1
2.37499 1
2.80799 1
6.32567 1
-2.48114 1
-0.305077 1
8.99818 1
11.4754 1
4.53438 1
3.19549 1
6.45682 1
1.72341 1
14.6723 1
0.999668 1
5.57859 1
5.25095 1
1.6696 1
4.29949 1
2.37515 1
8.5802 1
3.02699 1
5.7481 1
6.25131 1
3.54621 1
-3.59994 1
3.63083 1
4.53157 1
5.94566 1
12.2981 1
0.569364 1
5.26934 1
4.49606 1
-0.522817 1
6.5807 1
4.87825 1
5.50346 1
2.16285 1
1.68229 1
4.3306 1
5.4612 1
4.37644 1
-0.0985905 1
5.31503 1
6.01586 1
5.78406 1
1.44083 1
13.3571 1
3.27996 1
8.70064 1
3.06369 1
4.70321 1
3.10336 1
5.53462 1
10.0087 1
4.23084 1
6.20434 1
4.30003 1
13.6309 1
7.94876 1
4.70796 1
5.5737 1
4.22226 1
8.99304 1
6.81239 1
6.47564 1
2.28969 1
6.00336 1
6.60941 1
4.47347 1
7.65251 1
4.23107 1
4.62934 1
3.33376 1
-0.746271 1
3.31068 1
4.47234 1
5.80159 1
-0.108354 1
-1.73334 1
5.70642 1
4.80283 1
5.59924 1
8.17491 1
-0.786718 1
6.92583 1
6.90227 1
3.05585 1
-2.67549 1
5.62798 1
5.97469 1
-2.91695 1
4.93735 1
7.66735 1
0.421697 1
2.27018 1
7.63373 1
-4.59508 1
-1.31255 1
2.71343 1
5.92905 1
7.21143 1
3.54333 1
3.15308 1
14.6053 1
6.18067 1
4.02838 1
4.83169 1
6.96268 1
5.58402 1
6.75268 1
7.38728 1
3.27597 1
4.51286 1
6.21283 1
4.56156 1
6.44207 1
2.35974 1
2.91249 1
8.84172 1
5.87025 1
6.65396 1
2.75044 1
7.78225 1
7.59569 1
-1.87876 1
-0.608513 1
5.55434 1
3.45704 1
-0.133817 1
5.08471 1
5.18228 1
9.33936 1
1.69164 1
-0.65179 1
4.9461 1
13.6523 1
3.19818 1
5.19552 1
3.2984 1
-1.76205 1
4.15832 1
10.0129 1
1.43049 1
8.09251 1
5.10235 1
2.41481 1
9.53907 1
9.76962 1
5.58557 1
6.45123 1
6.0489 1
7.49155 1
3.92482 1
6.7717 1
7.87269 1
4.96627 1
3.06145 1
-1.04253 1
4.6575 1
2.80236 1
8.25066 1
6.58528 1
1.77693 1
1.57123 1
7.29712 1
8.38062 1
5.87157 1
4.91265 1
5.0243 1
6.21323 1
2.41534 1
0.613827 1
4.24218 1
6.6116 1
11.5572 1
5.75058 1
6.9869 1
-2.08043 1
8.33791 1
7.50356 1
-0.233202 1
10.1467 1
5.17479 1
-3.63655 1
-3.21816 1
6.51025 1
5.89824 1
5.0096 1
3.76665 1
4.50205 1
6.08579 1
3.33883 1
7.37436 1
1.56025 1
5.17898 1
5.66531 1
4.66195 1
4.22456 1
11.0025 1
6.88402 1
3.98381 1
2.62695 1
4.74947 1
2.7482 1
4.55836 1
1.97928 1
8.18957 1
8.8467 1
3.48912 1
3.04858 1
7.33542 1
4.45884 1
7.47778 1
5.71845 1
5.52692 1
4.47184 1
4.11079 1
7.61126 1
6.94394 1
3.96952 1
8.00289 1
8.11934 1
3.99202 1
5.86493 1
13.1358 1
12.7554 1
5.43177 1
8.54163 1
2.12998 1
4.53481 1
5.53377 1
9.88851 1
12.7774 1
6.39519 1
12.4319 1
3.68611 1
3.73968 1
4.6427 1
6.83327 1
-1.66162 1
3.36055 1
7.06224 1
3.28533 1
5.87228 1
2.81216 1
5.49579 1
-3.8909 1
5.84567 1
6.22788 1
11.0395 1
3.1361 1
2.609 1
2.59734 1
10.5405 1
6.59671 1
4.55472 1
4.74202 1
11.8759 1
12.1301 1
-0.0604496 1
3.1027 1
3.88714 1
4.33767 1
6.59077 1
11.6202 1
10.2897 1
-1.25334 1
4.17791 1
8.74965 1
8.66955 1
5.12777 1
6.66463 1
5.18812 1
-0.268358 1
3.44174 1
4.88428 1
3.76391 1
-2.60751 1
8.02111 1
6.40835 1
-2.68228 1
7.48831 1
4.99026 1
7.7809 1
6.11686 1
-0.82214 1
8.98264 1
0.498608 1
4.07382 1
7.57192 1
7.6431 1
4.57113 1
0.522082 1
4.39824 1
5.96043 1
12.9213 1
2.9404 1
2.48578 1
6.3442 1
6.87769 1
5.16138 1
5.89111 1
3.19921 1
3.98905 1
-4.86534 1
5.65385 1
-1.53757 1
5.40548 1
9.75299 1
5.9663 1
2.14099 1
2.66011 1
6.2293 1
4.96207 1
2.03752 1
3.06336 1
14.3248 1
9.80587 1
6.28391 1
12.3797 1
5.01733 1
0.923762 1
8.29123 1
-0.250988 1
2.73206 1
5.89656 1
5.53454 1
4.85608 1
8.47115 1
4.35712 1
4.53741 1
5.02275 1
6.18592 1
10.3341 1
-3.22699 1
2.30279 1
14.2704 1
4.22734 1
3.1424 1
12.0459 1
3.69967 1
7.43541 1
1.66402 1
5.13784 1
3.49568 1
8.54718 1
8.77097 1
12.6357 1
13.3664 1
3.26473 1
1.16283 1
7.03073 1
4.93258 1
5.42619 1
11.4081 1
11.5691 1
5.74916 1
7.88032 1
5.23786 1
14.2168 1
4.24828 1
6.33546 1
1.33003 1
7.80546 1
6.49958 1
5.57376 1
-1.80203 1
1.80727 1
6.08061 1
8.55754 1
2.98853 1
4.62434 1
4.6059 1
6.75666 1
7.20963 1
6.1297 1
6.04529 1
2.99479 1
8.11315 1
11.861 1
7.43373 1
3.05585 1
5.74557 1
3.6718 1
4.84027 1
4.45713 1
6.72146 1
4.16801 1
4.31854 1
2.30489 1
6.89179 1
9.80383 1
1.75691 1
11.2733 1
5.98993 1
0.937396 1
10.8117 1
4.14288 1
4.97501 1
8.02189 1
8.02975 1
-0.461491 1
3.19684 1
0.61728 1
5.84754 1
3.62367 1
-0.610654 1
6.25892 1
6.57926 1
5.77806 1
7.5514 1
3.9849 1
5.40865 1
3.24542 1
6.94942 1
9.75555 1
-4.48597 1
4.50451 1
6.49106 1
0.437127 1
5.46726 1
-0.0958554 1
1.55583 1
5.70456 1
3.43816 1
3.09307 1
9.26942 1
7.3617 1
8.76972 1
7.89479 1
2.25283 1
-0.985961 1
1.56035 1
4.05281 1
14.1737 1
-1.9621 1
3.50587 1
4.81583 1
5.32296 1
4.37528 1
6.32075 1
2.08583 1
1.59095 1
11.7747 1
6.0968 1
3.27723 1
14.7592 1
6.12747 1
3.35075 1
6.12588 1
5.47993 1
4.62245 1
9.31714 1
6.96986 1
3.38602 1
11.2989 1
0.440025 1
4.09921 1
1.41221 1
4.59882 1
4.70642 1
3.93751 1
4.73539 1
-0.176471 1
12.7222 1
4.46717 1
6.07339 1
4.83886 1
-1.64985 1
2.92251 1
7.28885 1
7.84865 1
13.2704 1
2.67601 1
4.45085 1
2.86773 1
10.2869 1
-2.71795 1
5.51645 1
1.30407 1
8.56686 1
0.822351 1
6.63963 1
0.875249 1
1.88658 1
4.92635 1
5.40532 1
4.65748 1
10.5662 1
8.61607 1
10.5754 1
7.2393 1
5.71642 1
0.121129 1
7.54497 1
5.09569 1
8.94889 1
3.48704 1
4.69532 1
4.79045 1
14.3301 1
6.46412 1
7.17321 1
7.25196 1
1.51107 1
9.64338 1
5.55142 1
2.62108 1
1.87594 1
2.26567 1
11.9115 1
-0.843675 1
4.48798 1
10.0407 1
7.07693 1
3.94504 1
3.82932 1
1.23829 1
4.13277 1
8.82595 1
3.96375 1
5.3687 1
4.35167 1
4.0746 1
-0.400076 1
3.93822 1
3.05252 1
-2.97674 1
11.6618 1
8.89704 1
3.40989 1
7.88476 1
6.39549 1
8.5409 1
6.00903 1
4.49729 1
5.95473 1
5.90646 1
7.6586 1
7.5953 1
5.74277 1
4.31582 1
1.94212 1
1.75127 1
10.5114 1
1.56457 1
0.727331 1
5.09909 1
5.87466 1
0.556676 1
-3.4306 1
3.39464 1
6.39854 1
-3.89264 1
4.83414 1
3.22462 1
3.39068 1
2.25042 1
-4.4024 1
3.33686 1
5.09789 1
8.66193 1
11.4252 1
5.96937 1
4.7179 1
4.38354 1
5.71708 1
8.81253 1
5.26494 1
6.74104 1
4.8717 1
7.18552 1
7.44511 1
8.01716 1
6.50509 1
4.46064 1
-4.78728 1
10.3245 1
13.1564 1
4.56279 1
5.0076 1
1.45203 1
7.08666 1
4.06365 1
1.65846 1
4.96638 1
6.52359 1
6.27966 1
12.2704 1
1.8666 1
-1.46329 1
5.31058 1
9.41893 1
8.52118 1
8.77481 1
5.7868 1
1.983 1
6.92372 1
9.59692 1
5.98562 1
6.73666 1
2.96215 1
10.4537 1
3.97947 1
3.85272 1
3.58667 1
3.76856 1
7.25979 1
7.37688 1
4.17609 1
6.59834 1
13.8159 1
5.13434 1
5.16018 1
5.80621 1
7.52975 1
6.5146 1
4.64783 1
6.21446 1
3.28018 1
4.84256 1
10.3472 1
9.37705 1
5.81917 1
5.61839 1
3.19859 1
3.25995 1
0.185188 1
7.5329 1
10.0379 1
5.74439 1
5.76381 1
-0.845665 1
1.66338 1
3.24676 1
6.38052 1
0.67352 1
3.83104 1
0.751742 1
5.4541 1
-1.30424 1
9.20725 1
5.32302 1
-1.30029 1
7.24837 1
3.83563 1
6.45387 1
3.47183 1
4.87633 1
5.05643 1
6.09138 1
10.6113 1
5.58581 1
6.58409 1
1.45155 1
7.2783 1
2.66859 1
3.91056 1
3.00399 1
-0.852855 1
-0.983808 1
9.33348 1
11.8008 1
7.07638 1
2.02732 1
1.69897 1
3.84889 1
6.71418 1
1.88838 1
10.9493 1
3.16218 1
8.30368 1
2.21138 1
7.02957 1
6.34666 1
3.18835 1
2.67312 1
7.94691 1
3.79775 1
7.24497 1
3.77083 1
2.45987 1
4.72265 1
6.66205 1
-3.26164 1
0.809641 1
2.27881 1
1.36196 1
-4.67346 1
-3.15872 1
7.51507 1
10.4199 1
-1.54161 1
1.8153 1
5.20634 1
7.15667 1
5.38646 1
9.12979 1
7.27324 1
8.35031 1
1.06843 1
3.47348 1
2.93871 1
13.9846 1
6.21522 1
4.08942 1
0.982391 1
6.94234 1
4.92937 1
0.261593 1
5.03391 1
9.15161 1
6.35105 1
6.00771 1
-3.77871 1
5.72116 1
3.9895 1
3.08883 1
10.4763 1
3.523 1
3.76147 1
6.71523 1
12.123 1
5.09449 1
5.17454 1
8.3675 1
3.7708 1
5.78948 1
1.88449 1
4.50998 1
10.7682 1
4.32789 1
7.72986 1
-0.444936 1
3.30246 1
2.45924 1
3.67218 1
5.08325 1
5.18241 1
8.09537 1
7.02425 1
7.77012 1
10.8973 1
8.70692 1
6.9622 1
1.36785 1
0.793874 1
7.6931 1
4.24921 1
-1.62143 1
8.07254 1
3.27691 1
7.8788 1
3.54751 1
-2.5762 1
1.74614 1
10.5438 1
5.79302 1
8.31081 1
14.7867 1
5.4817 1
14.6423 1
7.40906 1
1.25376 1
4.11513 1
6.97072 1
2.08106 1
3.95159 1
3.82142 1
-2.77334 1
3.42945 1
5.15 1
6.54549 1
1.03602 1
4.15978 1
5.47504 1
-0.333048 1
7.8892 1
4.84549 1
4.25323 1
5.3877 1
6.99166 1
14.4554 1
1.49996 1
11.7443 1
10.8251 1
3.87905 1
2.11851 1
8.14323 1
11.6366 1
2.53898 1
7.10907 1
9.66279 1
5.82748 1
10.916 1
2.10425 1
10.3905 1
-0.54654 1
-2.96775 1
9.08396 1
4.98742 1
2.8053 1
11.7272 1
0.365372 1
8.12012 1
6.53657 1
-4.0204 1
9.24666 1
8.86202 1
13.1128 1
6.18992 1
5.30216 1
8.18638 1
2.88401 1
5.97828 1
2.49601 1
9.21162 1
2.63406 1
4.43445 1
10.1133 1
12.8896 1
7.08325 1
4.57034 1
3.58777 1
6.07469 1
-3.59659 1
1.02969 1
2.64546 1
3.29889 1
4.64759 1
7.06377 1
3.93156 1
9.31935 1
3.64741 1
2.0439 1
5.51155 1
5.3231 1
8.16531 1
3.37087 1
3.20327 1
4.76663 1
2.51033 1
12.9976 1
7.63476 1
4.00783 1
14.2872 1
5.13525 1
5.65486 1
-0.873171 1
7.65119 1
5.21171 1
2.33086 1
5.57127 1
-0.604645 1
7.39634 1
5.12278 1
-2.11876 1
3.52813 1
6.67405 1
2.39871 1
-0.0263314 1
2.90491 1
2.04341 1
9.49937 1
3.36862 1
3.15138 1
8.02875 1
7.41822 1
3.18695 1
0.654985 1
8.30209 1
3.2688 1
-1.02652 1
10.4493 1
3.93708 1
10.1616 1
12.815 1
0.211604 1
9.3217 1
-2.58617 1
6.86166 1
5.84208 1
5.37335 1
5.2278 1
7.60742 1
1.56685 1
4.95735 1
12.6292 1
4.3516 1
8.17619 1
5.68681 1
3.79614 1
3.81465 1
3.42182 1
2.9198 1
3.6082 1
13.1473 1
3.78856 1
6.13672 1
8.5713 1
14.4681 1
8.30229 1
5.81629 1
7.96298 1
4.09536 1
4.37626 1
-0.681144 1
10.267 1
2.72297 1
5.39154 1
1.52857 1
8.47815 1
5.68697 1
7.15806 1
0.158751 1
0.637611 1
2.07262 1
6.40087 1
2.46955 1
2.12781 1
-1.28247 1
3.93953 1
9.48302 1
8.11223 1
3.04404 1
9.20729 1
4.17975 1
11.5182 1
7.436 1
6.36284 1
5.21655 1
5.90432 1
8.61695 1
5.97859 1
5.2719 1
8.31973 1
5.0193 1
3.51852 1
-1.04151 1
5.09153 1
4.62451 1
1.89865 1
-0.559171 1
-2.54221 1
5.29793 1
6.6861 1
1.56259 1
3.44244 1
0.146942 1
7.30357 1
3.9917 1
5.83254 1
4.73678 1
13.2593 1
5.31593 1
7.53392 1
4.39334 1
2.02288 1
7.13497 1
4.08501 1
4.79784 1
5.56724 1
12.4214 1
4.86407 1
3.39612 1
1.59183 1
5.14744 1
6.46873 1
9.67275 1
8.41298 1
9.44561 1
5.43411 1
8.81876 1
8.87176 1
4.51797 1
6.48453 1
9.16672 1
4.61499 1
7.57399 1
4.92391 1
3.88591 1
3.02595 1
-4.44887 1
-1.49266 1
3.61246 1
9.40473 1
-4.73209 1
6.23822 1
2.0788 1
5.92313 1
10.1834 1
5.1331 1
-3.89131 1
-3.75145 1
3.8425 1
9.56116 1
4.12389 1
2.36297 1
9.91547 1
4.07141 1
10.0044 1
5.17748 1
12.7012 1
1.22557 1
6.27046 1
5.62871 1
5.59269 1
7.35003 1
8.8397 1
2.73978 1
6.27356 1
2.82847 1
6.83064 1
1.44229 1
11.1898 1
4.1957 1
1.75483 1
-1.29946 1
1.98367 1
4.66296 1
6.10255 1
7.07604 1
-0.832365 1
9.81994 1
5.79205 1
1.28419 1
1.88153 1
5.05101 1
7.54998 1
5.94085 1
4.51086 1
11.4077 1
7.4173 1
-0.291584 1
11.1268 1
5.85061 1
4.71559 1
9.58508 1
8.76169 1
-2.47108 1
2.45482 1
5.90936 1
12.7421 1
3.62275 1
4.97006 1
12.8061 1
10.658 1
5.12401 1
2.23586 1
0.998598 1
3.89679 1
-0.496514 1
8.78444 1
5.61455 1
6.98988 1
8.72964 1
4.86792 1
0.656363 1
1.48253 1
0.287569 1
6.92339 1
6.70778 1
3.28401 1
3.77728 1
1.47826 1
6.84525 1
6.25782 1
5.7785 1
2.31251 1
9.87077 1
2.168 1
5.44805 1
3.12175 1
5.59452 1
5.59171 1
5.62318 1
6.9464 1
4.99118 1
3.33141 1
-0.0566972 1
7.12071 1
5.76219 1
5.77239 1
3.27511 1
7.30045 1
5.71481 1
-1.61652 1
4.57385 1
6.6488 1
5.88477 1
0.564814 1
10.8094 1
6.19554 1
4.32255 1
6.14513 1
6.10012 1
5.62875 1
3.50355 1
6.28346 1
0.798109 1
3.36922 1
6.76423 1
-3.21395 1
3.65823 1
4.53959 1
2.79361 1
7.48036 1
2.43789 1
3.29595 1
3.07679 1
0.836975 1
-4.7814 1
2.15972 1
4.35309 1
2.82444 1
6.05571 1
-0.495067 1
6.6392 1
6.21112 1
3.42868 1
6.49193 1
3.50367 1
4.34456 1
2.71903 1
-4.34315 1
5.18077 1
4.99678 1
5.65913 1
3.84579 1
5.20602 1
3.49213 1
1.72049 1
2.07826 1
5.38584 1
10.3516 1
1.31224 1
8.13367 1
-3.61464 1
1.04418 1
-2.08961 1
8.51323 1
5.13926 1
-0.281641 1
5.01528 1
2.40135 1
-1.07688 1
11.3668 1
1.80678 1
5.50183 1
10.6705 1
-1.32869 1
4.12234 1
-0.755446 1
5.21439 1
14.4235 1
3.58154 1
7.27457 1
4.62898 1
4.23513 1
5.02656 1
11.1191 1
4.49727 1
3.48539 1
-1.95025 1
-1.18966 1
4.93528 1
-1.35739 1
4.3214 1
2.78418 1
7.2602 1
7.51157 1
-0.361323 1
3.84218 1
-2.03695 1
4.783 1
5.2393 1
7.48534 1
7.03787 1
-0.845211 1
11.2866 1
4.39472 1
4.89911 1
6.89391 1
4.80599 1
2.25207 1
5.86059 1
-4.2101 1
5.64939 1
1.66141 1
10.5883 1
11.9216 1
14.7285 1
-2.56455 1
4.93871 1
5.72904 1
9.09036 1
7.1751 1
7.09911 1
3.06397 1
6.47757 1
1.35875 1
5.76123 1
6.62354 1
7.33172 1
6.00127 1
-0.627013 1
5.88745 1
-2.3265 1
7.7005 1
5.66227 1
5.00118 1
9.80249 1
8.12708 1
-2.60869 1
3.69557 1
10.7705 1
5.00613 1
6.77967 1
5.0112 1
-1.99216 1
6.44191 1
2.96349 1
7.16391 1
14.256 1
4.2559 1
-1.88482 1
12.7362 1
4.60882 1
13.0522 1
7.09116 1
6.33998 1
4.74367 1
0.195366 1
4.46863 1
14.5586 1
9.18429 1
5.96635 1
5.8299 1
2.04694 1
1.27546 1
3.75311 1
-1.97641 1
4.81229 1
5.99488 1
-1.3152 1
6.84635 1
-1.03698 1
5.5013 1
4.44699 1
4.6756 1
7.56004 1
10.2577 1
4.75093 1
5.92683 1
4.23578 1
2.24853 1
14.6462 1
4.32216 1
5.59539 1
9.97659 1
4.44585 1
12.2904 1
6.13506 1
7.27751 1
11.0856 1
10.6188 1
9.80394 1
4.80312 1
3.77648 1
3.08674 1
6.16642 1
7.95803 1
3.04234 1
7.10672 1
3.02303 1
5.61574 1
5.7948 1
7.68401 1
-0.921219 1
5.09069 1
4.72007 1
-2.0262 1
4.42571 1
7.63205 1
3.7669 1
5.07016 1
4.83499 1
6.48617 1
5.72186 1
2.51511 1
8.99771 1
0.722183 1
8.2552 1
0.267966 1
3.07912 1
1.10902 1
6.14627 1
4.91158 1
6.40071 1
4.03341 1
3.5616 1
6.8031 1
6.30863 1
9.78822 1
2.36972 1
2.72862 1
4.5084 1
2.55596 1
0.849546 1
-3.06827 1
8.81812 1
10.2166 1
4.80568 1
7.54312 1
4.02611 1
7.78681 1
-1.51492 1
-1.44258 1
5.81325 1
13.8158 1
7.09378 1
6.01047 1
1.58873 1
6.51829 1
6.95151 1
5.03654 1
10.257 1
4.59292 1
5.68301 1
3.93205 1
-2.61413 1
3.79285 1
11.4867 1
3.97534 1
4.78226 1
-0.208072 1
5.4312 1
-2.96989 1
6.4479 1
0.242497 1
11.4501 1
4.25072 1
6.47936 1
3.27005 1
4.47445 1
4.22692 1
5.29315 1
11.0098 1
11.6527 1
5.11604 1
2.21523 1
5.49019 1
2.63727 1
8.84724 1
6.99726 1
5.71539 1
3.30171 1
3.88005 1
0.174374 1
3.37177 1
2.46318 1
0.397714 1
9.19301 1
2.59089 1
2.26117 1
3.9986 1
2.97694 1
1.16014 1
4.86084 1
4.54213 1
2.93496 1
5.94173 1
6.34807 1
5.53607 1
-3.80395 1
4.04464 1
-3.87848 1
4.83608 1
4.27629 1
3.9909 1
5.4808 1
6.52137 1
7.34187 1
4.23959 1
8.57442 1
3.42129 1
-0.117439 1
6.66031 1
5.81709 1
-1.56823 1
6.87078 1
9.4077 1
0.286968 1
5.61908 1
4.39621 1
1.17875 1
10.1905 1
3.5061 1
6.26222 1
9.30298 1
9.41216 1
-0.893589 1
1.96834 1
0.433178 1
12.9985 1
-2.37011 1
1.72342 1
6.55821 1
4.98811 1
9.40784 1
-1.27571 1
13.2383 1
-2.63958 1
2.61002 1
4.6522 1
2.90946 1
5.27963 1
6.64 1
-2.06598 1
2.60518 1
5.89859 1
4.14336 1
12.4431 1
8.229 1
6.3271 1
13.2923 1
3.58254 1
6.46332 1
3.38563 1
3.94223 1
7.41929 1
5.70416 1
8.06075 1
4.86402 1
5.77933 1
2.82252 1
6.35483 1
-3.10781 1
5.4666 1
13.8455 1
8.79349 1
7.03498 1
6.11842 1
4.02017 1
2.44322 1
3.25924 1
1.51366 1
11.8476 1
3.98093 1
3.43934 1
3.39336 1
4.0986 1
4.01377 1
-0.453993 1
7.26805 1
0.151227 1
7.7099 1
3.05895 1
2.89176 1
6.79127 1
-0.588339 1
1.06784 1
11.1147 1
-4.34508 1
6.08545 1
6.49001 1
4.13257 1
1.44541 1
4.14972 1
-0.0679236 1
2.38439 1
7.64537 1
4.84375 1
2.98396 1
5.73619 1
12.5987 1
5.35528 1
2.77132 1
3.14892 1
2.95898 1
13.5501 1
1.07703 1
4.95192 1
4.19221 1
-2.34883 1
1.37562 1
-0.495503 1
3.80094 1
9.99031 1
3.09195 1
2.73645 1
5.96755 1
5.69468 1
2.69997 1
9.64609 1
3.10326 1
9.24442 1
4.05998 1
-0.982988 1
6.63571 1
3.54448 1
10.5671 1
7.56078 1
7.70572 1
7.08024 1
5.9624 1
10.3151 1
6.79257 1
3.80837 1
8.18147 1
6.19612 1
1.94253 1
-0.809205 1
9.31829 1
4.03197 1
5.5613 1
10.9624 1
8.24777 1
6.28666 1
6.90552 1
6.26602 1
5.11887 1
0.397527 1
5.78739 1
10.1994 1
1.75636 1
2.98458 1
14.2714 1
7.10658 1
2.70691 1
6.87099 1
3.10747 1
6.32328 1
5.85867 1
9.78343 1
6.55818 1
4.40415 1
4.77185 1
-0.790103 1
0.43382 1
6.00383 1
11.1602 1
-1.45266 1
4.16401 1
9.29196 1
8.28575 1
3.52288 1
11.0504 1
5.69766 1
3.93447 1
7.65744 1
5.95482 1
4.69269 1
4.63903 1
11.8317 1
3.07852 1
7.64579 1
5.94041 1
6.56987 1
7.09597 1
6.36938 1
4.67029 1
6.36409 1
5.38466 1
7.30844 1
2.71517 1
5.44148 1
-1.23462 1
14.1713 1
5.01144 1
3.43998 1
8.80115 1
3.07654 1
5.575 1
4.92171 1
3.24818 1
6.1648 1
1.13481 1
7.55308 1
2.52353 1
-1.28987 1
8.5787 1
10.1175 1
4.90896 1
4.66518 1
11.1148 1
2.01311 1
7.34469 1
7.96075 1
3.7883 1
7.63353 1
12.1105 1
8.71989 1
4.12494 1
3.87108 1
-0.650832 1
-3.76605 1
12.6835 1
-4.52724 1
1.83903 1
2.59149 1
7.35264 1
12.2326 1
2.47527 1
6.04718 1
3.51153 1
5.26556 1
1.79382 1
4.81376 1
0.738033 1
3.92173 1
4.50783 1
3.16859 1
8.03945 1
12.404 1
4.55798 1
4.01263 1
8.81559 1
6.00779 1
8.75597 1
4.83235 1
1.95718 1
8.86261 1
3.06992 1
7.68806 1
8.59084 1
-1.67673 1
7.50773 1
4.36961 1
6.98425 1
0.767278 1
6.2903 1
3.00256 1
-4.11637 1
0.482634 1
-1.96655 1
4.27089 1
1.88115 1
6.89202 1
3.81253 1
3.16794 1
8.71951 1
2.7249 1
4.71882 1
5.78575 1
2.14023 1
6.92769 1
-2.37202 1
-3.15095 1
11.8224 1
8.97901 1
5.66454 1
5.39464 1
2.61676 1
3.73691 1
4.38702 1
5.70958 1
5.53639 1
6.0165 1
8.60012 1
4.94242 1
6.33648 1
11.9632 1
4.66301 1
4.82442 1
5.03278 1
2.38379 1
4.7579 1
3.7804 1
7.96964 1
4.6698 1
0.872686 1
2.19324 1
1.06233 1
4.58048 1
6.03519 1
2.49827 1
4.2885 1
5.01034 1
14.6587 1
1.80608 1
6.75617 1
3.53424 1
9.27843 1
11.6582 1
2.00831 1
-0.0985425 1
2.64078 1
11.856 1
3.13724 1
6.57477 1
9.97596 1
5.92955 1
-1.13971 1
2.87477 1
2.10922 1
10.0812 1
1.3458 1
3.99972 1
4.464 1
7.71367 1
4.76699 1
4.95208 1
5.57327 1
7.954 1
13.1252 1
-0.98 1
-1.81303 1
5.16798 1
8.66088 1
7.62679 1
6.75805 1
6.21459 1
0.0332798 1
14.2102 1
2.9412 1
4.78942 1
4.57727 1
-1.84769 1
2.57187 1
1.03292 1
-0.470056 1
4.42749 1
-2.52776 1
7.25405 1
6.1215 1
6.91998 1
0.496173 1
3.68624 1
1.4261 1
6.47963 1
7.77655 1
11.0229 1
11.8745 1
3.23547 1
6.08516 1
10.1795 1
-3.47071 1
3.55126 1
6.85121 1
5.11452 1
4.71037 1
8.36354 1
4.06103 1
3.78767 1
5.46011 1
-2.06723 1
3.7815 1
8.19683 1
10.9231 1
8.33562 1
1.94448 1
13.4233 1
5.30385 1
4.63953 1
-1.73255 1
6.08373 1
3.29611 1
5.11184 1
8.99794 1
2.25171 1
7.06529 1
6.34132 1
6.23924 1
4.56839 1
5.69882 1
0.84504 1
7.22883 1
5.97097 1
6.42515 1
5.73605 1
8.7632 1
4.33752 1
3.81949 1
-1.69733 1
13.8396 1
4.39956 1
0.313934 1
6.99409 1
4.39208 1
4.4009 1
5.14764 1
7.58112 1
7.01491 1
12.8175 1
-1.07357 1
6.69406 1
6.30105 1
5.37576 1
2.20264 1
6.17124 1
4.43147 1
3.84106 1
7.52197 1
5.08579 1
7.84794 1
7.85359 1
3.05116 1
-1.4261 1
5.20017 1
7.18043 1
0.703915 1
4.20353 1
4.33215 1
7.838 1
8.41469 1
7.76072 1
12.513 1
5.70586 1
6.38359 1
-1.9244 1
2.56178 1
5.77618 1
6.1832 1
4.09617 1
11.2753 1
5.23647 1
5.24226 1
8.91887 1
4.73473 1
5.77167 1
2.69288 1
5.10728 1
8.56803 1
0.801003 1
3.87955 1
6.07803 1
3.8821 1
5.42567 1
5.71173 1
-1.89359 1
1.11613 1
3.92683 1
4.3036 1
11.0365 1
5.40181 1
3.09627 1
4.11795 1
5.23465 1
6.95704 1
6.43983 1
4.42105 1
4.19063 1
5.23552 1
3.20684 1
8.64367 1
2.94886 1
2.20651 1
-2.41808 1
6.0212 1
2.35929 1
3.75653 1
3.88677 1
3.18344 1
4.32869 1
6.27767 1
3.19851 1
2.31328 1
9.04728 1
0.993894 1
4.55349 1
-3.48613 1
7.06234 1
4.23256 1
4.26515 1
4.75816 1
3.76679 1
4.24193 1
5.3846 1
9.12701 1
4.59848 1
0.91081 1
7.39623 1
2.34273 1
2.69601 1
6.43488 1
2.62256 1
6.00278 1
10.1139 1
3.2234 1
6.13955 1
3.41798 1
-3.87381 1
3.44226 1
-0.878545 1
3.18586 1
4.23079 1
9.81817 1
-4.60463 1
-2.08993 1
6.07598 1
6.96618 1
10.4868 1
5.2855 1
4.32106 1
4.32895 1
6.59711 1
2.86632 1
10.2181 1
1.48641 1
-0.365361 1
2.69961 1
8.58788 1
8.71333 1
6.36598 1
-0.325739 1
4.45229 1
6.74057 1
3.62901 1
-0.531968 1
6.3146 1
-2.98663 1
7.07734 1
7.47694 1
7.23316 1
4.947 1
7.16677 1
11.2434 1
2.86757 1
7.3943 1
7.82351 1
-3.74824 1
5.34471 1
6.86674 1
7.32611 1
3.48645 1
5.34031 1
6.34395 1
9.16873 1
4.47843 1
14.682 1
6.30588 1
3.68089 1
4.30896 1
4.14335 1
-0.521645 1
6.84486 1
4.62087 1
3.95193 1
3.40563 1
5.00692 1
6.03426 1
11.1811 1
3.53575 1
5.37416 1
4.91571 1
5.3957 1
-0.342892 1
8.00928 1
4.05643 1
6.74924 1
7.16533 1
6.04199 1
3.82745 1
5.58886 1
5.45947 1
2.71594 1
-1.61825 1
5.37324 1
3.12839 1
-1.60126 1
9.89706 1
3.92164 1
10.908 1
4.26074 1
3.91708 1
3.21165 1
6.05518 1
10.728 1
6.1891 1
3.78239 1
12.0979 1
10.8769 1
10.2529 1
4.68502 1
5.53628 1
4.51524 1
6.33056 1
8.26006 1
5.52341 1
2.63956 1
13.5074 1
-1.06799 1
5.526 1
6.57791 1
5.9471 1
4.25948 1
4.22003 1
4.3436 1
4.62433 1
-4.3966 1
4.62353 1
3.23743 1
8.15103 1
3.49247 1
7.70937 1
4.81244 1
3.51103 1
3.10559 1
7.64416 1
3.5905 1
3.37996 1
0.698743 1
5.69867 1
4.59355 1
5.47246 1
1.73871 1
7.77545 1
6.21621 1
12.3354 1
5.39581 1
7.74163 1
0.929857 1
4.56479 1
3.36151 1
4.54345 1
0.687995 1
6.23281 1
5.69189 1
9.37768 1
-0.00820891 1
3.35261 1
2.35597 1
3.07799 1
5.62676 1
5.97988 1
1.04576 1
7.99318 1
0.588913 1
6.76497 1
6.55706 1
4.85915 1
5.1696 1
5.61272 1
10.2292 1
9.97479 1
-0.89878 1
3.33374 1
12.6652 1
5.16428 1
6.84826 1
4.40969 1
5.87788 1
6.38922 1
8.89782 1
-4.34133 1
8.81776 1
4.76015 1
5.7614 1
6.10539 1
2.18695 1
13.4802 1
4.4652 1
9.77715 1
1.23351 1
6.83188 1
7.69521 1
-2.38197 1
6.42523 1
6.17223 1
8.39686 1
-2.53325 1
10.9491 1
3.34195 1
5.0968 1
3.68039 1
10.8283 1
2.94711 1
5.42954 1
2.53093 1
3.98597 1
10.3366 1
-1.90827 1
8.0251 1
1.03359 1
9.26786 1
3.64417 1
6.66058 1
6.74079 1
8.1483 1
9.96632 1
5.15281 1
5.69995 1
2.52307 1
3.9955 1
3.81083 1
6.70687 1
5.70553 1
4.45816 1
4.22298 1
10.145 1
8.24747 1
4.01059 1
4.82685 1
10.0226 1
2.04849 1
7.69015 1
7.08663 1
3.90508 1
5.655 1
4.05525 1
5.90137 1
3.7359 1
-3.10384 1
2.62238 1
4.29391 1
5.17239 1
8.56784 1
5.6815 1
3.7314 1
7.75724 1
4.71951 1
4.06755 1
6.62683 1
2.57207 1
4.98077 1
14.655 1
0.133712 1
-1.35339 1
6.447 1
-0.253932 1
9.40861 1
7.5886 1
4.07595 1
6.51723 1
0.0319239 1
7.48709 1
11.7316 1
4.68225 1
6.64256 1
7.95594 1
13.0053 1
8.28945 1
6.17639 1
5.48897 1
4.18029 1
8.54762 1
5.16118 1
11.0468 1
0.743121 1
5.18987 1
4.1892 1
4.6644 1
6.26247 1
6.14439 1
4.95296 1
0.132496 1
4.9333 1
5.855 1
-3.08356 1
4.71849 1
4.90607 1
5.69989 1
3.82566 1
3.85805 1
9.9331 1
4.85178 1
6.0354 1
7.30772 1
2.14979 1
4.33079 1
2.69718 1
-4.71413 1
5.58693 1
-1.71963 1
7.74832 1
9.59898 1
4.78995 1
5.04949 1
6.37027 1
1.65472 1
6.75349 1
3.8843 1
3.93111 1
7.50276 1
9.48132 1
-0.0524882 1
6.84704 1
1.34531 1
0.688407 1
5.49483 1
0.654191 1
8.29172 1
1.09128 1
11.5727 1
4.5403 1
4.18525 1
11.0887 1
1.98763 1
1.54333 1
2.73672 1
4.97017 1
5.33322 1
11.1694 1
1.68335 1
6.6106 1
6.65442 1
5.84131 1
4.56623 1
0.87483 1
5.02448 1
7.59065 1
4.58496 1
4.02666 1
6.82268 1
5.05875 1
3.59277 1
7.29781 1
7.88839 1
9.49956 1
4.15039 1
2.05025 1
5.64408 1
3.72595 1
6.05637 1
4.60439 1
6.14177 1
5.92674 1
6.37974 1
3.50609 1
3.32155 1
-1.24575 1
-0.424959 1
0.507672 1
11.8649 1
3.55847 1
3.74802 1
7.96476 1
-2.25672 1
4.69282 1
12.6084 1
2.47884 1
3.26141 1
3.52819 1
3.76732 1
3.65628 1
6.88512 1
3.05419 1
3.31645 1
3.43806 1
2.27284 1
1.60299 1
9.25438 1
4.19411 1
10.9261 1
9.02129 1
7.79208 1
10.649 1
9.04499 1
6.59694 1
1.77847 1
5.22524 1
7.44101 1
6.81389 1
6.18684 1
0.0962689 1
6.93048 1
1.43343 1
6.25886 1
4.30854 1
2.37162 1
-4.10831 1
12.12 1
11.5976 1
3.83637 1
3.08126 1
5.05061 1
1.83128 1
2.78842 1
4.04925 1
1.90913 1
2.05909 1
3.61052 1
5.5754 1
2.54615 1
5.08315 1
5.97761 1
4.87318 1
8.3089 1
-1.94898 1
1.51152 1
5.04871 1
0.0599934 1
8.08048 1
11.4692 1
7.88758 1
6.21002 1
2.80108 1
5.74953 1
0.845949 1
-2.77139 1
7.9121 1
5.36865 1
7.37852 1
5.93995 1
8.63024 1
7.1619 1
4.27154 1
1.7885 1
10.6259 1
2.43599 1
3.27855 1
6.09464 1
3.91474 1
6.61649 1
10.1386 1
9.6439 1
-1.38694 1
3.07804 1
5.71293 1
3.88924 1
3.0757 1
3.75298 1
9.09194 1
4.46557 1
5.26553 1
6.38903 1
2.94217 1
5.86732 1
2.30504 1
3.49746 1
5.42854 1
10.9245 1
5.99075 1
5.49505 1
4.15854 1
4.75183 1
7.80174 1
1.90226 1
3.82562 1
0.753813 1
8.26179 1
6.47156 1
-2.0877 1
-3.50812 1
6.68307 1
5.77817 1
-0.344594 1
8.4431 1
5.7354 1
2.01753 1
3.48137 1
3.17406 1
4.42587 1
4.71769 1
6.47352 1
7.10422 1
0.496126 1
4.99982 1
6.88498 1
4.77292 1
6.22087 1
9.65085 1
3.55566 1
1.32545 1
2.53904 1
11.0235 1
5.11993 1
3.63538 1
6.29643 1
5.60569 1
9.05516 1
4.18743 1
10.8965 1
4.62563 1
9.8752 1
4.78769 1
2.74907 1
9.14361 1
8.00167 1
10.016 1
8.67393 1
7.79503 1
4.5594 1
3.18058 1
8.1633 1
-3.45121 1
3.06158 1
10.2365 1
7.79137 1
3.03291 1
3.70391 1
12.2206 1
5.97188 1
2.12745 1
4.98966 1
7.54535 1
3.42859 1
6.64567 1
4.18041 1
8.72269 1
6.96005 1
5.83598 1
7.28233 1
3.23081 1
6.89097 1
5.12581 1
6.01069 1
5.97107 1
3.76643 1
-0.601592 1
5.5004 1
5.70296 1
0.605432 1
1.95229 1
10.3226 1
6.82178 1
10.3014 1
-1.28626 1
11.2945 1
7.67522 1
7.68173 1
3.78562 1
-1.97388 1
3.59076 1
7.38623 1
8.71616 1
3.1504 1
3.83987 1
3.71694 1
8.44552 1
2.49021 1
2.16189 1
6.17738 1
4.18143 1
7.50083 1
4.40306 1
3.3826 1
3.5066 1
4.82017 1
1.90181 1
3.24663 1
5.69321 1
7.46868 1
5.01467 1
5.64758 1
8.19268 1
6.12038 1
7.4521 1
7.00391 1
6.40813 1
8.91472 1
8.74125 1
3.97951 1
6.73269 1
4.50665 1
8.32799 1
3.65898 1
0.367878 1
10.7607 1
3.76176 1
6.88208 1
4.35596 1
-1.56657 1
4.93725 1
6.40377 1
10.5232 1
5.68085 1
6.18952 1
6.75061 1
7.61547 1
9.67201 1
4.34184 1
4.80337 1
6.04024 1
6.82071 1
3.05648 1
-3.66626 1
6.79326 1
7.34952 1
-0.14085 1
2.14345 1
4.51486 1
3.98619 1
3.31788 1
4.98681 1
6.11392 1
2.28082 1
7.98411 1
4.37152 1
0.441893 1
-3.05343 1
5.28016 1
8.59172 1
3.95778 1
3.44511 1
5.94129 1
9.91373 1
2.77557 1
5.7267 1
2.83674 1
8.82177 1
1.78584 1
12.0238 1
2.98899 1
6.36813 1
1.84612 1
4.2553 1
9.50145 1
4.84272 1
5.35936 1
3.03991 1
4.41049 1
-4.23513 1
6.52266 1
7.26917 1
6.70229 1
9.13908 1
4.63261 1
5.03776 1
5.75928 1
6.71338 1
8.16158 1
12.1242 1
4.63146 1
5.88431 1
6.89594 1
3.34347 1
7.17231 1
4.35824 1
4.81687 1
4.46237 1
7.45098 1
5.82421 1
1.82818 1
0.406883 1
6.61475 1
5.44931 1
3.69475 1
1.40871 1
14.4609 1
7.72845 1
11.0921 1
9.22237 1
6.32467 1
8.22213 1
2.66523 1
7.74337 1
8.58323 1
4.3362 1
6.48948 1
4.27484 1
3.69078 1
8.71342 1
-2.41812 1
4.33002 1
10.8354 1
2.01889 1
1.85187 1
0.883123 1
10.7865 1
5.70314 1
7.81864 1
5.02459 1
-0.871196 1
4.28312 1
13.6911 1
8.05302 1
10.16 1
2.70132 1
9.02703 1
5.03285 1
4.25418 1
5.19909 1
6.01025 1
5.40652 1
5.62231 1
8.37971 1
4.33739 1
5.26008 1
2.82114 1
6.09319 1
5.45786 1
7.21593 1
3.35439 1
8.27936 1
4.73356 1
3.881 1
5.84775 1
2.18648 1
3.02074 1
3.96194 1
6.42984 1
0.951669 1
6.27604 1
10.9612 1
9.16101 1
14.5314 1
4.86631 1
7.22385 1
7.68424 1
5.85179 1
5.44175 1
12.3622 1
5.17164 1
-2.39699 1
10.6429 1
-1.85229 1
-0.289677 1
14.4889 1
6.48027 1
2.50626 1
2.71687 1
5.12889 1
10.998 1
7.18906 1
5.0572 1
9.62656 1
-0.448586 1
13.6265 1
5.43484 1
-0.30833 1
4.93407 1
2.81564 1
4.47353 1
11.6417 1
7.33431 1
7.70572 1
3.97411 1
11.8933 1
4.61693 1
7.29723 1
5.86923 1
5.79047 1
1.56844 1
2.28186 1
3.99824 1
5.2936 1
6.30201 1
8.36124 1
5.71516 1
9.97209 1
6.91474 1
11.0403 1
3.32347 1
4.83801 1
4.11434 1
-1.8528 1
2.08351 1
2.61211 1
4.1311 1
9.7797 1
-0.861212 1
3.60961 1
5.4415 1
-2.94976 1
5.68663 1
5.43916 1
4.19877 1
0.420497 1
4.07797 1
6.2696 1
2.90896 1
3.00242 1
5.49951 1
9.37518 1
4.54685 1
13.6377 1
3.20934 1
2.8697 1
4.27519 1
8.49618 1
11.6157 1
-0.602717 1
0.826325 1
1.06881 1
2.23112 1
7.38848 1
3.34497 1
3.7561 1
8.7054 1
3.44309 1
5.58013 1
6.84684 1
3.31919 1
5.1263 1
8.09084 1
6.23437 1
10.2683 1
7.50479 1
-3.69701 1
1.49653 1
8.05103 1
8.58689 1
6.5705 1
1.75579 1
2.99254 1
0.849217 1
5.42583 1
7.54425 1
6.41794 1
6.64973 1
1.80043 1
6.57852 1
12.9344 1
6.61935 1
6.1434 1
6.85538 1
13.2892 1
0.586366 1
9.14182 1
5.75313 1
1.7833 1
7.33765 1
9.22594 1
9.56591 1
5.7522 1
4.33168 1
7.2422 1
4.71289 1
-0.0487001 1
7.96866 1
-2.51905 1
4.67988 1
3.94616 1
5.42401 1
8.9908 1
11.1959 1
5.70077 1
3.83366 1
2.87509 1
6.30728 1
4.52972 1
3.95979 1
5.05197 1
-0.0955349 1
2.25241 1
5.07358 1
6.77146 1
4.79245 1
4.39677 1
4.45882 1
6.43113 1
5.31483 1
3.91436 1
-0.462947 1
4.77414 1
5.6274 1
-3.46101 1
6.75408 1
4.6033 1
11.477 1
-1.54589 1
1.64256 1
11.5423 1
11.5327 1
1.55993 1
6.62745 1
6.90947 1
2.69617 1
6.28344 1
9.77118 1
4.72605 1
10.6233 1
5.09129 1
8.39077 1
5.4207 1
0.680658 1
9.67944 1
-2.05221 1
0.0444163 1
4.88753 1
3.16193 1
2.30963 1
1.94869 1
12.5095 1
1.8754 1
4.75828 1
6.00624 1
1.81242 1
12.5686 1
4.36349 1
12.4842 1
7.54458 1
4.76295 1
-0.466078 1
2.01265 1
7.37629 1
5.09888 1
10.1431 1
5.30025 1
5.25635 1
0.968814 1
2.45249 1
3.17078 1
4.88847 1
-1.23356 1
2.95509 1
8.45424 1
6.4855 1
3.86896 1
8.35667 1
4.47504 1
5.17483 1
2.17914 1
4.13734 1
5.12359 1
4.1276 1
9.07646 1
6.8255 1
9.75649 1
8.21623 1
2.44825 1
7.62404 1
9.60753 1
2.60212 1
5.73699 1
4.5218 1
9.53446 1
4.72978 1
3.64952 1
6.87197 1
1.63015 1
1.29901 1
4.09386 1
4.7368 1
10.5931 1
6.36101 1
3.25583 1
6.91363 1
7.61685 1
6.62263 1
7.24438 1
6.18768 1
3.71226 1
11.2911 1
3.6991 1
5.95194 1
8.51347 1
3.99 1
9.38467 1
0.334864 1
8.61367 1
4.56935 1
4.29507 1
2.02074 1
3.94055 1
5.85903 1
13.9443 1
9.87494 1
3.74007 1
0.338445 1
1.92564 1
2.97207 1
1.03853 1
2.00452 1
4.56086 1
4.45299 1
10.6995 1
7.54403 1
6.78985 1
5.29773 1
7.98593 1
6.38462 1
5.19329 1
3.55537 1
4.09245 1
8.9319 1
11.124 1
6.8233 1
2.99399 1
5.63645 1
8.16934 1
2.88743 1
4.76353 1
5.0078 1
3.82688 1
5.01174 1
5.01997 1
5.05332 1
4.22929 1
8.46517 1
-0.651342 1
9.14764 1
7.71984 1
5.48679 1
8.43673 1
6.47261 1
11.303 1
9.05871 1
8.51827 1
8.86774 1
0.852575 1
10.5866 1
5.14897 1
-4.71626 1
5.30799 1
-0.0954613 1
4.65764 1
4.94399 1
4.03444 1
-2.54474 1
13.7383 1
4.59623 1
2.98907 1
5.17281 1
1.06997 1
2.4331 1
8.0487 1
6.30008 1
10.1118 1
-0.108991 1
4.08157 1
5.68905 1
12.6638 1
5.51847 1
13.2672 1
3.79248 1
6.75694 1
3.08602 1
4.06956 1
6.79781 1
3.37866 1
4.18128 1
4.10703 1
4.65858 1
7.2107 1
2.42128 1
13.0403 1
-4.49028 1
7.881 1
9.37195 1
5.6369 1
-0.529973 1
4.35008 1
2.57861 1
7.25327 1
0.972021 1
6.74676 1
4.42063 1
4.15608 1
9.04549 1
5.35253 1
5.90708 1
2.03351 1
3.58763 1
12.3992 1
11.0349 1
8.34897 1
1.40888 1
6.72406 1
4.76539 1
1.00619 1
6.46145 1
4.24846 1
2.42897 1
10.4989 1
7.96334 1
12.0557 1
5.5601 1
4.39827 1
3.37219 1
10.8875 1
8.0495 1
2.90634 1
4.32236 1
7.19495 1
6.02663 1
3.75905 1
4.02003 1
3.12166 1
4.2757 1
3.55044 1
6.04585 1
4.95629 1
5.01111 1
4.59326 1
4.51963 1
5.08053 1
7.82177 1
10.3801 1
11.49 1
7.08227 1
3.42938 1
6.70843 1
4.9946 1
9.93326 1
6.63411 1
8.74418 1
2.09416 1
-1.04877 1
11.7057 1
3.90423 1
5.59903 1
1.01635 1
4.66159 1
2.1095 1
0.407949 1
7.99501 1
0.754258 1
-1.05646 1
-1.21051 1
5.07879 1
4.10551 1
2.69357 1
6.80959 1
6.98182 1
3.42127 1
3.43802 1
4.5897 1
7.49203 1
3.23669 1
11.8134 1
2.83592 1
2.08544 1
1.14819 1
-0.529721 1
3.16174 1
6.01013 1
-3.09218 1
4.32731 1
9.93104 1
4.2011 1
4.48887 1
-1.44946 1
3.40592 1
5.51399 1
7.22876 1
2.17386 1
1.51664 1
5.17461 1
12.0754 1
0.148935 1
3.02706 1
5.39564 1
4.84237 1
2.59006 1
5.86511 1
4.89059 1
5.19934 1
4.93423 1
13.0651 1
0.412906 1
9.3366 1
6.33806 1
5.31086 1
8.92822 1
6.96024 1
0.343923 1
4.88704 1
1.24275 1
3.77407 1
0.643809 1
9.06709 1
10.3912 1
0.216793 1
5.34713 1
-1.79498 1
3.50609 1
-0.823102 1
8.9481 1
0.0980246 1
2.09066 1
4.91279 1
7.9058 1
4.25891 1
5.58644 1
3.85718 1
5.23089 1
6.6435 1
4.37607 1
7.27346 1
5.70219 1
2.63758 1
5.68372 1
5.76053 1
1.57536 1
4.47173 1
6.41021 1
12.1913 1
2.70665 1
2.5677 1
5.19965 1
4.47751 1
6.49874 1
7.22777 1
2.96762 1
4.27933 1
7.02243 1
3.99695 1
7.9444 1
6.41397 1
4.23988 1
4.96779 1
6.60502 1
0.975649 1
1.84677 1
4.52046 1
5.96222 1
1.96007 1
6.95787 1
6.06226 1
0.62569 1
6.04831 1
3.23603 1
10.4368 1
5.85535 1
10.3142 1
2.21489 1
1.8357 1
5.69662 1
5.92463 1
3.09825 1
3.98067 1
-0.731559 1
2.24695 1
6.47588 1
2.69682 1
6.79333 1
8.78376 1
5.70141 1
2.70027 1
1.69294 1
8.37679 1
5.11941 1
14.3009 1
4.11061 1
7.24887 1
-3.98727 1
4.66516 1
3.73654 1
12.6749 1
9.06071 1
9.94689 1
3.81664 1
3.0702 1
5.40849 1
7.25223 1
4.506 1
9.0845 1
2.63511 1
9.72827 1
5.20468 1
1.87623 1
8.78733 1
3.66719 1
2.6842 1
0.0363418 1
3.18665 1
4.81117 1
-1.05415 1
0.274444 1
3.44268 1
6.91847 1
-4.53173 1
7.13188 1
5.24562 1
3.43693 1
-1.60285 1
0.838061 1
-0.867325 1
8.53046 1
3.8977 1
6.16323 1
7.36836 1
0.188364 1
6.78328 1
10.6642 1
4.30587 1
3.61053 1
5.37284 1
6.50379 1
4.69293 1
5.23682 1
6.4284 1
4.46367 1
4.24758 1
3.2378 1
2.41489 1
2.34683 1
9.0637 1
-0.63875 1
7.53408 1
5.26569 1
8.9517 1
6.74467 1
3.49508 1
4.0743 1
7.24392 1
1.40202 1
4.60498 1
8.48715 1
6.55682 1
6.46974 1
1.40192 1
2.92303 1
8.95694 1
6.30073 1
-2.90367 1
0.796452 1
0.155016 1
6.84217 1
8.90467 1
9.04889 1
9.24212 1
5.97196 1
4.09377 1
5.73393 1
6.62533 1
-3.20691 1
5.13167 1
4.13847 1
7.66767 1
6.86073 1
8.67903 1
5.58625 1
3.12047 1
3.01922 1
6.12462 1
5.44489 1
4.35579 1
8.11706 1
5.14916 1
2.31371 1
0.204895 1
11.7797 1
5.63135 1
1.87184 1
1.6063 1
9.6936 1
0.489203 1
13.447 1
3.83689 1
10.6175 1
6.46791 1
5.11836 1
3.01866 1
12.2986 1
4.66333 1
4.40762 1
8.72947 1
6.79799 1
1.74515 1
0.490885 1
3.61589 1
-0.11607 1
10.557 1
6.39229 1
3.00556 1
4.31565 1
4.23636 1
-0.543708 1
4.28006 1
4.08499 1
2.42794 1
7.16811 1
7.78917 1
13.0743 1
5.73454 1
-3.71743 1
2.96775 1
3.08606 1
14.1401 1
2.41736 1
4.80185 1
9.77667 1
5.57551 1
5.31094 1
2.66301 1
6.39289 1
6.40194 1
7.55665 1
8.33765 1
3.26945 1
7.05758 1
6.62951 1
3.35307 1
1.95517 1
3.67972 1
10.5421 1
4.17089 1
5.37685 1
5.19595 1
8.04773 1
3.14238 1
3.4611 1
-2.49548 1
-2.41527 1
8.93725 1
6.15964 1
11.4002 1
5.95934 1
2.79241 1
3.50954 1
10.3916 1
2.93157 1
6.34911 1
8.27502 1
4.35739 1
0.0616186 1
2.31141 1
5.85541 1
6.43941 1
-4.68529 1
-0.146834 1
-3.87375 1
13.2986 1
1.34313 1
6.2456 1
-4.15735 1
9.17922 1
4.70348 1
7.11759 1
9.69416 1
5.67906 1
7.44292 1
6.00932 1
1.15582 1
6.28831 1
-0.186244 1
3.4261 1
5.6554 1
8.11726 1
5.66225 1
12.5437 1
2.77203 1
6.02067 1
4.11699 1
5.14624 1
7.02163 1
-0.0710785 1
7.74262 1
5.66665 1
3.45352 1
6.34067 1
2.14476 1
2.91282 1
6.97521 1
4.7379 1
1.54169 1
2.44577 1
5.89046 1
5.57874 1
8.2804 1
5.3415 1
10.0943 1
14.0833 1
2.55645 1
5.19155 1
3.87065 1
8.86296 1
2.62945 1
5.2851 1
3.59772 1
2.86817 1
-0.603715 1
-0.167149 1
2.74742 1
6.08257 1
6.67826 1
1.23115 1
4.16669 1
5.82886 1
9.14941 1
3.9276 1
5.4045 1
13.8345 1
12.4172 1
7.13595 1
4.67427 1
11.5381 1
6.09633 1
4.64573 1
5.02969 1
9.23782 1
7.73061 1
1.83975 1
-0.609588 1
1.10676 1
10.4538 1
10.7261 1
6.83767 1
7.15242 1
8.6253 1
7.18273 1
4.25756 1
6.90802 1
4.50631 1
5.68567 1
10.0609 1
7.91757 1
1.21681 1
4.52302 1
1.3454 1
4.2863 1
6.05935 1
6.77884 1
5.55857 1
0.0949307 1
5.00792 1
1.16901 1
-2.61137 1
13.1315 1
6.45555 1
2.41321 1
7.97167 1
4.39245 1
2.92701 1
4.19808 1
0.790025 1
8.24044 1
11.5577 1
7.44625 1
1.94379 1
3.83575 1
4.90721 1
2.66547 1
3.32044 1
7.62908 1
5.6459 1
3.77972 1
5.06485 1
5.94736 1
6.30183 1
4.72617 1
9.44533 1
4.63594 1
2.75489 1
8.70761 1
3.39311 1
5.93572 1
4.18211 1
2.83393 1
9.67093 1
5.08029 1
3.05905 1
3.36252 1
4.61481 1
7.14194 1
-0.49411 1
6.6439 1
3.06539 1
2.45563 1
7.21588 1
5.09662 1
4.58467 1
5.43343 1
3.45794 1
9.65281 1
4.98897 1
4.53956 1
6.80958 1
5.19966 1
6.31379 1
5.9604 1
-0.247672 1
4.71998 1
-0.003235 1
9.89447 1
7.47831 1
7.00201 1
8.75099 1
1.04838 1
11.865 1
14.4136 1
-1.60324 1
4.49759 1
4.27004 1
4.17819 1
3.43962 1
6.98411 1
-2.94631 1
4.88036 1
8.01793 1
4.54701 1
4.70307 1
5.70141 1
3.52188 1
5.15455 1
4.59338 1
7.0299 1
1.0988 1
5.4701 1
4.11588 1
-3.52712 1
5.12604 1
2.65682 1
2.06879 1
6.36509 1
3.38824 1
3.86093 1
5.50828 1
13.7851 1
-1.35782 1
8.76567 1
-1.19521 1
5.0797 1
3.36829 1
2.40578 1
10.5962 1
4.89279 1
4.39656 1
5.81995 1
1.52531 1
6.19064 1
5.50273 1
2.23685 1
3.70332 1
3.63588 1
6.6017 1
4.28291 1
7.92741 1
6.00809 1
14.6417 1
6.25624 1
5.73014 1
6.09068 1
1.29236 1
7.26533 1
3.09689 1
4.66702 1
6.86933 1
7.57 1
-0.466078 1
7.07495 1
3.66269 1
10.1268 1
4.73251 1
9.75798 1
7.00102 1
7.43985 1
9.82058 1
3.84212 1
8.07867 1
3.41289 1
4.21887 1
0.987122 1
11.3504 1
5.65779 1
4.13918 1
4.44598 1
3.46812 1
8.27538 1
-1.91854 1
-0.476687 1
-2.28254 1
4.44531 1
2.10706 1
4.76001 1
3.49505 1
0.926849 1
9.3795 1
2.62613 1
0.961173 1
9.06199 1
6.81695 1
5.20961 1
6.25484 1
6.66186 1
2.27922 1
6.42734 1
3.25575 1
7.96092 1
6.22809 1
11.0755 1
-1.03086 1
5.84243 1
6.33193 1
3.46552 1
5.37831 1
8.44431 1
13.9414 1
7.88799 1
5.79231 1
2.82595 1
8.43945 1
8.62607 1
-0.273337 1
8.25997 1
-2.12914 1
-1.09646 1
5.39944 1
13.9282 1
2.87007 1
7.43042 1
8.23483 1
5.80063 1
2.99347 1
3.1378 1
12.7888 1
4.67113 1
5.58818 1
3.1904 1
5.25122 1
5.5482 1
11.8915 1
3.16183 1
7.20099 1
-1.1169 1
9.10191 1
4.48863 1
7.1949 1
5.21231 1
3.47743 1
7.28279 1
6.44185 1
0.966749 1
3.3416 1
4.90051 1
6.53363 1
6.55614 1
2.5118 1
1.74903 1
-0.711453 1
9.66878 1
10.0557 1
7.70769 1
1.99538 1
7.7135 1
4.12525 1
3.12606 1
6.20505 1
13.8784 1
1.63643 1
6.36649 1
2.37295 1
4.06421 1
3.78994 1
4.15387 1
6.82601 1
5.87193 1
4.03681 1
12.7266 1
4.59081 1
5.14713 1
5.75526 1
-0.986348 1
7.1966 1
-4.5097 1
8.12152 1
0.907478 1
7.1051 1
0.349359 1
8.73082 1
1.40977 1
7.63965 1
2.11828 1
0.184294 1
7.86679 1
-4.53923 1
7.46347 1
-3.25518 1
5.66699 1
5.76452 1
5.37005 1
1.78142 1
5.72164 1
0.811473 1
8.5928 1
3.07892 1
3.19391 1
-2.57267 1
14.352 1
4.98699 1
6.43429 1
5.51334 1
8.61169 1
4.159 1
3.55101 1
3.61337 1
-1.9794 1
4.13636 1
7.70996 1
0.873705 1
3.4164 1
4.11711 1
3.835 1
11.7174 1
5.7705 1
7.897 1
3.55067 1
5.50394 1
11.7161 1
3.80596 1
4.99123 1
4.73246 1
5.38257 1
9.47775 1
5.18281 1
6.62012 1
1.16499 1
-0.136248 1
2.38036 1
6.40475 1
1.9766 1
1.16033 1
-3.69851 1
8.77377 1
8.45504 1
7.0568 1
4.46153 1
5.7568 1
2.61518 1
10.5009 1
3.2087 1
4.61692 1
6.19326 1
5.20052 1
14.5151 1
4.73767 1
11.0894 1
13.951 1
3.92553 1
8.95837 1
-1.85156 1
9.54439 1
4.08899 1
3.46219 1
5.1987 1
9.37282 1
8.87713 1
3.14662 1
14.4414 1
2.45364 1
-3.74394 1
-1.49882 1
4.42005 1
3.86173 1
2.80917 1
7.7669 1
0.879832 1
4.82216 1
1.86767 1
4.9214 1
4.37029 1
2.9882 1
6.39687 1
7.99529 1
4.45147 1
9.1468 1
-4.62072 1
10.546 1
6.19172 1
5.33873 1
1.95439 1
1.78642 1
3.95194 1
2.78536 1
6.82144 1
3.10763 1
1.75113 1
7.25481 1
4.70886 1
8.77112 1
3.12114 1
4.25335 1
5.48663 1
2.91201 1
1.09522 1
5.1195 1
5.39257 1
11.429 1
7.0492 1
9.79364 1
13.138 1
3.11189 1
4.04511 1
1.1781 1
10.5471 1
11.9205 1
0.282186 1
11.0006 1
7.53063 1
0.689841 1
6.2567 1
5.42689 1
-4.10044 1
3.94555 1
4.55298 1
5.1789 1
13.2518 1
8.47599 1
4.44945 1
5.81578 1
7.1469 1
5.80165 1
2.43101 1
9.98226 1
11.1771 1
10.0978 1
5.34628 1
5.71387 1
4.29392 1
2.49986 1
6.96098 1
5.46151 1
0.119273 1
-1.49097 1
2.81843 1
4.9314 1
6.43768 1
2.28876 1
3.96756 1
11.9107 1
-3.65221 1
4.2738 1
2.54237 1
1.45572 1
11.9723 1
7.46133 1
1.78052 1
6.81859 1
4.05969 1
6.60671 1
0.69278 1
2.75301 1
2.53825 1
4.80054 1
4.37947 1
6.15159 1
5.27713 1
5.61067 1
2.87073 1
8.86351 1
-1.11114 1
4.94312 1
4.96128 1
5.37256 1
1.95594 1
1.43134 1
10.8666 1
9.67797 1
4.33516 1
5.32978 1
14.7906 1
4.51447 1
9.4471 1
2.40653 1
13.2021 1
6.40225 1
5.3754 1
8.46553 1
-1.1886 1
6.88768 1
4.03955 1
6.55026 1
5.97194 1
1.52559 1
5.07741 1
5.5835 1
7.55561 1
9.93353 1
8.00132 1
4.58922 1
6.53466 1
7.26265 1
4.93516 1
3.58355 1
2.69581 1
8.88799 1
7.90822 1
2.01335 1
4.17775 1
7.6503 1
9.09136 1
5.14607 1
13.4039 1
0.417022 1
6.57028 1
2.55367 1
-3.56513 1
0.947928 1
11.4891 1
4.73986 1
5.08284 1
3.27435 1
-3.79703 1
8.13311 1
2.40823 1
3.75369 1
10.4769 1
11.5425 1
4.66348 1
9.07466 1
4.0053 1
4.45098 1
3.25335 1
2.29429 1
4.3018 1
8.00284 1
8.51407 1
3.00511 1
5.01724 1
3.47113 1
5.93155 1
6.49322 1
7.91322 1
4.70066 1
3.03243 1
4.46376 1
6.94507 1
4.20391 1
5.31842 1
5.90315 1
11.3363 1
5.60766 1
12.3625 1
9.41138 1
2.18447 1
5.30612 1
-0.507517 1
4.66154 1
5.92078 1
8.4619 1
7.96822 1
7.39488 1
8.06695 1
5.11267 1
-2.40419 1
10.7707 1
6.12205 1
-3.29277 1
-1.57182 1
8.70399 1
6.27947 1
12.2332 1
4.54818 1
3.72077 1
7.55006 1
10.4123 1
4.65908 1
5.75978 1
5.08437 1
5.69235 1
6.67625 1
4.67227 1
3.08179 1
4.82305 1
6.59932 1
7.05561 1
6.46985 1
6.15328 1
10.8411 1
4.9644 1
8.45408 1
3.97618 1
14.0314 1
3.27613 1
3.65636 1
7.6419 1
7.4101 1
6.32754 1
4.77705 1
10.8199 1
-2.45041 1
1.23632 1
7.39426 1
5.99405 1
6.45954 1
4.73625 1
1.83851 1
1.36545 1
6.17392 1
6.3423 1
4.75579 1
5.54741 1
7.62328 1
5.73925 1
2.65069 1
7.6668 1
1.59989 1
6.19388 1
1.39413 1
10.2024 1
-2.80203 1
-4.0562 1
11.4595 1
1.61806 1
5.84381 1
5.77895 1
5.61371 1
4.12052 1
9.5898 1
4.87935 1
4.00505 1
3.38284 1
2.91697 1
8.376 1
6.45736 1
-1.52322 1
4.71241 1
-4.51655 1
1.89654 1
4.6479 1
-0.160155 1
6.42928 1
5.28031 1
4.88074 1
12.2818 1
9.17655 1
2.83936 1
0.507124 1
4.06078 1
4.21258 1
5.54649 1
5.39203 1
5.08252 1
7.83788 1
7.26288 1
2.2503 1
7.00694 1
2.27505 1
12.7782 1
5.86671 1
2.86683 1
5.20571 1
10.0435 1
4.31381 1
4.10122 1
4.2578 1
4.93287 1
0.93975 1
4.63484 1
7.84942 1
-0.711649 1
3.60359 1
5.54721 1
-0.814579 1
5.9638 1
1.46218 1
10.5701 1
5.81804 1
6.62844 1
1.75352 1
5.78358 1
3.57659 1
4.58212 1
4.94541 1
8.92547 1
4.44988 1
5.56831 1
-3.84554 1
11.6691 1
3.83803 1
6.1133 1
11.5303 1
4.50239 1
-0.430629 1
3.78354 1
2.70797 1
14.8381 1
3.14011 1
5.55136 1
3.23898 1
6.74628 1
13.5325 1
6.38664 1
14.2125 1
5.29706 1
5.71956 1
3.26964 1
13.4886 1
9.18317 1
12.3945 1
8.82757 1
6.01033 1
13.0139 1
2.92535 1
8.41673 1
8.42564 1
2.45949 1
3.90926 1
4.8347 1
10.1553 1
14.7595 1
4.10918 1
2.29574 1
1.50898 1
4.3069 1
8.31957 1
6.55818 1
10.7364 1
3.49949 1
-1.286 1
1.11353 1
6.41308 1
5.88212 1
-0.490201 1
3.28851 1
8.30278 1
6.24379 1
4.33994 1
-4.61848 1
-1.53586 1
6.75161 1
7.55292 1
9.57611 1
5.24897 1
6.42987 1
2.17102 1
1.97836 1
3.93257 1
4.81454 1
4.88137 1
14.0996 1
3.62868 1
-0.373877 1
3.26065 1
-0.0906236 1
-0.606257 1
5.93912 1
5.67408 1
7.82163 1
3.12968 1
4.73132 1
7.71466 1
7.71647 1
4.17434 1
5.84464 1
0.140465 1
4.15554 1
1.47095 1
7.60462 1
8.41589 1
-0.253482 1
4.35966 1
-0.553364 1
1.05313 1
5.33662 1
8.87814 1
8.10459 1
-1.42517 1
9.36129 1
1.21381 1
5.88469 1
-0.986952 1
5.06309 1
-0.632179 1
6.43143 1
4.12354 1
8.417 1
5.49266 1
0.752396 1
11.2778 1
7.31869 1
6.8869 1
6.86054 1
9.26923 1
6.33845 1
5.07784 1
7.4861 1
7.79997 1
3.93047 1
6.31433 1
6.83881 1
6.22005 1
3.20838 1
4.10913 1
4.22719 1
-0.378248 1
11.1126 1
2.93191 1
11.1804 1
9.40299 1
7.96463 1
5.09701 1
5.88014 1
4.81877 1
12.9452 1
-0.330875 1
9.19409 1
6.57246 1
11.2853 1
4.39547 1
6.13982 1
4.5522 1
5.07944 1
5.11801 1
0.839983 1
6.02404 1
2.69902 1
5.98929 1
5.88382 1
5.13515 1
1.78465 1
10.117 1
9.77023 1
2.0672 1
13.2746 1
5.46228 1
12.1045 1
5.18418 1
4.62319 1
2.62207 1
2.32959 1
4.10576 1
4.59366 1
9.73569 1
13.3087 1
7.85295 1
6.36894 1
5.25087 1
13.2762 1
2.90643 1
8.53442 1
12.7205 1
10.619 1
3.83398 1
-1.27858 1
4.99618 1
7.53524 1
6.20156 1
2.95474 1
14.5556 1
8.75051 1
-3.76233 1
9.67545 1
2.72993 1
12.0092 1
5.3832 1
7.25039 1
2.06806 1
9.49166 1
5.57809 1
5.29473 1
5.03508 1
6.13406 1
-3.89531 1
-1.19997 1
1.08424 1
-2.33225 1
7.90988 1
4.60642 1
5.50455 1
5.88877 1
1.29425 1
8.07618 1
2.56544 1
-0.424989 1
6.26053 1
12.5748 1
2.06336 1
-0.75159 1
8.37597 1
7.05314 1
4.86184 1
4.96911 1
6.09648 1
14.6356 1
3.64186 1
0.898754 1
6.09205 1
10.3751 1
6.2516 1
5.05756 1
5.58746 1
4.89668 1
4.10328 1
-1.075 1
4.54719 1
1.07954 1
4.85784 1
5.75356 1
4.92369 1
4.1147 1
2.08704 1
4.27594 1
-2.20519 1
5.36216 1
3.99202 1
5.6189 1
6.55024 1
7.8051 1
12.4206 1
3.26495 1
6.87155 1
3.98073 1
8.30434 1
4.76341 1
2.14194 1
4.39442 1
11.2497 1
5.63177 1
5.81883 1
2.86595 1
8.24556 1
2.60351 1
5.09222 1
2.84663 1
4.23602 1
5.13536 1
5.00931 1
8.88786 1
3.08028 1
6.55633 1
7.35753 1
10.7272 1
1.52462 1
5.80594 1
4.60608 1
6.3854 1
5.52113 1
10.8562 1
9.37872 1
4.87744 1
8.71472 1
0.19744 1
3.177 1
7.29552 1
9.69468 1
10.5943 1
-0.208773 1
4.79801 1
2.97972 1
6.24533 1
5.98798 1
8.36232 1
3.13957 1
5.97842 1
8.59903 1
5.99108 1
7.09061 1
4.57134 1
4.09042 1
2.6063 1
7.31821 1
-0.261039 1
-0.00120389 1
2.30293 1
4.17717 1
7.9186 1
2.10672 1
6.92339 1
4.62976 1
5.21355 1
6.69171 1
3.74268 1
7.90654 1
4.36938 1
3.80563 1
11.094 1
4.22494 1
3.07029 1
5.25514 1
9.668 1
11.933 1
-4.74682 1
4.65181 1
8.326 1
5.54897 1
10.4902 1
6.19133 1
7.24578 1
1.53805 1
2.26853 1
5.1349 1
4.27052 1
3.04634 1
3.62476 1
5.53227 1
5.34156 1
-4.42372 1
10.0905 1
7.25864 1
9.14861 1
-2.64154 1
2.3809 1
4.21288 1
-0.000749939 1
3.02256 1
3.30738 1
1.11728 1
12.0057 1
2.24346 1
6.55589 1
4.15441 1
14.0534 1
6.36334 1
4.10759 1
5.79255 1
11.8127 1
-2.54591 1
-3.25076 1
1.44751 1
2.13912 1
5.51014 1
-1.96951 1
3.73963 1
5.54206 1
13.6995 1
6.05775 1
2.74283 1
1.80389 1
5.60792 1
6.87853 1
2.49444 1
5.09179 1
3.82039 1
13.4907 1
9.19257 1
2.68198 1
12.7572 1
0.030492 1
5.68824 1
2.05328 1
10.0094 1
5.39687 1
7.7077 1
4.7829 1
6.55189 1
6.65777 1
9.02595 1
0.05324 1
-0.165306 1
2.44678 1
3.10908 1
6.0493 1
6.19597 1
4.49521 1
5.65335 1
5.41054 1
4.69195 1
9.04859 1
8.65626 1
11.3077 1
-1.66746 1
1.29513 1
6.73263 1
6.02689 1
3.65862 1
3.64835 1
-0.1916 1
0.856536 1
5.57495 1
6.53633 1
14.0794 1
3.81352 1
2.21293 1
5.2863 1
8.42721 1
9.65326 1
8.1383 1
8.92181 1
4.49702 1
7.39959 1
2.70763 1
3.93163 1
8.68398 1
5.35312 1
5.62868 1
5.41892 1
0.12425 1
4.52898 1
7.83911 1
-3.93846 1
6.77648 1
10.2058 1
4.78012 1
2.89048 1
2.86186 1
-3.17824 1
3.95774 1
4.32708 1
2.51843 1
-1.825 1
0.412642 1
4.89564 1
5.03344 1
11.0316 1
6.12599 1
2.44606 1
3.90713 1
5.38688 1
0.770136 1
4.72293 1
6.00385 1
4.94831 1
