6.5516 1
1.22475 1
8.66582 1
4.87627 1
-2.09254 1
8.46638 1
7.31522 1
5.24636 1
6.05542 1
6.00861 1
5.41351 1
3.60145 1
-3.143 1
4.34769 1
9.75582 1
6.77995 1
4.20496 1
6.50023 1
-0.859039 1
5.56588 1
1.28526 1
3.41534 1
4.60197 1
8.14841 1
8.50715 1
3.1916 1
7.63187 1
8.02313 1
1.64207 1
7.25696 1
5.49738 1
8.76651 1
7.21087 1
8.63489 1
6.82739 1
10.1323 1
7.54556 1
5.13939 1
5.74039 1
10.0461 1
4.10519 1
5.70913 1
5.43601 1
9.37104 1
5.00797 1
4.81778 1
10.1955 1
12.8956 1
5.67015 1
1.70151 1
5.72458 1
5.66943 1
-4.4079 1
9.89895 1
4.47679 1
7.40419 1
3.46587 1
7.96325 1
2.60086 1
3.87917 1
1.20369 1
9.79529 1
4.25694 1
6.0393 1
-2.02913 1
6.05197 1
2.29443 1
-0.052483 1
9.77169 1
5.66261 1
3.39927 1
6.25729 1
1.91209 1
5.7236 1
-1.55829 1
5.87391 1
7.76065 1
3.24289 1
1.40676 1
-2.77668 1
3.02735 1
3.91182 1
5.86011 1
3.85084 1
5.32597 1
4.98468 1
5.53996 1
7.34201 1
8.34555 1
5.77662 1
9.91001 1
7.81669 1
7.62338 1
3.3043 1
-4.0008 1
1.00019 1
3.48107 1
4.69376 1
0.089494 1
2.89312 1
5.15439 1
12.2655 1
6.45449 1
-1.00358 1
5.63035 1
3.54734 1
-0.0739586 1
4.06266 1
-1.70397 1
5.24514 1
4.92947 1
2.74582 1
2.22367 1
2.6953 1
4.35273 1
9.00683 1
9.6105 1
4.97802 1
5.67728 1
4.6175 1
5.47822 1
6.23594 1
5.87275 1
0.712199 1
0.0654754 1
3.38973 1
1.11463 1
14.7149 1
7.88799 1
4.78908 1
7.04775 1
1.44133 1
6.47182 1
7.21998 1
4.59313 1
4.64918 1
4.20804 1
8.0786 1
5.26342 1
6.43824 1
4.48451 1
7.29226 1
4.4134 1
1.41598 1
4.41177 1
4.71375 1
4.45891 1
3.16362 1
0.409901 1
2.55244 1
4.56038 1
7.5844 1
8.77262 1
6.69701 1
4.47398 1
4.29998 1
13.8379 1
5.60255 1
6.56156 1
1.29588 1
0.404788 1
6.30853 1
4.36613 1
10.3534 1
2.91373 1
6.34378 1
1.44436 1
5.71646 1
1.4154 1
2.63096 1
2.44908 1
6.32741 1
2.62587 1
1.39223 1
8.81109 1
3.5143 1
2.77077 1
9.60049 1
5.1169 1
6.08657 1
11.1842 1
5.91063 1
6.0487 1
7.00676 1
5.17378 1
4.10183 1
8.10743 1
6.91286 1
6.08093 1
4.0824 1
7.32682 1
1.2304 1
4.36696 1
11.861 1
5.3529 1
2.05069 1
0.0355358 1
2.00843 1
9.21612 1
3.17561 1
1.4675 1
8.13757 1
5.49206 1
8.24893 1
7.06893 1
2.37335 1
2.1409 1
6.38598 1
-2.80091 1
5.66082 1
-1.49673 1
3.69946 1
8.0896 1
0.867973 1
11.3228 1
4.06305 1
4.71456 1
4.56641 1
4.82841 1
4.67562 1
2.91548 1
4.95813 1
4.00298 1
3.09796 1
-0.16008 1
4.57322 1
4.59401 1
0.939885 1
-0.973675 1
-0.720161 1
5.42652 1
6.33674 1
9.96056 1
4.04756 1
2.35312 1
4.599 1
5.12539 1
5.05411 1
3.64575 1
2.3571 1
6.43464 1
-3.68122 1
4.35642 1
3.15073 1
3.85271 1
3.46188 1
2.29377 1
1.92856 1
2.76111 1
-0.685224 1
-4.04975 1
-1.14978 1
7.90899 1
5.60243 1
6.67007 1
9.46281 1
5.93839 1
9.35053 1
4.78885 1
12.9168 1
12.2608 1
6.00876 1
5.15132 1
-3.00328 1
9.60314 1
8.51453 1
4.87884 1
7.55113 1
0.62962 1
6.61068 1
3.61507 1
4.9588 1
9.31395 1
8.46091 1
5.54472 1
6.54879 1
3.43583 1
5.91617 1
2.91471 1
14.3924 1
9.02548 1
4.40491 1
7.72403 1
5.06545 1
8.78128 1
8.44699 1
13.9097 1
4.78628 1
2.39138 1
4.28499 1
4.69048 1
5.77664 1
3.98388 1
5.71538 1
12.2017 1
6.41694 1
6.76582 1
5.34615 1
3.15965 1
4.08248 1
9.36894 1
9.46431 1
5.96277 1
3.97827 1
8.38757 1
6.33526 1
6.65171 1
6.19543 1
2.2652 1
5.05561 1
2.0946 1
10.8519 1
2.9056 1
3.46712 1
3.0371 1
4.44355 1
5.38622 1
3.74516 1
5.53702 1
4.16188 1
5.94307 1
4.95721 1
4.79512 1
14.2433 1
12.2162 1
5.15328 1
12.758 1
0.147843 1
7.17159 1
1.52941 1
9.16781 1
3.82869 1
3.45887 1
10.1576 1
-3.6966 1
5.80025 1
3.77651 1
5.61964 1
2.95431 1
5.77109 1
7.90327 1
-0.00600409 1
4.86482 1
8.79865 1
1.63987 1
8.95558 1
0.512554 1
7.40867 1
3.88841 1
5.12436 1
1.44858 1
7.67273 1
5.52192 1
4.2065 1
3.42557 1
4.82697 1
4.07795 1
7.2263 1
3.69555 1
5.03291 1
6.19037 1
4.38924 1
6.20679 1
9.65124 1
5.7125 1
6.77618 1
4.16572 1
4.97216 1
5.86615 1
4.87724 1
1.63658 1
1.48477 1
2.06206 1
12.6284 1
0.998115 1
3.74815 1
0.761905 1
3.59334 1
3.64454 1
5.91738 1
7.676 1
2.93789 1
4.76082 1
4.47986 1
6.33555 1
1.23364 1
6.20972 1
2.86508 1
-2.82144 1
-1.83578 1
6.39283 1
4.59469 1
1.71398 1
7.74634 1
8.31012 1
5.42684 1
2.68285 1
11.0818 1
4.37215 1
12.39 1
3.94945 1
3.56441 1
3.42856 1
4.39725 1
4.71642 1
-0.64862 1
3.6522 1
6.89939 1
13.2206 1
5.52209 1
6.56059 1
3.93456 1
4.46059 1
5.39353 1
6.70608 1
5.98681 1
5.96836 1
4.65935 1
8.18775 1
7.53254 1
3.89375 1
6.93813 1
-0.909762 1
3.13252 1
0.405535 1
13.4957 1
7.79304 1
6.30491 1
6.55423 1
2.37844 1
6.73488 1
6.77307 1
6.50803 1
6.25862 1
5.17129 1
7.01105 1
6.23163 1
6.14488 1
7.80324 1
2.08122 1
6.67146 1
7.86242 1
9.61264 1
7.30286 1
3.6867 1
5.25136 1
-0.0733489 1
4.82839 1
5.44463 1
14.0993 1
5.97635 1
5.63824 1
4.59717 1
4.90537 1
0.0595332 1
6.78607 1
8.46708 1
6.24559 1
9.26008 1
6.41973 1
3.50835 1
13.8579 1
-3.78136 1
6.58789 1
13.1366 1
8.81373 1
5.36066 1
3.29751 1
6.78507 1
10.7533 1
11.1621 1
6.24626 1
-1.17758 1
5.67679 1
8.31229 1
5.63529 1
-0.95312 1
-2.85551 1
2.77547 1
14.2675 1
4.48878 1
7.08864 1
4.6027 1
12.1722 1
3.69533 1
5.95714 1
3.01184 1
14.4519 1
10.0294 1
6.63308 1
9.63805 1
6.40147 1
10.3028 1
3.09781 1
4.6191 1
2.78162 1
5.22859 1
3.49911 1
5.72074 1
12.9172 1
0.701148 1
5.03517 1
4.49561 1
6.4787 1
0.0571846 1
7.32577 1
6.14671 1
1.29544 1
5.28635 1
2.38516 1
8.33691 1
5.25233 1
3.10649 1
0.425225 1
5.14187 1
10.3011 1
-0.986891 1
0.0189166 1
5.7728 1
1.98958 1
-3.89388 1
9.67513 1
-0.088668 1
8.55775 1
4.063 1
6.30529 1
2.18449 1
3.04422 1
5.94491 1
3.35928 1
12.5193 1
0.611031 1
3.79325 1
4.19515 1
3.49045 1
7.23716 1
6.45339 1
2.90773 1
0.916649 1
5.08258 1
4.67179 1
6.63098 1
6.01681 1
2.24657 1
8.77807 1
7.83802 1
7.07523 1
7.1629 1
4.64517 1
3.5004 1
5.20656 1
12.5317 1
4.84627 1
10.4749 1
1.79432 1
7.65844 1
4.54067 1
6.93463 1
5.55868 1
10.2373 1
3.01873 1
1.35495 1
3.51687 1
4.55152 1
-1.1403 1
4.88015 1
9.49284 1
1.90666 1
5.20955 1
7.34469 1
3.27751 1
6.29587 1
5.06046 1
1.61779 1
0.295527 1
4.46842 1
-3.80445 1
-2.77984 1
6.5536 1
4.90585 1
5.60293 1
5.06635 1
5.61106 1
5.11699 1
1.13797 1
13.5966 1
2.12077 1
8.86077 1
4.02308 1
4.03345 1
4.32207 1
3.54167 1
7.97082 1
6.7604 1
11.2849 1
5.42227 1
5.95145 1
0.872944 1
-4.2862 1
5.7526 1
6.72273 1
5.26871 1
7.00224 1
10.1012 1
6.71126 1
5.11803 1
8.15473 1
4.05417 1
5.42249 1
4.09898 1
7.22364 1
6.28571 1
6.96884 1
4.67996 1
7.15869 1
4.28235 1
6.94669 1
-2.01213 1
8.10833 1
5.73034 1
8.33415 1
6.70247 1
6.78112 1
5.52013 1
0.323164 1
5.34842 1
3.95551 1
11.9236 1
5.09377 1
8.91031 1
11.4541 1
3.92443 1
5.35857 1
1.50264 1
3.67021 1
3.40382 1
9.95376 1
-0.780235 1
8.57128 1
4.4206 1
4.71335 1
5.425 1
1.57515 1
8.46671 1
4.77301 1
3.93991 1
7.09557 1
7.87433 1
6.57894 1
3.10738 1
3.51066 1
9.51844 1
3.82373 1
4.67396 1
7.75431 1
1.71261 1
3.71057 1
0.707168 1
10.6537 1
6.86791 1
9.26702 1
5.67002 1
2.94767 1
4.97428 1
9.1917 1
10.5904 1
2.04459 1
6.82356 1
6.75493 1
-1.40218 1
13.7122 1
5.14099 1
4.90265 1
4.36224 1
5.57832 1
7.80837 1
7.18724 1
6.41142 1
2.6909 1
6.52007 1
3.47715 1
7.46135 1
5.82398 1
0.408157 1
3.75386 1
11.5258 1
10.4084 1
5.39142 1
7.99277 1
7.56657 1
2.08219 1
11.4924 1
13.4103 1
4.6226 1
-4.67042 1
5.18104 1
3.21015 1
1.88564 1
4.34375 1
6.82769 1
4.25857 1
-0.154845 1
5.40579 1
7.82891 1
9.94921 1
6.66265 1
5.62668 1
4.62657 1
-4.55798 1
14.217 1
4.12223 1
11.8826 1
1.047 1
2.08856 1
2.88549 1
2.9036 1
4.65157 1
11.4133 1
5.87838 1
1.81832 1
3.69123 1
-4.65153 1
5.55524 1
4.51928 1
-0.888421 1
6.54727 1
3.32756 1
9.97541 1
-4.74998 1
4.73379 1
1.61044 1
6.16845 1
-2.61128 1
6.10018 1
5.84198 1
1.90367 1
2.5093 1
6.25966 1
8.93028 1
6.80799 1
5.53976 1
5.44639 1
4.16815 1
5.01984 1
5.35046 1
4.94961 1
2.12802 1
4.71246 1
2.83366 1
-0.0796582 1
7.8727 1
7.38083 1
-1.41122 1
5.96386 1
7.9614 1
2.95787 1
7.87791 1
3.27969 1
5.28972 1
3.837 1
4.58501 1
6.43274 1
11.1398 1
3.99887 1
-0.0230961 1
5.30821 1
10.9476 1
5.82676 1
5.73465 1
4.80538 1
5.39832 1
5.30502 1
4.77097 1
12.9624 1
5.07902 1
2.41763 1
4.91016 1
2.24148 1
2.11561 1
1.49723 1
10.203 1
12.1943 1
4.03836 1
1.50165 1
4.58004 1
4.40266 1
6.22095 1
12.5906 1
5.51448 1
3.97289 1
11.8316 1
1.06987 1
3.61324 1
9.89385 1
-0.961597 1
4.70344 1
7.40733 1
11.2162 1
5.59606 1
7.72165 1
2.08586 1
0.729302 1
7.92622 1
1.3113 1
4.96279 1
6.49078 1
5.94644 1
7.09577 1
8.84421 1
6.57744 1
6.2306 1
10.38 1
7.6932 1
3.95773 1
8.05825 1
6.51907 1
6.81689 1
7.1485 1
3.41463 1
6.10996 1
3.4951 1
3.86441 1
6.0714 1
6.42859 1
6.00365 1
3.48674 1
4.30483 1
2.46042 1
5.02171 1
13.2229 1
6.34585 1
5.00249 1
2.9063 1
8.07218 1
6.56575 1
3.6779 1
5.67109 1
2.5009 1
-0.672573 1
4.6328 1
6.62593 1
6.52416 1
5.25185 1
7.84771 1
0.781261 1
6.173 1
5.22013 1
6.13575 1
-2.02531 1
-4.4375 1
3.95515 1
7.76689 1
9.31484 1
4.96494 1
4.68486 1
-3.84954 1
1.83497 1
13.5943 1
5.22819 1
1.69573 1
4.28584 1
4.59533 1
6.79433 1
5.04794 1
10.0178 1
4.82082 1
8.10203 1
9.75727 1
-3.2453 1
5.06792 1
13.1455 1
3.50613 1
3.63586 1
1.24949 1
7.81278 1
6.23637 1
12.3711 1
5.61268 1
5.34267 1
8.26999 1
2.27196 1
6.68909 1
6.85271 1
5.25694 1
5.37551 1
4.84036 1
-1.68577 1
5.6991 1
7.62826 1
3.50011 1
-2.00577 1
2.67555 1
4.08549 1
8.97868 1
6.11046 1
0.335298 1
6.95483 1
5.41308 1
5.46261 1
5.75815 1
5.27277 1
2.98015 1
2.37322 1
5.01311 1
-1.05216 1
6.44708 1
5.99907 1
-3.22103 1
3.24475 1
10.0318 1
4.51251 1
3.18039 1
-1.35006 1
4.83429 1
-1.27697 1
10.6577 1
1.39336 1
4.58916 1
6.1455 1
3.70404 1
0.197216 1
6.22316 1
6.11662 1
4.58705 1
6.08137 1
2.41799 1
11.7402 1
7.04235 1
2.49221 1
5.72549 1
-2.80561 1
3.35928 1
8.77864 1
5.57276 1
12.7302 1
4.97851 1
6.26147 1
3.76884 1
14.5609 1
3.96433 1
4.30666 1
9.57795 1
3.43389 1
4.53395 1
4.65659 1
4.0045 1
2.79484 1
4.30531 1
6.11208 1
3.71345 1
4.29942 1
5.07938 1
1.64279 1
10.273 1
4.12691 1
7.39119 1
4.15966 1
4.03683 1
4.20508 1
6.36062 1
5.20311 1
4.5804 1
4.18583 1
7.3925 1
3.37867 1
5.43886 1
5.57854 1
8.92621 1
2.22553 1
9.57645 1
5.91768 1
5.84593 1
11.0248 1
2.54039 1
5.16658 1
9.78628 1
7.19974 1
2.69689 1
4.20573 1
3.9438 1
3.61556 1
6.28501 1
7.76905 1
4.14178 1
-0.241066 1
1.75526 1
6.84533 1
3.57767 1
5.18985 1
6.33626 1
4.61237 1
1.40762 1
3.51741 1
7.18587 1
1.11841 1
-1.49295 1
1.81922 1
5.37965 1
5.42336 1
3.3178 1
7.21172 1
9.98123 1
5.72995 1
6.8707 1
3.57202 1
5.68165 1
3.15282 1
3.54966 1
2.75702 1
6.4311 1
7.11459 1
4.31083 1
5.42141 1
-0.409724 1
9.12241 1
1.85943 1
5.59041 1
5.82904 1
0.992564 1
6.68875 1
5.33719 1
1.34509 1
4.20952 1
5.16894 1
1.72929 1
10.6608 1
5.04707 1
5.61556 1
4.8841 1
2.45939 1
6.50713 1
7.5139 1
14.2129 1
-2.38778 1
7.02764 1
8.80188 1
5.56366 1
11.7437 1
4.2136 1
7.55643 1
5.22402 1
8.25058 1
9.77099 1
8.87932 1
8.24501 1
4.67656 1
2.92841 1
7.93516 1
4.2467 1
6.80457 1
5.24443 1
6.98152 1
8.65886 1
6.95453 1
5.40161 1
3.27125 1
5.25225 1
3.76203 1
5.09331 1
7.92203 1
8.82739 1
13.2564 1
4.33603 1
5.67374 1
3.86973 1
2.46164 1
2.20292 1
4.14657 1
7.53068 1
7.39803 1
3.05783 1
7.15186 1
-1.35644 1
2.50313 1
6.83835 1
4.87678 1
5.53913 1
3.73753 1
2.19858 1
-1.11609 1
8.35643 1
-4.67984 1
6.74103 1
5.60836 1
3.89156 1
8.16902 1
4.50128 1
3.29597 1
10.8192 1
1.09122 1
3.01754 1
5.37824 1
8.53243 1
3.25266 1
7.07565 1
6.94354 1
4.38459 1
5.51167 1
1.31325 1
2.9349 1
1.94872 1
2.91136 1
4.46861 1
13.86 1
11.4488 1
4.12666 1
7.21395 1
7.49546 1
4.04799 1
5.94568 1
11.2791 1
11.95 1
3.9575 1
4.71285 1
3.86411 1
5.45919 1
6.66608 1
4.08225 1
6.73244 1
8.81904 1
7.00258 1
3.97575 1
5.05396 1
4.18875 1
1.82481 1
6.02953 1
5.80825 1
11.2394 1
7.23212 1
7.14009 1
0.75408 1
3.89204 1
4.30239 1
4.55912 1
4.7918 1
-3.46607 1
6.62358 1
4.96138 1
13.1288 1
4.0987 1
4.61488 1
8.7851 1
2.51068 1
5.95298 1
10.0466 1
5.46898 1
10.3352 1
9.44614 1
7.31491 1
-0.508205 1
5.20131 1
1.39837 1
6.84342 1
5.87417 1
-1.93629 1
5.50222 1
6.15617 1
8.30037 1
3.50018 1
3.37721 1
1.10168 1
4.88091 1
3.51016 1
8.5078 1
4.39054 1
2.29038 1
1.28354 1
7.01251 1
5.20096 1
5.17883 1
-3.91286 1
6.94559 1
0.22721 1
-1.06957 1
-1.67397 1
7.62848 1
3.12943 1
5.01975 1
4.7055 1
5.48428 1
6.961 1
6.58286 1
1.80609 1
9.39989 1
4.33423 1
6.42833 1
5.58357 1
10.1507 1
-0.022048 1
7.02525 1
4.51157 1
7.82769 1
1.25584 1
7.60847 1
3.18881 1
6.73851 1
4.70344 1
4.11678 1
5.32833 1
1.5523 1
5.35317 1
2.21643 1
7.83662 1
8.04558 1
1.83891 1
3.1339 1
-0.030509 1
5.55316 1
7.00871 1
4.35081 1
2.7143 1
10.5073 1
5.76656 1
-2.18753 1
14.7396 1
1.21906 1
7.45902 1
6.87632 1
6.16293 1
-2.46194 1
2.80375 1
1.72767 1
0.493627 1
6.75629 1
-4.39121 1
3.82409 1
3.92591 1
7.08991 1
5.33444 1
13.7009 1
5.759 1
7.62871 1
5.21729 1
7.94538 1
7.3561 1
3.40498 1
1.5201 1
2.14015 1
2.16051 1
5.94647 1
-0.118106 1
5.91459 1
3.74122 1
7.02536 1
7.87293 1
5.27659 1
10.7519 1
12.8348 1
6.10522 1
7.81259 1
5.81481 1
0.161656 1
5.21666 1
4.60604 1
2.39931 1
10.2401 1
3.5957 1
8.19663 1
7.86239 1
6.66376 1
6.87346 1
8.45692 1
5.75159 1
7.09051 1
4.52483 1
2.37389 1
4.64707 1
6.37922 1
-3.91976 1
1.79544 1
4.4208 1
10.3731 1
0.3969 1
3.89282 1
5.80351 1
9.91965 1
4.52253 1
4.28956 1
5.67225 1
4.65732 1
4.59777 1
6.54698 1
4.17699 1
5.33624 1
5.77081 1
10.2746 1
6.47779 1
3.72324 1
5.0995 1
8.64945 1
5.34313 1
7.48801 1
7.76538 1
3.23726 1
0.579673 1
6.2261 1
1.24721 1
3.15499 1
8.09357 1
5.72805 1
-2.49251 1
9.91473 1
5.01542 1
14.3148 1
4.04457 1
-4.53354 1
-1.15154 1
5.67609 1
9.71117 1
8.81618 1
3.81918 1
5.52499 1
2.69805 1
8.57941 1
3.82387 1
8.81212 1
7.38756 1
9.15584 1
6.53258 1
5.94644 1
3.48041 1
3.69751 1
2.10857 1
3.33492 1
3.12209 1
14.6939 1
6.38259 1
8.14011 1
4.89658 1
4.63986 1
5.44693 1
5.37845 1
6.49189 1
5.26008 1
4.79443 1
8.61057 1
3.70077 1
3.4452 1
8.56043 1
7.79308 1
1.49252 1
6.46256 1
2.71745 1
10.4325 1
4.83516 1
5.11374 1
-3.68202 1
-0.501372 1
0.0254134 1
14.1045 1
8.76808 1
9.56821 1
8.02598 1
7.05502 1
2.23482 1
12.0581 1
10.1562 1
-1.04786 1
4.6911 1
1.28472 1
6.83962 1
5.60069 1
6.28466 1
3.74634 1
6.66073 1
-4.06427 1
2.5986 1
4.62036 1
1.58294 1
6.32481 1
3.0389 1
4.8084 1
3.69795 1
8.49313 1
4.49037 1
3.61229 1
5.53058 1
5.53033 1
0.0855096 1
5.83844 1
10.4886 1
6.31594 1
6.38936 1
5.68594 1
5.90408 1
7.30371 1
2.87975 1
9.99516 1
6.44552 1
4.48903 1
4.32301 1
3.27644 1
9.14023 1
5.44002 1
9.55409 1
6.61163 1
3.11672 1
5.02963 1
0.829969 1
9.33364 1
5.65754 1
5.44723 1
5.11535 1
8.08704 1
12.974 1
5.49673 1
-3.14142 1
4.08363 1
6.43118 1
4.31464 1
1.29054 1
0.669275 1
6.36318 1
6.98869 1
1.72637 1
4.37217 1
5.77575 1
7.77344 1
1.54688 1
8.44483 1
3.68468 1
3.64311 1
7.94818 1
7.34142 1
5.31492 1
7.17674 1
11.2902 1
3.54651 1
0.174476 1
3.21525 1
3.09457 1
3.18519 1
1.79403 1
7.23379 1
3.88699 1
-2.56504 1
2.64329 1
6.66615 1
4.92365 1
4.06718 1
3.58151 1
3.21317 1
4.99471 1
5.58375 1
12.0939 1
10.6279 1
6.58366 1
5.98677 1
6.6123 1
5.81728 1
6.52445 1
7.41777 1
8.86675 1
6.32017 1
5.12828 1
1.66571 1
8.9673 1
4.49159 1
0.250779 1
3.56473 1
12.3151 1
5.71395 1
3.09625 1
0.188935 1
5.2313 1
9.19597 1
5.27337 1
5.66436 1
11.2413 1
6.52407 1
4.38755 1
7.62991 1
7.12784 1
1.30374 1
1.55745 1
0.43527 1
3.05276 1
6.19797 1
3.82985 1
9.27325 1
1.55748 1
3.45136 1
2.93822 1
2.26937 1
-0.728304 1
5.37323 1
4.87045 1
13.0877 1
9.60086 1
4.78649 1
5.49379 1
-4.12071 1
4.92099 1
0.261714 1
3.83639 1
0.227745 1
5.85484 1
4.45387 1
5.2629 1
3.60914 1
2.38389 1
4.08695 1
10.2256 1
0.780035 1
0.369967 1
11.3007 1
2.47891 1
5.16697 1
4.5413 1
3.2973 1
5.19099 1
2.06312 1
1.5926 1
5.40819 1
5.50193 1
5.74664 1
5.35094 1
5.16277 1
7.81602 1
3.37971 1
6.46163 1
10.0464 1
2.55446 1
-3.07124 1
8.37307 1
-4.77278 1
3.81522 1
5.87551 1
4.63823 1
4.10519 1
4.19552 1
4.63442 1
1.88317 1
6.21723 1
4.64595 1
3.35003 1
3.50008 1
4.93844 1
8.29145 1
4.59426 1
6.69163 1
4.50603 1
11.7224 1
7.57451 1
-3.13238 1
2.89878 1
6.497 1
5.64842 1
6.17349 1
5.35697 1
3.22247 1
6.05892 1
2.93992 1
3.57418 1
6.71967 1
12.3779 1
5.04463 1
5.93635 1
0.529634 1
7.34723 1
4.81194 1
5.71533 1
1.38543 1
5.32531 1
8.05474 1
9.28059 1
9.20475 1
5.62486 1
12.6312 1
6.80927 1
1.81752 1
4.13258 1
4.3956 1
7.55809 1
2.18744 1
9.77422 1
1.90046 1
4.45682 1
5.29122 1
4.13159 1
5.24302 1
2.95046 1
2.57784 1
3.33989 1
11.2116 1
-0.641867 1
2.88528 1
7.42033 1
5.11214 1
5.65383 1
3.7424 1
3.70789 1
7.764 1
0.0657603 1
11.5794 1
2.72005 1
3.21874 1
4.31621 1
12.81 1
6.07521 1
3.32784 1
5.52647 1
4.56828 1
5.07603 1
4.4519 1
5.05086 1
3.03587 1
1.22596 1
9.96641 1
12.4429 1
-0.363455 1
2.90246 1
6.5163 1
5.71327 1
5.136 1
6.89224 1
2.80463 1
3.80462 1
6.20878 1
5.14851 1
6.63101 1
5.51982 1
6.87889 1
6.16616 1
5.53597 1
4.64081 1
4.38059 1
3.80111 1
-3.81796 1
1.72196 1
5.28732 1
6.69148 1
8.57128 1
4.51042 1
6.24585 1
2.20635 1
5.89625 1
11.7498 1
8.62723 1
7.90282 1
6.96151 1
3.19435 1
5.077 1
4.15104 1
7.34155 1
1.27977 1
7.01896 1
-0.788209 1
3.49184 1
13.3506 1
0.214673 1
5.5241 1
6.74977 1
3.1758 1
-0.00404905 1
3.69152 1
4.59165 1
9.70589 1
6.04935 1
5.93126 1
6.09713 1
5.99211 1
9.72679 1
-2.81733 1
10.6429 1
5.60072 1
5.19772 1
2.51225 1
12.4997 1
7.96388 1
6.63429 1
9.72366 1
5.51607 1
7.38019 1
-4.15366 1
2.61528 1
3.91228 1
7.46404 1
3.51972 1
2.42001 1
5.16899 1
3.76232 1
7.38862 1
3.34692 1
7.06691 1
2.84575 1
8.10068 1
5.62712 1
0.877733 1
6.35059 1
9.83455 1
9.06296 1
3.05995 1
12.7114 1
2.79268 1
5.67234 1
3.87486 1
4.84787 1
1.7153 1
6.18015 1
6.76699 1
3.86591 1
3.83964 1
8.22728 1
4.39672 1
5.39072 1
4.93873 1
7.15826 1
6.50994 1
-2.97171 1
5.08068 1
3.38792 1
4.9055 1
3.80423 1
0.869508 1
9.43557 1
2.33585 1
5.60633 1
5.21872 1
4.52324 1
9.65278 1
7.31904 1
3.6093 1
3.92429 1
4.8513 1
3.51722 1
5.41606 1
9.00191 1
4.04426 1
3.7344 1
4.45747 1
5.41883 1
6.09794 1
4.25212 1
2.05748 1
5.08582 1
11.5497 1
8.42193 1
4.35792 1
5.47032 1
7.02407 1
3.9244 1
-1.21268 1
2.66339 1
6.2787 1
3.3124 1
2.61196 1
9.09092 1
5.2469 1
4.83124 1
4.65736 1
10.8118 1
3.23181 1
7.64041 1
5.73526 1
11.3132 1
1.04159 1
6.01254 1
5.10893 1
5.82547 1
1.36092 1
4.26558 1
5.4138 1
-3.15495 1
1.96266 1
4.58541 1
4.48442 1
5.60421 1
2.3205 1
6.84102 1
8.1961 1
5.90778 1
0.976159 1
8.14404 1
10.933 1
5.73277 1
2.33656 1
4.7078 1
7.91403 1
8.49143 1
8.65276 1
6.84032 1
10.6909 1
6.27327 1
6.35027 1
4.84419 1
3.87146 1
11.8231 1
5.87876 1
3.93455 1
6.14839 1
6.97404 1
5.85908 1
4.81433 1
8.77057 1
5.57261 1
8.11937 1
4.13408 1
5.18939 1
11.9488 1
5.77818 1
6.98691 1
4.74818 1
8.89937 1
5.98886 1
6.01713 1
4.63774 1
3.36107 1
0.922995 1
3.57983 1
5.02629 1
5.85926 1
5.37925 1
12.1005 1
6.73759 1
6.17071 1
8.56557 1
10.3793 1
6.48746 1
6.76019 1
0.357872 1
-4.24471 1
5.54944 1
4.91434 1
5.34828 1
7.46594 1
1.37117 1
3.45096 1
-1.58827 1
14.3912 1
2.93871 1
7.31946 1
4.98596 1
3.19849 1
4.51824 1
6.23382 1
-4.87757 1
9.43068 1
0.600631 1
4.6608 1
2.63176 1
4.75467 1
5.48496 1
8.29937 1
6.06069 1
0.047534 1
3.16987 1
3.32677 1
-1.7571 1
7.21206 1
14.1067 1
9.68247 1
5.80321 1
5.46369 1
8.18755 1
7.06507 1
2.62206 1
4.46348 1
5.94571 1
1.44408 1
7.33623 1
7.53902 1
6.63479 1
4.87388 1
12.2224 1
7.86672 1
0.186977 1
4.02413 1
6.28449 1
4.84934 1
4.26455 1
7.92332 1
5.25852 1
3.82591 1
5.52406 1
4.46968 1
6.42353 1
3.53344 1
7.59851 1
8.11802 1
6.1544 1
7.25155 1
0.963898 1
4.15614 1
-3.71569 1
6.25696 1
7.6916 1
8.33542 1
3.74601 1
5.94838 1
6.27866 1
4.11641 1
8.39603 1
3.43856 1
10.8881 1
2.22522 1
-3.36399 1
7.04025 1
5.71053 1
3.4793 1
8.20159 1
0.746642 1
4.50689 1
3.73333 1
7.66389 1
8.07525 1
4.39813 1
7.45368 1
10.0547 1
5.39238 1
-0.323589 1
6.391 1
9.10585 1
7.52786 1
2.82829 1
3.72816 1
5.63828 1
4.79706 1
6.5233 1
1.06229 1
0.927121 1
2.86518 1
4.30274 1
4.51576 1
6.09349 1
4.25928 1
7.62979 1
7.20109 1
5.52083 1
2.18637 1
8.88545 1
-0.697486 1
1.94826 1
4.76366 1
5.88098 1
-0.506935 1
6.95877 1
6.17884 1
3.04995 1
4.80228 1
11.3608 1
4.65856 1
5.72369 1
6.39893 1
4.28289 1
8.15125 1
5.13294 1
12.4378 1
7.70768 1
5.87086 1
4.9228 1
3.46497 1
3.6857 1
10.5062 1
6.86358 1
4.07561 1
5.8084 1
1.8231 1
-3.99141 1
8.57425 1
3.11822 1
4.31746 1
5.16337 1
5.08758 1
3.01624 1
-4.19571 1
0.0281186 1
2.44339 1
11.0593 1
4.99771 1
6.10095 1
1.11205 1
5.31447 1
2.79454 1
3.8128 1
7.07243 1
12.9697 1
4.13192 1
3.98993 1
1.45702 1
2.16696 1
7.37032 1
6.53721 1
10.7455 1
6.86545 1
6.43908 1
3.2556 1
-1.66339 1
5.44148 1
0.301744 1
2.58851 1
12.4558 1
3.86822 1
3.03024 1
4.90971 1
3.16229 1
9.67789 1
2.73344 1
7.75872 1
0.718585 1
6.27744 1
6.00866 1
5.14176 1
3.67559 1
-1.48723 1
11.0204 1
4.4822 1
7.25133 1
7.9557 1
4.97114 1
7.13935 1
5.81418 1
2.89211 1
3.1159 1
0.213301 1
0.512479 1
2.69807 1
5.55261 1
6.54572 1
5.0788 1
9.58387 1
4.92659 1
9.57933 1
7.3346 1
8.88806 1
-2.56247 1
5.63235 1
6.24582 1
3.0232 1
3.57583 1
9.97202 1
6.02104 1
6.91584 1
5.3151 1
6.12681 1
-3.91982 1
3.54486 1
-2.20082 1
4.48005 1
9.75022 1
1.97651 1
6.01422 1
4.60224 1
0.835725 1
-4.77786 1
14.261 1
10.0547 1
8.64137 1
5.04836 1
7.23851 1
14.5604 1
9.93269 1
-2.57325 1
3.77917 1
5.60744 1
7.27909 1
7.58442 1
5.42684 1
8.45717 1
3.29114 1
4.443 1
5.16312 1
5.9658 1
6.59317 1
3.49419 1
3.29271 1
5.08568 1
7.88062 1
2.26734 1
7.70073 1
9.75109 1
5.2861 1
4.05278 1
7.29899 1
8.11697 1
6.51363 1
7.44046 1
4.55873 1
8.94616 1
-2.64837 1
9.71592 1
6.80268 1
1.04754 1
6.25926 1
2.03208 1
8.63824 1
14.6746 1
0.827297 1
5.06536 1
3.86253 1
12.8472 1
4.12224 1
10.5613 1
10.8354 1
6.43265 1
5.9056 1
2.61223 1
5.43313 1
5.7198 1
4.75619 1
10.6657 1
3.6635 1
8.67593 1
9.55265 1
9.248 1
5.24006 1
7.02948 1
6.55173 1
0.422736 1
9.16664 1
1.83636 1
6.78928 1
6.8371 1
7.19654 1
3.33688 1
-0.635307 1
8.05238 1
6.37724 1
9.88083 1
4.76809 1
0.809688 1
7.77415 1
4.35941 1
10.2562 1
-1.55265 1
7.98371 1
6.91785 1
5.85877 1
4.28818 1
4.87034 1
1.70519 1
5.07168 1
-0.114599 1
12.3171 1
2.67184 1
7.19093 1
2.22708 1
5.2783 1
7.59559 1
7.64319 1
2.6282 1
5.72386 1
9.36732 1
5.58426 1
6.48496 1
6.28141 1
3.31204 1
9.93037 1
11.3373 1
11.0419 1
10.0353 1
1.1397 1
3.80852 1
4.19889 1
0.813201 1
0.213949 1
4.44126 1
6.25105 1
-2.15615 1
7.01571 1
7.96463 1
13.7629 1
5.35476 1
9.45535 1
11.867 1
8.24768 1
5.01654 1
0.229479 1
4.89639 1
-0.115386 1
6.99147 1
4.02362 1
11.9033 1
7.91655 1
8.38902 1
1.16242 1
6.5511 1
8.712 1
4.23977 1
7.2994 1
2.42157 1
8.09324 1
4.32929 1
5.48176 1
3.21579 1
-0.257554 1
4.40132 1
7.09873 1
6.98112 1
4.86788 1
3.59182 1
2.86655 1
3.91296 1
3.51633 1
4.73759 1
4.15565 1
-4.43705 1
7.52783 1
2.8858 1
5.59096 1
4.10681 1
-0.233302 1
1.6014 1
9.1647 1
5.33106 1
5.83068 1
4.77235 1
-1.46122 1
9.72289 1
4.45839 1
0.66539 1
6.67179 1
3.39283 1
12.6825 1
-4.43849 1
-3.91518 1
6.08878 1
6.237 1
9.08727 1
10.7487 1
5.3384 1
8.87737 1
5.39273 1
5.86876 1
6.18382 1
6.3763 1
1.75973 1
4.46702 1
5.82345 1
1.99995 1
3.87745 1
4.82409 1
2.14196 1
5.24035 1
2.23151 1
13.2494 1
6.61972 1
3.53888 1
6.68627 1
7.23113 1
3.10008 1
1.49543 1
1.14109 1
4.19312 1
6.53634 1
2.27277 1
5.9953 1
5.09343 1
13.5003 1
4.08384 1
-2.10559 1
10.6476 1
10.6499 1
6.01973 1
7.19563 1
5.78289 1
5.51037 1
6.24757 1
8.75411 1
7.46006 1
5.6216 1
-3.71408 1
13.3826 1
4.70619 1
-2.58001 1
5.29078 1
5.12519 1
5.78673 1
3.94677 1
7.90591 1
5.76394 1
5.10376 1
3.87407 1
5.02863 1
3.74487 1
4.7326 1
1.29528 1
3.69497 1
4.75562 1
9.71562 1
7.66506 1
7.5003 1
3.91025 1
3.70762 1
4.91752 1
6.17789 1
5.54473 1
7.88225 1
4.71542 1
3.68078 1
5.66602 1
4.57791 1
3.60827 1
5.31167 1
3.42292 1
5.09029 1
6.17278 1
2.38187 1
5.85084 1
2.71402 1
5.4809 1
10.2257 1
8.94023 1
14.3597 1
5.15666 1
5.20661 1
4.10994 1
5.77644 1
10.4495 1
7.7798 1
9.84566 1
2.7621 1
3.12065 1
10.8528 1
2.60635 1
3.99415 1
4.48966 1
9.37958 1
12.0001 1
6.5944 1
-2.82324 1
5.33777 1
6.74091 1
12.6606 1
6.59611 1
5.04882 1
4.78757 1
2.15332 1
6.57063 1
3.94335 1
10.5929 1
7.64654 1
11.2473 1
7.85633 1
8.81358 1
4.41772 1
5.01164 1
4.07859 1
4.5965 1
6.99772 1
4.4144 1
6.7609 1
3.11016 1
4.26227 1
5.46804 1
3.09208 1
10.6563 1
-2.69357 1
4.08044 1
8.90867 1
5.3254 1
14.6606 1
7.66666 1
3.11896 1
2.99172 1
5.36597 1
5.39489 1
5.50455 1
2.92553 1
5.94533 1
4.42479 1
6.32745 1
1.12285 1
7.46703 1
3.87212 1
7.85803 1
4.42658 1
3.91216 1
8.92285 1
6.52055 1
5.20026 1
6.16192 1
2.52693 1
4.63525 1
0.308211 1
2.218 1
13.4053 1
4.51708 1
8.24337 1
7.96571 1
5.49509 1
4.54199 1
-0.268624 1
5.64965 1
5.37699 1
4.9786 1
6.11535 1
9.80795 1
4.00339 1
-1.07074 1
2.29974 1
4.40114 1
4.13816 1
0.993603 1
6.08182 1
4.3029 1
3.47101 1
5.86065 1
3.38404 1
6.02412 1
3.89801 1
2.69671 1
6.38018 1
5.58125 1
6.95193 1
5.07412 1
3.779 1
3.98217 1
4.5491 1
-2.08306 1
3.05625 1
4.88759 1
5.22751 1
8.69163 1
6.27274 1
5.22013 1
2.12281 1
8.87859 1
5.58022 1
5.88844 1
4.35257 1
6.7753 1
4.03134 1
0.757239 1
1.71861 1
9.17251 1
-0.164595 1
4.85501 1
7.82122 1
2.78018 1
4.04339 1
12.2513 1
-3.47692 1
7.61827 1
-2.17233 1
5.93007 1
-1.97066 1
5.09642 1
3.70713 1
4.4475 1
5.3881 1
4.9693 1
5.98004 1
6.61504 1
-1.22175 1
3.76514 1
2.64549 1
5.37504 1
6.02466 1
7.28916 1
0.855408 1
3.62536 1
3.78146 1
8.53038 1
4.14495 1
4.39535 1
1.7561 1
10.776 1
-0.439399 1
2.94092 1
2.93114 1
2.59272 1
6.39253 1
1.57054 1
4.48746 1
6.32595 1
7.38293 1
2.85101 1
2.30055 1
2.36448 1
4.41639 1
4.80542 1
0.984641 1
0.797777 1
3.55113 1
4.34269 1
3.82993 1
5.47852 1
8.35268 1
9.90975 1
-0.54364 1
8.26241 1
3.91592 1
6.13306 1
9.40179 1
4.43774 1
4.30002 1
5.03269 1
4.31472 1
11.871 1
-4.369 1
3.65729 1
11.2754 1
5.45924 1
-1.45673 1
4.62674 1
-0.311423 1
7.97568 1
11.6554 1
5.46066 1
2.0771 1
4.97744 1
2.33465 1
8.58664 1
4.51954 1
-0.885448 1
7.51077 1
-0.196374 1
1.4378 1
13.0597 1
7.13741 1
5.76451 1
5.44776 1
7.08286 1
5.14804 1
4.24426 1
6.62661 1
6.25435 1
5.4929 1
4.16294 1
3.98907 1
2.96135 1
10.0004 1
4.83269 1
-0.836631 1
0.583707 1
7.32389 1
3.18813 1
10.0844 1
4.26988 1
7.19153 1
6.43258 1
8.43224 1
4.55919 1
4.69162 1
5.41991 1
8.28186 1
5.81934 1
4.39941 1
12.032 1
8.89511 1
-0.112782 1
6.84989 1
12.8172 1
7.91917 1
7.97475 1
3.3539 1
5.08292 1
-1.55411 1
3.08351 1
0.649944 1
7.95224 1
3.69599 1
5.06523 1
-1.84036 1
11.6594 1
-0.550986 1
2.85003 1
3.30964 1
5.72434 1
1.67467 1
8.31149 1
6.56341 1
2.80162 1
10.6114 1
7.59104 1
4.36253 1
7.46751 1
7.95801 1
6.32685 1
2.27029 1
1.08183 1
2.62567 1
-3.55791 1
3.05669 1
5.79792 1
8.14344 1
5.99356 1
5.16407 1
-4.07747 1
10.6302 1
7.39385 1
2.58428 1
6.11739 1
3.99613 1
3.81734 1
6.89125 1
6.46445 1
6.40342 1
5.07075 1
1.29041 1
6.81233 1
4.66379 1
6.99137 1
2.87559 1
10.2521 1
7.38665 1
0.0896117 1
3.52039 1
0.124494 1
1.96558 1
-2.76678 1
1.0296 1
3.84312 1
7.09785 1
10.0271 1
6.16842 1
9.91102 1
6.28672 1
2.98207 1
4.26352 1
5.61132 1
6.23083 1
1.84277 1
3.29538 1
3.87953 1
6.96662 1
4.84117 1
13.8303 1
7.90659 1
5.36669 1
7.15003 1
-4.04797 1
6.64115 1
7.73245 1
4.50376 1
5.75898 1
6.21203 1
4.19606 1
3.72092 1
8.4629 1
11.1276 1
6.74648 1
5.18419 1
4.61902 1
12.4067 1
7.23795 1
7.2433 1
-1.90937 1
3.86342 1
2.51432 1
8.85256 1
5.70809 1
14.3874 1
4.9529 1
6.14764 1
4.42854 1
0.454023 1
11.0159 1
5.03317 1
5.89092 1
10.3872 1
3.79351 1
5.68846 1
13.1277 1
1.8404 1
4.90479 1
2.05819 1
2.21821 1
4.51422 1
6.34176 1
4.42217 1
6.32753 1
4.08048 1
5.10495 1
8.00804 1
-1.53523 1
2.29435 1
12.0502 1
0.608111 1
6.06901 1
2.70521 1
10.3198 1
5.03145 1
4.07624 1
6.00542 1
2.93816 1
4.44136 1
5.44847 1
4.95849 1
11.9149 1
7.09395 1
3.80924 1
4.06607 1
8.00207 1
4.46133 1
5.97299 1
2.29257 1
5.5 1
8.73093 1
6.40853 1
9.86743 1
2.87749 1
5.68335 1
3.71447 1
8.71525 1
4.24076 1
-2.51023 1
-2.33539 1
2.19543 1
-0.00837083 1
4.36039 1
5.22053 1
1.74408 1
6.14308 1
12.4067 1
7.91198 1
5.27181 1
4.31753 1
5.84806 1
7.4996 1
6.18396 1
6.27472 1
14.4518 1
4.26099 1
2.67516 1
6.43214 1
5.44625 1
5.53791 1
-0.0238337 1
10.4556 1
3.39895 1
3.35033 1
5.44343 1
4.66973 1
4.48119 1
10.3805 1
5.50514 1
8.14801 1
2.55962 1
9.62891 1
2.25716 1
6.86843 1
7.29307 1
5.74593 1
6.2631 1
6.12675 1
1.94938 1
5.58341 1
4.41052 1
4.86298 1
6.10951 1
1.89614 1
8.39038 1
1.28723 1
4.33915 1
4.9488 1
6.31077 1
5.80966 1
1.02271 1
12.0545 1
7.2839 1
5.82599 1
12.837 1
4.61149 1
2.80823 1
14.5691 1
2.45103 1
0.625716 1
12.7337 1
3.82842 1
-4.63773 1
6.56783 1
1.4131 1
3.12482 1
4.61333 1
5.68093 1
0.0460275 1
6.32851 1
6.24319 1
5.32734 1
5.39719 1
10.9708 1
6.74424 1
1.90191 1
6.23372 1
13.7135 1
9.67086 1
3.4034 1
11.1138 1
8.36358 1
-4.09171 1
0.802114 1
4.6937 1
4.14635 1
7.29363 1
8.16356 1
3.37313 1
5.13891 1
7.45034 1
6.6819 1
4.03623 1
6.21693 1
-2.59202 1
3.7297 1
6.7986 1
7.44756 1
6.05017 1
8.04301 1
10.2738 1
7.24828 1
5.06691 1
3.58175 1
1.34851 1
6.48488 1
3.48344 1
5.33236 1
7.22115 1
5.75986 1
3.94399 1
6.65049 1
8.18002 1
2.68802 1
8.24631 1
-3.3541 1
5.95862 1
10.0646 1
7.10289 1
6.80075 1
5.52523 1
6.92689 1
9.02747 1
5.29611 1
6.29968 1
4.09463 1
4.49718 1
1.2013 1
13.1507 1
9.43663 1
9.01258 1
3.59402 1
5.73059 1
3.71677 1
6.63895 1
-1.0906 1
5.88533 1
4.0838 1
0.0705075 1
-4.51224 1
4.95368 1
6.64235 1
10.7183 1
4.06315 1
8.73787 1
7.65957 1
14.1766 1
-2.70848 1
2.08935 1
3.66707 1
12.2818 1
4.35487 1
5.79115 1
9.43708 1
3.85172 1
6.46339 1
6.27846 1
0.885286 1
1.92735 1
8.20084 1
3.40209 1
6.70287 1
4.84857 1
3.91615 1
3.43973 1
7.35851 1
-2.80291 1
0.892548 1
-3.03556 1
6.1026 1
3.48732 1
9.20718 1
4.68635 1
9.46244 1
4.23305 1
4.81435 1
6.35 1
-1.97022 1
3.48995 1
-2.75168 1
6.90707 1
1.79787 1
6.82132 1
2.36996 1
5.30166 1
3.84189 1
6.40057 1
6.37166 1
4.96559 1
3.82533 1
6.98535 1
8.01182 1
4.35563 1
7.66176 1
6.41838 1
4.5654 1
3.9689 1
-0.203453 1
5.93154 1
5.96178 1
1.57183 1
3.32299 1
8.94794 1
9.02949 1
14.4307 1
5.2278 1
9.73529 1
10.1042 1
3.18781 1
3.34695 1
9.26786 1
1.98594 1
4.27075 1
5.11408 1
5.20835 1
9.45051 1
5.06324 1
1.95181 1
6.34256 1
3.24699 1
4.08122 1
3.61518 1
6.46802 1
4.26468 1
2.13863 1
9.44761 1
5.14409 1
2.0378 1
3.56634 1
2.37093 1
4.43345 1
7.61313 1
4.70606 1
6.01593 1
4.27701 1
5.58238 1
6.88614 1
3.63498 1
7.66147 1
6.16832 1
7.18176 1
5.97187 1
1.27198 1
7.57455 1
5.7347 1
3.36463 1
4.7932 1
6.03085 1
-3.90274 1
7.33885 1
3.27094 1
7.8524 1
-0.710281 1
4.75344 1
6.77675 1
5.26829 1
4.49084 1
2.00348 1
-2.78788 1
0.781308 1
5.15314 1
-0.705607 1
3.97557 1
2.94056 1
-4.60638 1
8.53389 1
4.92394 1
6.39846 1
0.930364 1
4.55036 1
10.5553 1
4.87557 1
7.26427 1
7.31619 1
2.04841 1
2.78862 1
2.36986 1
3.56375 1
2.67765 1
4.77047 1
5.74745 1
5.70425 1
14.2849 1
8.13957 1
5.6787 1
5.58688 1
7.05219 1
6.76028 1
9.67659 1
-1.58305 1
5.64454 1
5.96062 1
7.84951 1
9.46483 1
4.98644 1
12.3413 1
6.17861 1
4.39566 1
-0.88103 1
3.53005 1
5.94534 1
1.86653 1
5.03853 1
10.2271 1
6.10019 1
9.1288 1
6.0233 1
-0.339036 1
3.39684 1
6.48484 1
7.1676 1
4.48816 1
5.37659 1
5.69464 1
4.34992 1
7.37413 1
5.12897 1
-2.99111 1
3.02537 1
1.35133 1
-4.80152 1
5.1934 1
1.87792 1
5.80868 1
4.13844 1
6.1759 1
7.81791 1
0.0796416 1
9.90739 1
4.66828 1
1.67998 1
3.33566 1
3.42641 1
6.07665 1
-4.4454 1
6.52423 1
2.70346 1
6.0447 1
7.14071 1
13.8345 1
4.10946 1
-0.0374499 1
5.1354 1
7.44485 1
14.4388 1
5.03713 1
-1.28575 1
4.07406 1
6.55006 1
5.03577 1
7.34046 1
5.16071 1
6.81758 1
4.53665 1
4.564 1
6.02573 1
-1.02843 1
5.95389 1
11.6214 1
3.5566 1
5.14344 1
5.5655 1
1.92816 1
4.62311 1
4.02669 1
7.1153 1
4.5727 1
3.68331 1
1.70007 1
5.2525 1
7.7164 1
0.977511 1
6.12063 1
1.75175 1
4.41527 1
11.1919 1
6.8558 1
4.72168 1
5.60818 1
14.0945 1
5.21026 1
10.6144 1
5.00199 1
4.99545 1
4.95551 1
5.89755 1
-1.0315 1
8.9495 1
5.49168 1
5.44734 1
4.70578 1
0.254992 1
3.55001 1
-3.61694 1
9.56046 1
8.04939 1
8.15395 1
5.08148 1
3.88646 1
5.98381 1
5.51858 1
6.44412 1
7.15834 1
2.93886 1
-1.62831 1
6.70601 1
7.61571 1
9.88093 1
10.4246 1
4.88546 1
6.12921 1
8.15685 1
7.98342 1
10.1407 1
5.69618 1
8.71105 1
8.77095 1
4.7704 1
1.77936 1
6.42967 1
0.53191 1
6.54725 1
5.87472 1
4.30542 1
11.2207 1
3.72965 1
-3.1803 1
3.94387 1
6.58449 1
10.348 1
1.58553 1
1.39735 1
7.13421 1
5.08627 1
6.7847 1
3.53456 1
4.05713 1
-0.676472 1
6.88967 1
-3.99138 1
3.403 1
5.02244 1
5.42958 1
5.79396 1
9.20222 1
-2.16747 1
4.4486 1
8.60498 1
5.81707 1
6.54708 1
7.5967 1
0.578763 1
8.18829 1
1.83921 1
11.3896 1
-0.0578186 1
3.75581 1
12.4925 1
2.58593 1
4.51961 1
12.5413 1
5.20915 1
4.31462 1
2.44692 1
4.19863 1
4.69042 1
5.09391 1
2.61693 1
3.41334 1
7.58198 1
5.36549 1
5.9681 1
11.7297 1
8.98279 1
5.26936 1
2.67437 1
10.4669 1
11.1551 1
4.46533 1
5.30117 1
4.67479 1
4.10546 1
10.7607 1
13.1765 1
5.53497 1
1.11279 1
8.0474 1
11.4779 1
-0.650657 1
-2.63121 1
3.77054 1
5.92947 1
10.7451 1
5.17204 1
3.30664 1
5.01254 1
12.5852 1
9.29394 1
-2.0701 1
8.74361 1
4.7525 1
2.10671 1
5.67607 1
5.24811 1
3.54364 1
6.6892 1
0.198047 1
3.60297 1
3.04518 1
6.81302 1
2.56507 1
10.2763 1
5.76469 1
7.50861 1
0.976173 1
5.28611 1
0.90712 1
5.36489 1
8.06095 1
4.75313 1
3.5656 1
4.64725 1
0.11605 1
-2.95456 1
7.20512 1
5.5324 1
4.33255 1
9.55698 1
1.43893 1
4.55658 1
3.87032 1
-1.48198 1
5.8126 1
8.91864 1
4.69155 1
4.65246 1
6.65268 1
4.14801 1
-1.92429 1
4.46754 1
9.36235 1
12.6083 1
5.9588 1
-4.07983 1
4.44351 1
6.86805 1
7.58665 1
-2.80272 1
2.22708 1
3.3524 1
-1.87732 1
8.10342 1
-0.0674254 1
6.6349 1
8.94725 1
3.78025 1
9.44522 1
6.89856 1
4.01133 1
7.96065 1
3.95591 1
5.94058 1
5.97065 1
8.83898 1
7.07713 1
1.48853 1
6.97706 1
3.22538 1
5.67589 1
3.7015 1
-0.740058 1
1.21108 1
7.74447 1
2.98597 1
6.25213 1
2.76993 1
5.58498 1
5.20724 1
4.5955 1
5.35594 1
5.71311 1
11.2868 1
3.09646 1
-3.61045 1
5.20704 1
7.89294 1
6.67286 1
6.29111 1
3.57629 1
4.26098 1
4.84785 1
7.16447 1
7.65601 1
0.765533 1
4.9823 1
2.93082 1
5.48245 1
8.36161 1
7.17712 1
5.21483 1
5.79837 1
3.60708 1
2.41151 1
5.79509 1
2.80713 1
6.94672 1
4.61776 1
6.75378 1
7.23768 1
-0.74423 1
4.21811 1
5.01918 1
14.3732 1
10.3487 1
2.40992 1
-4.66545 1
-3.93118 1
3.19189 1
7.45289 1
3.99252 1
-4.7359 1
6.13467 1
6.77419 1
5.16129 1
6.2482 1
0.0680124 1
3.44401 1
6.49363 1
3.56165 1
5.75083 1
3.84521 1
4.78537 1
6.03336 1
1.01624 1
3.73074 1
5.56146 1
10.5414 1
6.17876 1
3.7721 1
7.42032 1
1.98187 1
1.41042 1
3.32904 1
8.49247 1
3.67349 1
-4.57217 1
0.0500916 1
5.77029 1
3.30053 1
-0.856361 1
3.61737 1
-4.02766 1
7.75089 1
8.53771 1
6.29642 1
5.08431 1
4.32999 1
12.2356 1
6.03304 1
7.84193 1
3.96578 1
3.51663 1
6.78048 1
5.20836 1
2.01011 1
8.48985 1
6.98841 1
11.8145 1
3.76703 1
3.4855 1
8.25378 1
13.358 1
3.23021 1
6.16745 1
6.7213 1
2.54601 1
-2.1972 1
5.29422 1
4.69728 1
6.15181 1
6.98378 1
10.1176 1
0.770117 1
10.7234 1
1.51963 1
4.09323 1
3.41828 1
5.73054 1
2.76477 1
4.65856 1
5.20044 1
4.8345 1
5.53841 1
5.70047 1
1.75086 1
4.87238 1
7.45577 1
0.694601 1
4.11968 1
4.22124 1
11.2706 1
5.48227 1
-2.8073 1
6.05829 1
4.6153 1
2.87939 1
6.19292 1
2.01099 1
0.182322 1
1.5852 1
7.03995 1
5.95289 1
2.70411 1
6.1067 1
10.3026 1
6.87037 1
3.2225 1
2.46629 1
11.2171 1
6.3435 1
6.53205 1
6.06133 1
4.35238 1
5.01698 1
6.29996 1
4.60079 1
5.92867 1
7.63753 1
5.76843 1
6.0654 1
2.37264 1
7.28342 1
7.7098 1
6.49075 1
-0.976279 1
4.54255 1
2.78688 1
9.06696 1
14.2827 1
4.5599 1
11.6508 1
4.80737 1
4.91257 1
3.82271 1
6.03815 1
2.05289 1
4.31904 1
2.06782 1
5.72672 1
3.29432 1
3.62139 1
3.22756 1
9.02946 1
6.50605 1
12.093 1
7.80072 1
3.95987 1
2.5247 1
-2.96032 1
-1.04387 1
5.14176 1
5.40094 1
-0.502869 1
7.33267 1
4.60728 1
-1.67761 1
4.6865 1
-4.14082 1
4.71991 1
-2.25306 1
13.1783 1
5.26275 1
3.08904 1
10.9585 1
4.13786 1
3.38963 1
1.04789 1
7.72183 1
7.28053 1
6.99582 1
5.54048 1
6.46747 1
4.50202 1
5.37075 1
4.382 1
7.23691 1
3.85814 1
5.40753 1
6.42921 1
7.52693 1
6.39059 1
4.36918 1
5.44973 1
0.398376 1
14.6061 1
7.47191 1
5.9141 1
8.27113 1
4.84806 1
8.51496 1
5.34904 1
6.22362 1
13.2543 1
1.60088 1
5.65033 1
4.9892 1
4.81938 1
4.14378 1
7.61648 1
4.21889 1
7.73985 1
-2.46541 1
10.1952 1
7.186 1
9.15555 1
7.16791 1
1.74596 1
3.90256 1
3.96641 1
5.00042 1
4.29234 1
0.682508 1
5.43735 1
6.32852 1
-1.33607 1
10.9443 1
5.09435 1
10.6781 1
5.37477 1
4.87832 1
2.04577 1
2.81295 1
9.14152 1
4.42565 1
9.12773 1
3.11466 1
4.55042 1
5.2527 1
3.97096 1
5.14216 1
1.43753 1
1.87616 1
-0.268145 1
5.98533 1
3.86323 1
10.4087 1
1.85144 1
0.174601 1
-0.946552 1
2.32678 1
3.81685 1
5.18628 1
4.58981 1
4.26585 1
6.09539 1
3.00512 1
6.82463 1
5.24671 1
5.58584 1
2.8315 1
-3.45935 1
6.20288 1
5.03358 1
2.5542 1
8.15546 1
3.88703 1
4.17173 1
5.22361 1
10.4725 1
11.2578 1
10.8242 1
6.31979 1
-1.34639 1
2.25673 1
7.87435 1
-1.89528 1
10.7354 1
0.548193 1
8.17128 1
5.83073 1
2.14958 1
6.94286 1
-1.30608 1
8.38857 1
10.1572 1
7.0543 1
3.48587 1
9.31186 1
4.22753 1
9.04041 1
6.80636 1
4.61607 1
4.7586 1
4.64877 1
5.16109 1
2.51006 1
-0.732002 1
5.44424 1
6.63664 1
4.73433 1
7.97175 1
1.21325 1
3.52206 1
3.52847 1
-1.58477 1
0.825254 1
9.79755 1
9.55681 1
6.22697 1
8.52738 1
5.01849 1
5.17768 1
4.70097 1
3.39507 1
4.28437 1
5.37299 1
5.71034 1
3.26901 1
8.21586 1
5.73432 1
4.36159 1
7.41993 1
3.06103 1
-4.40077 1
2.86815 1
5.96214 1
7.15535 1
5.42273 1
1.76353 1
6.6958 1
4.64208 1
0.399426 1
4.24605 1
6.19824 1
11.6932 1
5.09369 1
3.97605 1
6.23376 1
5.66398 1
5.88077 1
9.25286 1
4.1558 1
-3.42893 1
7.77182 1
6.32539 1
5.1781 1
0.602168 1
5.18858 1
4.50766 1
8.52269 1
5.1631 1
6.41264 1
2.91089 1
0.089953 1
6.10725 1
4.82479 1
1.55478 1
5.52122 1
3.77266 1
6.92737 1
4.52744 1
4.07323 1
8.82864 1
9.40154 1
6.06861 1
3.37421 1
5.01354 1
9.32529 1
7.67698 1
3.76932 1
9.6479 1
10.4179 1
5.54462 1
-4.22107 1
8.49817 1
9.96606 1
8.00302 1
3.52085 1
7.43701 1
13.4949 1
9.94514 1
6.53716 1
-2.86052 1
6.86427 1
7.44187 1
9.14367 1
1.53785 1
4.08383 1
6.13939 1
6.58699 1
8.36285 1
5.44756 1
1.9316 1
8.27745 1
-0.251444 1
5.22252 1
4.78516 1
5.5679 1
6.61896 1
2.96514 1
5.56542 1
-0.434547 1
4.28772 1
5.52754 1
10.7635 1
12.7144 1
4.98384 1
5.46814 1
9.69806 1
7.59478 1
3.35698 1
7.81129 1
4.785 1
4.6321 1
8.46095 1
10.1225 1
2.57846 1
5.17054 1
4.58745 1
1.46865 1
4.44314 1
4.45234 1
2.62555 1
7.66909 1
4.28982 1
4.59195 1
1.79762 1
4.63337 1
4.66877 1
12.287 1
8.69891 1
4.94237 1
6.69187 1
6.81903 1
10.2349 1
4.31274 1
6.09168 1
8.90981 1
4.53666 1
3.96164 1
3.48505 1
2.64125 1
4.74312 1
3.71033 1
4.80561 1
10.7364 1
6.92835 1
2.67369 1
7.48153 1
1.43475 1
8.87388 1
7.40719 1
3.68255 1
3.53572 1
2.64927 1
3.7634 1
6.53536 1
4.29348 1
7.05094 1
14.0255 1
3.3864 1
1.69519 1
11.6824 1
11.266 1
0.14852 1
4.63871 1
2.99019 1
2.98011 1
4.05752 1
3.1734 1
3.40808 1
4.77445 1
2.47518 1
2.18519 1
-1.00215 1
3.23918 1
6.23838 1
8.27525 1
-0.447779 1
4.55055 1
7.24518 1
5.58472 1
10.2897 1
11.155 1
4.72655 1
6.60927 1
5.01067 1
3.61733 1
3.77314 1
1.36279 1
4.73315 1
4.67246 1
3.36578 1
5.84229 1
0.808949 1
7.00039 1
4.75044 1
3.6926 1
7.39624 1
5.98963 1
4.50882 1
3.54066 1
11.8628 1
6.61591 1
3.28239 1
5.35504 1
6.04674 1
0.267635 1
5.89925 1
3.15214 1
3.03229 1
1.22185 1
3.57973 1
4.17106 1
2.02936 1
2.58449 1
3.25524 1
3.99789 1
4.76455 1
3.7414 1
5.08809 1
4.75304 1
6.2322 1
6.44201 1
4.73108 1
5.18423 1
4.10179 1
-0.411753 1
11.1513 1
2.82367 1
4.50795 1
6.17626 1
3.82806 1
5.83942 1
-0.232341 1
8.60449 1
5.50439 1
3.3558 1
3.74948 1
6.16557 1
9.94479 1
8.73156 1
4.79566 1
4.60736 1
4.49471 1
6.82591 1
3.45647 1
4.9681 1
2.6885 1
9.52095 1
2.02235 1
-4.42771 1
4.26507 1
4.00359 1
-1.7503 1
1.94017 1
4.35595 1
2.43046 1
4.41866 1
3.69683 1
7.10709 1
4.84027 1
3.23561 1
1.78352 1
5.76049 1
2.99488 1
4.63517 1
-4.04925 1
4.61736 1
4.32525 1
6.00363 1
5.46173 1
6.03598 1
6.78023 1
6.17223 1
4.62226 1
6.93726 1
5.01527 1
4.12315 1
5.65301 1
4.90237 1
6.90859 1
7.21877 1
3.95635 1
5.36998 1
9.88096 1
4.32008 1
8.22191 1
4.6814 1
1.7965 1
8.51231 1
1.65219 1
2.91397 1
12.8826 1
14.199 1
7.80146 1
4.7834 1
5.64276 1
12.3629 1
12.3661 1
3.41576 1
4.17673 1
4.20161 1
4.53483 1
2.58154 1
6.45472 1
2.12839 1
2.93882 1
7.97102 1
6.95096 1
2.87858 1
2.6292 1
5.3569 1
12.9389 1
4.80531 1
11.549 1
-0.0815943 1
7.09562 1
6.22844 1
5.09599 1
-3.47316 1
1.15056 1
9.21753 1
8.39675 1
8.47946 1
6.39091 1
3.47366 1
5.55524 1
10.6041 1
6.16761 1
7.91815 1
6.37115 1
5.35523 1
4.7863 1
6.54648 1
3.28053 1
13.5543 1
7.19948 1
4.96306 1
-3.85714 1
1.27676 1
5.56393 1
4.29479 1
5.01145 1
5.70781 1
4.12587 1
8.34962 1
-3.759 1
6.17476 1
-3.78165 1
5.38338 1
2.53491 1
3.00351 1
3.46246 1
4.21882 1
3.11566 1
3.29559 1
-2.67095 1
8.70606 1
14.3069 1
1.01958 1
5.99659 1
10.09 1
4.91184 1
5.97708 1
5.68457 1
10.4731 1
1.62764 1
5.76042 1
11.0264 1
4.65987 1
7.47535 1
4.60201 1
8.88983 1
1.8831 1
6.24125 1
5.5792 1
2.86521 1
0.830922 1
6.50761 1
6.32987 1
4.03102 1
6.90245 1
5.81234 1
4.48313 1
0.356399 1
2.47174 1
4.34784 1
5.55475 1
6.19855 1
6.25455 1
6.33566 1
4.03616 1
0.989194 1
2.19101 1
7.2567 1
12.5047 1
3.15821 1
5.01126 1
7.73574 1
9.79441 1
3.92899 1
6.23647 1
1.71889 1
7.52349 1
4.20315 1
2.48871 1
4.53072 1
4.72939 1
9.44426 1
5.89351 1
6.07263 1
6.42871 1
6.01691 1
9.80942 1
6.36489 1
12.0776 1
4.0054 1
4.52622 1
4.46161 1
1.95349 1
4.65738 1
4.32957 1
3.38635 1
1.94643 1
3.1206 1
4.88691 1
2.61929 1
3.10491 1
4.32157 1
5.52224 1
5.71953 1
6.16011 1
-0.637219 1
2.43866 1
4.68285 1
2.29717 1
-2.38037 1
4.93048 1
4.53285 1
6.7718 1
-0.715632 1
5.62093 1
-3.3857 1
9.68066 1
1.95094 1
5.33133 1
1.61051 1
8.92121 1
10.55 1
2.24055 1
-0.999187 1
5.10738 1
1.40201 1
6.00847 1
7.86575 1
2.77923 1
12.112 1
4.81556 1
4.21101 1
2.92435 1
4.24311 1
5.6555 1
7.59517 1
-1.47775 1
7.31931 1
4.45489 1
4.58054 1
7.52218 1
5.21571 1
3.86067 1
5.01771 1
5.41411 1
2.83791 1
8.0166 1
8.60371 1
4.63801 1
4.05521 1
5.15696 1
3.393 1
5.15183 1
8.62161 1
3.30984 1
3.61909 1
8.07478 1
4.80659 1
6.20098 1
4.75166 1
6.88702 1
5.05587 1
10.189 1
5.37594 1
6.92358 1
-0.0811884 1
6.98602 1
6.16618 1
4.80834 1
-1.24743 1
-0.910874 1
2.86571 1
2.96936 1
5.60112 1
2.77484 1
-0.541341 1
2.59912 1
2.93122 1
5.41993 1
8.45158 1
12.0052 1
3.28501 1
13.4952 1
5.93249 1
5.36673 1
1.91844 1
6.18265 1
5.23416 1
5.33573 1
5.30121 1
0.377307 1
8.60624 1
3.06041 1
4.83507 1
5.51834 1
3.98679 1
5.77968 1
9.70852 1
3.98771 1
3.78665 1
3.03445 1
6.68815 1
2.10811 1
2.09554 1
4.02668 1
1.96116 1
4.28615 1
6.12813 1
7.00969 1
3.08496 1
4.19395 1
5.79495 1
-0.836862 1
1.93673 1
3.44425 1
4.1888 1
7.54248 1
4.59927 1
4.59742 1
-2.6974 1
8.58537 1
9.44256 1
1.77824 1
6.53065 1
7.25258 1
6.17408 1
6.03518 1
5.48011 1
4.68868 1
4.03531 1
3.76599 1
6.4598 1
10.2335 1
2.80557 1
3.02615 1
8.0728 1
6.69125 1
0.747591 1
6.4644 1
4.13339 1
5.27197 1
12.247 1
5.62296 1
8.15041 1
10.0887 1
7.84483 1
7.25798 1
4.4596 1
-1.06909 1
5.81617 1
3.70272 1
3.35109 1
4.45163 1
7.67337 1
-0.749749 1
3.77005 1
3.22962 1
7.84111 1
3.36773 1
0.480382 1
5.38458 1
5.33254 1
3.5157 1
5.48798 1
3.64874 1
0.148931 1
-3.11564 1
1.07878 1
3.95309 1
1.12907 1
6.46843 1
5.32818 1
5.3906 1
3.37298 1
7.78106 1
3.01402 1
6.64283 1
9.38138 1
-2.00488 1
6.60465 1
2.39657 1
5.12549 1
3.24874 1
3.56926 1
2.00879 1
3.61441 1
7.15995 1
8.6425 1
14.5207 1
1.22863 1
2.11339 1
10.8723 1
5.26589 1
-0.12873 1
3.70443 1
5.58282 1
2.36683 1
1.82853 1
8.85754 1
4.49137 1
0.208148 1
3.33732 1
7.96749 1
0.872399 1
5.36072 1
0.748384 1
10.9596 1
5.52339 1
8.44949 1
6.69043 1
4.99614 1
3.98737 1
13.8032 1
3.50152 1
4.5688 1
2.93387 1
4.89234 1
5.92767 1
0.89496 1
7.56399 1
10.5839 1
5.31367 1
7.70657 1
5.88425 1
4.09427 1
-1.9043 1
2.75007 1
4.44935 1
5.6715 1
5.27246 1
10.318 1
9.63407 1
1.45565 1
3.58645 1
1.69143 1
10.9679 1
2.5828 1
4.49355 1
8.84876 1
-2.48938 1
1.20284 1
9.75308 1
7.48354 1
2.33978 1
5.99179 1
4.55421 1
4.48298 1
3.39271 1
4.37748 1
-0.427106 1
4.91916 1
5.25965 1
3.21669 1
7.144 1
13.9304 1
5.23337 1
7.34373 1
5.99603 1
5.98658 1
2.45224 1
4.11093 1
3.05338 1
-2.92072 1
-4.4485 1
5.58185 1
8.11274 1
4.78689 1
2.54956 1
3.71731 1
2.49709 1
3.23003 1
4.34693 1
9.41036 1
10.0519 1
5.50868 1
4.92566 1
3.34261 1
1.10101 1
6.84084 1
10.4039 1
5.99994 1
7.01539 1
-2.62476 1
5.66605 1
5.24041 1
10.1931 1
5.46829 1
5.19952 1
6.20336 1
-2.75666 1
3.65556 1
7.45522 1
7.72584 1
4.5777 1
5.02517 1
1.87496 1
2.09865 1
5.59731 1
12.6673 1
5.9418 1
3.48979 1
5.9575 1
2.14328 1
9.39114 1
10.9899 1
5.09062 1
7.98638 1
3.88574 1
9.34797 1
-0.161224 1
5.06561 1
6.66724 1
7.27266 1
9.04237 1
4.24467 1
1.97974 1
6.89011 1
12.9731 1
2.42229 1
6.61746 1
1.01686 1
7.58322 1
3.4074 1
3.41889 1
0.0976255 1
0.821656 1
5.08995 1
7.05646 1
4.86622 1
4.04253 1
2.44521 1
5.06357 1
8.28598 1
6.73382 1
7.15804 1
5.85739 1
5.24559 1
6.07331 1
10.7437 1
13.1661 1
-1.99373 1
4.00009 1
6.82887 1
2.24633 1
8.99105 1
4.70072 1
9.78724 1
-2.80284 1
5.18681 1
9.75226 1
5.13905 1
4.1222 1
2.60628 1
13.1831 1
4.53182 1
-4.14799 1
6.55165 1
4.92016 1
6.73945 1
3.15985 1
7.6014 1
5.00059 1
5.38474 1
6.28628 1
7.14655 1
0.0763023 1
-1.81585 1
4.9876 1
5.68736 1
10.7647 1
8.4596 1
4.67335 1
3.24248 1
6.43593 1
8.3538 1
6.63037 1
8.29309 1
-1.45677 1
4.6493 1
4.45724 1
1.51603 1
6.56835 1
4.29235 1
1.89586 1
7.79808 1
2.59496 1
-1.92177 1
5.4048 1
5.94678 1
5.55155 1
4.28476 1
4.82767 1
2.85396 1
5.74464 1
5.40354 1
9.38102 1
-0.53255 1
0.38582 1
-0.530243 1
1.89678 1
4.34312 1
5.81175 1
5.74204 1
6.57782 1
4.91856 1
3.99758 1
3.53173 1
5.91922 1
12.434 1
6.93446 1
5.90523 1
9.19779 1
0.665984 1
2.85749 1
1.84251 1
4.80159 1
3.42507 1
3.20966 1
4.52867 1
-4.08474 1
5.24464 1
3.87216 1
9.03268 1
3.67587 1
5.40295 1
5.69615 1
11.1778 1
4.68987 1
1.02453 1
4.63515 1
-3.2862 1
2.08017 1
3.74767 1
6.18239 1
3.2833 1
5.53296 1
4.97066 1
3.13533 1
4.50608 1
1.95519 1
4.25968 1
8.24549 1
-4.75702 1
7.74273 1
4.93027 1
4.82259 1
5.87932 1
7.2598 1
-4.48488 1
1.10675 1
9.80069 1
7.62964 1
6.74134 1
13.4453 1
5.98268 1
3.14653 1
2.98259 1
5.73101 1
5.2818 1
13.1661 1
0.48892 1
7.17743 1
4.38405 1
1.70739 1
4.1857 1
0.429226 1
7.46648 1
4.25225 1
-2.58962 1
5.57927 1
6.29746 1
7.83672 1
5.83072 1
6.42616 1
4.17392 1
-4.35187 1
5.38445 1
2.55925 1
1.48918 1
4.36505 1
2.58002 1
4.10645 1
4.62117 1
4.80443 1
5.34447 1
5.76289 1
2.09623 1
5.21011 1
1.75952 1
11.4939 1
3.89837 1
4.97309 1
9.75986 1
-3.76367 1
4.92348 1
-3.84588 1
5.37866 1
2.42564 1
7.34681 1
4.73591 1
5.60119 1
5.17678 1
7.65135 1
6.74405 1
-3.34468 1
3.71271 1
4.32824 1
5.14969 1
2.41734 1
3.0001 1
3.81445 1
1.62882 1
6.87759 1
7.23965 1
5.25886 1
2.17478 1
3.74757 1
4.99312 1
4.98904 1
0.0255963 1
8.84335 1
-0.480744 1
6.53381 1
1.49443 1
5.79346 1
0.346304 1
3.32133 1
4.19601 1
10.0134 1
4.08511 1
4.83996 1
4.13158 1
9.33456 1
8.63944 1
6.26432 1
5.65789 1
12.9478 1
6.86002 1
4.42052 1
-4.31002 1
3.38036 1
3.45228 1
5.62 1
-2.02826 1
10.5146 1
0.928206 1
3.50129 1
6.99393 1
6.2378 1
3.6255 1
4.99729 1
4.43135 1
9.58947 1
3.07276 1
14.673 1
4.69684 1
7.98482 1
6.40487 1
8.17591 1
6.21213 1
-0.230614 1
2.57275 1
-0.764864 1
8.30384 1
6.53699 1
2.8306 1
5.17263 1
7.20615 1
9.28619 1
9.40793 1
3.78642 1
7.93298 1
6.87499 1
-0.260211 1
6.45409 1
3.40704 1
6.09743 1
6.98946 1
7.73344 1
7.44798 1
8.50521 1
4.10894 1
5.99857 1
3.99832 1
4.99059 1
1.66185 1
7.29748 1
0.742039 1
2.96483 1
4.9377 1
7.50893 1
0.584086 1
2.27024 1
3.8269 1
7.77206 1
5.69436 1
-3.39974 1
1.17101 1
10.8711 1
3.63246 1
9.51211 1
2.89558 1
14.5246 1
4.25436 1
5.96054 1
8.60752 1
4.87656 1
3.57672 1
5.74763 1
8.35527 1
3.79834 1
4.18996 1
7.45911 1
6.12965 1
5.18102 1
8.85062 1
-2.24807 1
6.46579 1
5.9316 1
3.78688 1
9.6745 1
-2.14026 1
7.73631 1
4.75689 1
7.57814 1
6.23513 1
5.33147 1
2.0822 1
2.94335 1
4.79413 1
13.9348 1
4.58709 1
6.01329 1
6.38854 1
8.16206 1
5.75798 1
9.94189 1
5.9926 1
0.0573015 1
7.57865 1
9.50359 1
3.53658 1
4.46736 1
4.18393 1
4.83021 1
0.846544 1
3.88368 1
5.9663 1
6.07047 1
4.94972 1
3.64714 1
8.82131 1
3.79937 1
4.26617 1
6.19721 1
4.21899 1
8.71824 1
3.19521 1
2.97148 1
5.30664 1
8.23509 1
4.82748 1
0.70435 1
4.98865 1
5.57776 1
4.33494 1
8.78844 1
4.73331 1
3.34633 1
6.46456 1
10.8892 1
7.3028 1
3.2625 1
2.69175 1
6.69028 1
4.0033 1
-4.25046 1
5.13922 1
8.49996 1
6.00826 1
10.8898 1
5.70424 1
6.17521 1
4.25374 1
5.15611 1
-0.428764 1
3.05598 1
2.77388 1
4.01362 1
0.967096 1
3.72869 1
2.02851 1
5.83244 1
5.2601 1
5.89897 1
-0.170542 1
2.56593 1
4.841 1
3.04447 1
7.83219 1
3.32643 1
6.9756 1
3.88642 1
6.66356 1
3.4643 1
5.08608 1
4.90889 1
4.25029 1
6.25888 1
2.89493 1
3.85674 1
2.97809 1
5.5131 1
5.18189 1
9.76779 1
9.2122 1
4.06513 1
1.48157 1
7.77975 1
7.81833 1
3.84507 1
5.22015 1
5.97978 1
3.65877 1
3.18935 1
3.8412 1
3.89667 1
6.45969 1
2.52204 1
1.05689 1
-0.0448498 1
5.66717 1
6.80932 1
4.11358 1
14.1506 1
6.17672 1
5.6358 1
4.12966 1
-3.83154 1
7.14087 1
2.50533 1
4.72357 1
4.4012 1
2.39053 1
-2.36982 1
5.23998 1
3.48272 1
4.39809 1
-0.890555 1
10.2959 1
2.51147 1
7.67227 1
6.11498 1
7.2667 1
0.726698 1
10.9092 1
10.4037 1
5.28605 1
4.32556 1
3.87968 1
3.45451 1
6.13257 1
5.6766 1
5.95705 1
3.87678 1
2.99782 1
5.8518 1
0.0356153 1
2.23044 1
2.85906 1
7.19272 1
-3.56385 1
8.09085 1
4.10577 1
3.82901 1
7.16587 1
4.93969 1
2.56785 1
3.52701 1
4.41125 1
4.42905 1
3.35278 1
-3.52844 1
4.47753 1
4.5264 1
1.95557 1
1.56686 1
6.40186 1
1.68865 1
6.30015 1
2.51611 1
2.07785 1
6.55586 1
-3.50143 1
6.42712 1
6.11754 1
4.00313 1
9.89355 1
0.174783 1
6.60486 1
3.5751 1
6.89478 1
5.34722 1
8.4144 1
7.76082 1
2.84212 1
3.08661 1
9.58153 1
4.6155 1
6.1452 1
4.86594 1
6.55683 1
3.05956 1
4.02066 1
2.94784 1
3.01529 1
-3.08537 1
5.31298 1
1.81086 1
6.43407 1
1.99644 1
-4.5028 1
6.92159 1
0.509963 1
5.8366 1
12.5516 1
3.57275 1
6.47654 1
4.91898 1
10.2155 1
6.42194 1
3.71336 1
-0.716491 1
3.45305 1
7.44832 1
1.68466 1
2.67116 1
2.44532 1
5.22971 1
8.60815 1
1.04979 1
7.64287 1
5.80307 1
14.8338 1
9.721 1
6.60094 1
4.50613 1
5.24394 1
2.60423 1
4.28989 1
4.21411 1
3.61029 1
3.20168 1
3.29099 1
5.11527 1
1.00603 1
5.59635 1
7.52505 1
4.92663 1
8.15633 1
7.55728 1
7.21439 1
4.02838 1
4.36854 1
2.49323 1
6.69933 1
2.99238 1
5.00521 1
-2.97137 1
6.87733 1
3.03392 1
10.9128 1
4.90001 1
-2.62476 1
7.887 1
5.72689 1
5.05764 1
5.0204 1
7.32059 1
9.7403 1
8.37416 1
12.9999 1
3.14672 1
5.6606 1
8.61073 1
5.78364 1
7.76449 1
5.23501 1
5.65133 1
1.39733 1
7.06023 1
4.84913 1
5.31826 1
-1.98987 1
9.90969 1
10.631 1
6.99822 1
14.0689 1
14.5104 1
4.24005 1
5.21502 1
3.36132 1
-1.7438 1
4.86566 1
10.7312 1
9.0894 1
-1.51983 1
4.54205 1
5.615 1
6.08265 1
5.55719 1
3.40685 1
4.60229 1
11.7567 1
5.73526 1
11.6601 1
3.65782 1
4.33496 1
0.787118 1
-1.59218 1
5.88155 1
5.98317 1
7.31191 1
6.82662 1
1.73612 1
6.13396 1
4.36704 1
4.45759 1
-1.12844 1
9.1086 1
-3.10399 1
3.29468 1
4.98726 1
4.45554 1
5.9209 1
10.037 1
5.07669 1
5.2099 1
5.28532 1
6.56181 1
10.2493 1
4.0613 1
9.3411 1
4.58763 1
3.70973 1
5.11141 1
10.1321 1
5.24803 1
9.83982 1
0.70883 1
10.2455 1
4.69641 1
2.27229 1
6.20593 1
3.39307 1
3.04918 1
-3.83563 1
9.99106 1
14.1712 1
4.56369 1
4.3143 1
2.03566 1
4.70208 1
2.56826 1
4.76762 1
4.0273 1
1.91223 1
10.4762 1
5.08837 1
3.73854 1
1.49768 1
10.7133 1
-1.58504 1
5.61512 1
4.09448 1
2.52596 1
4.19178 1
9.21747 1
4.62062 1
3.19504 1
10.0833 1
6.75734 1
7.95384 1
5.59007 1
2.07436 1
1.35601 1
6.50574 1
5.90974 1
6.08968 1
3.42575 1
2.21602 1
4.66626 1
11.6145 1
6.90496 1
-2.34297 1
5.25464 1
2.66741 1
7.36953 1
6.7687 1
10.9973 1
3.475 1
5.67815 1
7.8552 1
5.76575 1
3.5671 1
6.44185 1
4.89961 1
4.62831 1
9.27865 1
3.16715 1
1.24221 1
3.76284 1
2.79095 1
0.779991 1
0.162023 1
4.87035 1
6.40324 1
12.8554 1
11.2071 1
4.76038 1
1.60171 1
6.27118 1
8.20411 1
12.4577 1
4.11793 1
7.35448 1
2.94993 1
2.89506 1
4.21851 1
6.01059 1
5.86266 1
3.5577 1
5.75326 1
14.7777 1
-2.11707 1
5.92915 1
4.96917 1
13.2624 1
6.85861 1
5.19065 1
6.14615 1
4.725 1
6.38118 1
6.17569 1
2.94993 1
-2.69508 1
7.4119 1
12.3939 1
5.47524 1
6.16279 1
9.81857 1
3.56703 1
4.81958 1
6.54583 1
2.03405 1
5.4082 1
7.80387 1
-1.57348 1
3.21389 1
7.72836 1
6.04539 1
7.49824 1
9.16316 1
6.71125 1
4.44421 1
6.21021 1
3.44639 1
2.11105 1
-0.276718 1
4.69527 1
-2.90446 1
2.74782 1
3.18101 1
5.25677 1
6.7008 1
6.83842 1
6.36295 1
4.26641 1
5.52589 1
3.43309 1
4.4123 1
6.44251 1
7.04401 1
6.04495 1
1.75226 1
11.9891 1
4.10409 1
6.9909 1
5.27275 1
5.93331 1
6.98525 1
5.18892 1
7.45599 1
5.79273 1
5.33196 1
13.6926 1
4.37679 1
5.70152 1
2.12363 1
5.45169 1
-3.45553 1
1.8733 1
7.32228 1
9.91755 1
2.35211 1
4.75594 1
2.09131 1
1.98003 1
1.57023 1
5.54401 1
3.9016 1
-2.67895 1
5.2442 1
4.54484 1
5.72035 1
5.18655 1
-0.443516 1
5.72692 1
7.38873 1
2.85223 1
-1.47865 1
-3.40614 1
10.8703 1
6.93644 1
2.45816 1
6.74011 1
2.35737 1
7.85066 1
3.36879 1
3.75159 1
8.2851 1
4.85974 1
5.86173 1
11.7539 1
-3.13953 1
6.91405 1
5.20066 1
1.95199 1
3.52607 1
-4.34643 1
8.17763 1
3.75871 1
0.123935 1
5.24258 1
7.0202 1
6.58254 1
7.39232 1
3.78242 1
-3.38757 1
3.74627 1
6.07973 1
9.83877 1
5.65033 1
0.0876106 1
4.94203 1
5.30399 1
4.53668 1
2.8393 1
4.00606 1
-0.729978 1
14.1728 1
4.46248 1
7.03147 1
3.96529 1
2.61533 1
5.33196 1
6.04883 1
2.58912 1
6.42172 1
1.07834 1
6.13279 1
1.73497 1
2.46796 1
8.53597 1
4.83698 1
7.20344 1
6.07785 1
4.4522 1
4.8872 1
9.02896 1
10.0403 1
6.77957 1
3.94008 1
6.46983 1
1.95586 1
5.99958 1
4.06975 1
5.17417 1
3.55713 1
4.18609 1
0.629288 1
4.09836 1
6.71433 1
8.01535 1
1.50947 1
5.32216 1
7.13004 1
7.37463 1
4.26746 1
5.76346 1
5.2642 1
5.279 1
5.44757 1
3.12446 1
6.36651 1
4.98646 1
5.86732 1
6.91194 1
9.99082 1
1.44408 1
3.53205 1
5.31779 1
5.4033 1
2.82771 1
-4.25153 1
2.65407 1
5.32662 1
8.94448 1
-0.332861 1
11.6638 1
10.1743 1
5.84263 1
4.58285 1
-3.87271 1
8.96831 1
3.67427 1
1.65498 1
1.72849 1
6.54129 1
5.43133 1
8.47184 1
1.97327 1
5.33906 1
3.08134 1
7.90025 1
4.3489 1
5.00124 1
0.67864 1
4.65431 1
6.24891 1
6.5236 1
4.93041 1
7.70551 1
5.20299 1
6.14971 1
9.13766 1
-3.21621 1
5.52379 1
2.24922 1
8.46938 1
5.75617 1
1.28201 1
2.71411 1
4.76234 1
2.27131 1
3.9987 1
4.32105 1
6.54804 1
2.17688 1
4.38526 1
5.23165 1
5.92235 1
8.47412 1
12.9722 1
-1.17731 1
2.98967 1
3.26113 1
-0.572212 1
6.70596 1
2.9516 1
9.15842 1
10.3307 1
8.18283 1
4.32579 1
11.7882 1
4.79393 1
4.51618 1
2.526 1
12.9105 1
6.01183 1
5.47875 1
4.13051 1
-3.619 1
2.69378 1
6.08137 1
4.89779 1
3.35135 1
3.0986 1
12.5398 1
6.99278 1
8.11523 1
10.068 1
4.2289 1
8.15623 1
5.45644 1
3.93268 1
4.25662 1
14.0325 1
3.21203 1
5.30348 1
5.82357 1
6.05858 1
0.544269 1
6.11508 1
-0.0739992 1
9.99702 1
11.5515 1
1.42597 1
5.11967 1
-0.685611 1
8.68013 1
4.82859 1
6.24609 1
13.3777 1
-1.44309 1
6.19308 1
5.83917 1
4.5646 1
4.82713 1
7.23416 1
0.994172 1
6.20518 1
5.07127 1
4.63188 1
4.59259 1
8.60812 1
5.84202 1
9.0612 1
5.21912 1
5.25796 1
7.37931 1
5.40775 1
7.65443 1
5.8943 1
2.82613 1
1.78699 1
1.65431 1
4.16174 1
-3.7797 1
3.09743 1
5.439 1
13.4708 1
6.53527 1
2.21569 1
-3.54457 1
2.64635 1
6.38532 1
4.83577 1
4.13696 1
7.6141 1
5.45316 1
4.39496 1
4.07026 1
1.43495 1
12.3558 1
-1.68927 1
3.80522 1
5.66425 1
6.2487 1
0.157356 1
7.6732 1
5.67222 1
-0.723886 1
-0.450094 1
3.69578 1
13.6478 1
3.70132 1
1.99829 1
7.97051 1
7.07995 1
3.38222 1
2.5421 1
5.85544 1
8.52753 1
7.86075 1
4.23434 1
3.5712 1
2.2843 1
2.28757 1
7.40629 1
4.706 1
5.05136 1
6.18583 1
-2.4985 1
3.12906 1
13.5816 1
3.43102 1
4.46268 1
13.7203 1
4.55125 1
6.21547 1
5.28364 1
3.94743 1
10.092 1
3.67044 1
5.76954 1
9.65713 1
6.314 1
5.41615 1
4.39621 1
6.36323 1
4.47235 1
5.00808 1
10.3536 1
7.88738 1
6.72696 1
5.17625 1
5.85111 1
3.67549 1
0.164547 1
5.31986 1
3.26216 1
6.25372 1
11.6972 1
9.71603 1
5.39785 1
6.25122 1
7.51391 1
5.09275 1
4.42526 1
3.87693 1
10.1619 1
-1.45144 1
6.62377 1
3.79847 1
6.03895 1
8.06822 1
5.64123 1
6.76462 1
7.39209 1
4.30626 1
3.17151 1
8.69876 1
3.32978 1
13.7124 1
5.56171 1
3.90153 1
5.60176 1
3.96906 1
7.04517 1
2.17029 1
2.72114 1
6.63386 1
4.63743 1
5.22407 1
-4.19992 1
4.79749 1
0.292046 1
-0.561279 1
13.4416 1
9.34782 1
9.15298 1
14.1898 1
-0.756615 1
6.49271 1
-1.97227 1
4.9612 1
9.48 1
5.50741 1
7.56577 1
4.09062 1
13.0791 1
6.98546 1
6.69413 1
7.81902 1
4.93734 1
9.90239 1
4.8703 1
6.65629 1
7.40222 1
2.5585 1
2.70027 1
6.48961 1
0.180508 1
-2.66318 1
3.99973 1
10.7262 1
7.56383 1
5.4672 1
2.0262 1
4.19883 1
2.57274 1
-3.97949 1
-3.90249 1
7.04445 1
11.0112 1
5.93017 1
5.29416 1
4.96122 1
2.49401 1
4.77001 1
-0.555874 1
2.43533 1
9.04044 1
5.57038 1
6.51072 1
14.0405 1
6.687 1
-0.114543 1
4.59372 1
4.64374 1
5.41995 1
8.49379 1
8.21744 1
-0.980664 1
11.6384 1
5.34153 1
-1.98113 1
4.60751 1
2.41767 1
11.9718 1
0.37437 1
6.66032 1
12.8087 1
-2.82271 1
4.21486 1
1.62922 1
4.64677 1
5.41558 1
8.73731 1
8.1747 1
6.05352 1
5.55511 1
0.561589 1
2.08323 1
4.09279 1
12.2297 1
3.43464 1
3.50542 1
4.12728 1
1.80241 1
5.48493 1
9.45995 1
6.17874 1
1.04666 1
3.42622 1
7.66167 1
6.34138 1
6.16248 1
-2.43089 1
3.87663 1
4.16407 1
13.3257 1
1.22879 1
13.0578 1
4.71958 1
11.111 1
1.99374 1
-2.58993 1
4.71998 1
5.16621 1
2.81767 1
5.50853 1
-1.04825 1
3.4727 1
4.09236 1
6.04191 1
3.34962 1
6.18233 1
-2.01024 1
1.92271 1
5.27015 1
4.52732 1
5.57798 1
3.10758 1
3.8731 1
5.48677 1
5.07544 1
5.61435 1
1.79543 1
5.45227 1
5.55117 1
7.94848 1
9.49019 1
1.44961 1
10.1315 1
10.951 1
9.1086 1
9.101 1
5.26124 1
2.54457 1
3.4142 1
6.25747 1
7.60288 1
5.60184 1
5.58979 1
5.32429 1
4.85851 1
4.53009 1
5.92023 1
3.7931 1
-3.44003 1
5.22282 1
5.53244 1
5.10368 1
3.81561 1
2.05969 1
6.84152 1
9.86282 1
12.6332 1
2.77974 1
-0.955005 1
5.27129 1
14.0643 1
3.77487 1
3.19931 1
2.0197 1
3.21229 1
1.07624 1
-0.581551 1
6.33681 1
3.02989 1
5.94132 1
6.33804 1
5.47733 1
12.0892 1
4.26015 1
10.051 1
5.23305 1
3.13367 1
5.25619 1
2.90958 1
3.31936 1
12.4277 1
2.38455 1
5.83214 1
5.46915 1
4.06874 1
4.87116 1
5.71709 1
9.89379 1
4.5755 1
9.45051 1
6.64678 1
5.46399 1
8.29566 1
3.13411 1
5.6253 1
4.5605 1
9.8122 1
4.8259 1
3.446 1
3.68256 1
2.68376 1
5.26093 1
4.95718 1
7.48942 1
4.89852 1
2.29138 1
6.66985 1
0.601131 1
9.42907 1
4.75701 1
6.35769 1
5.64612 1
4.88168 1
7.86172 1
0.305683 1
7.30291 1
3.61861 1
4.43648 1
6.27472 1
4.26073 1
2.5186 1
5.87754 1
4.54629 1
2.67446 1
3.9821 1
1.96921 1
3.19916 1
5.39047 1
1.04704 1
6.94352 1
4.34922 1
7.41228 1
5.48319 1
12.1999 1
5.43123 1
5.14119 1
4.58641 1
9.43048 1
2.30441 1
5.40668 1
14.6319 1
5.90536 1
2.2179 1
1.46622 1
9.02498 1
4.58829 1
6.25171 1
-4.51117 1
6.2131 1
10.0007 1
6.41562 1
-3.42509 1
1.02767 1
8.38275 1
5.14244 1
-0.92153 1
6.52 1
4.39489 1
9.17455 1
5.28793 1
0.726455 1
5.95781 1
3.06942 1
-2.58161 1
3.82674 1
14.8105 1
7.39949 1
1.7014 1
9.89979 1
11.1675 1
6.86316 1
3.61771 1
6.25149 1
-2.96453 1
3.75111 1
6.95371 1
5.20432 1
5.8 1
3.09987 1
6.20409 1
4.3259 1
2.26358 1
-2.36068 1
9.55881 1
0.968544 1
6.60229 1
4.76039 1
8.31896 1
-3.92843 1
2.83436 1
4.50827 1
1.67467 1
8.66 1
0.374304 1
6.12091 1
9.01042 1
3.75749 1
13.1112 1
9.26817 1
13.2709 1
4.1544 1
4.84187 1
5.30917 1
5.59987 1
5.99698 1
-0.895177 1
-0.112738 1
8.04407 1
7.37041 1
4.64275 1
2.68274 1
4.93888 1
4.90229 1
6.28331 1
6.04873 1
6.00539 1
3.90403 1
9.15586 1
10.6686 1
6.23188 1
5.1498 1
3.41836 1
-0.558057 1
2.84821 1
7.91437 1
4.13683 1
6.65846 1
4.53682 1
4.92087 1
5.48553 1
12.9268 1
10.1697 1
-2.28997 1
1.95534 1
10.8924 1
1.39418 1
12.1907 1
3.2546 1
-3.52496 1
7.06666 1
4.311 1
3.54635 1
6.74503 1
5.16754 1
3.76556 1
3.68957 1
3.72217 1
10.2698 1
14.0046 1
11.6173 1
5.94443 1
3.58878 1
6.82658 1
5.46513 1
3.54125 1
9.55455 1
5.00217 1
5.49203 1
-0.512471 1
3.34723 1
1.94143 1
7.25768 1
2.3343 1
7.46709 1
14.5137 1
0.638876 1
9.90658 1
1.68111 1
4.95182 1
8.20887 1
5.07308 1
1.22811 1
3.89531 1
6.51146 1
7.18634 1
4.95402 1
1.61123 1
6.76262 1
5.44283 1
5.72987 1
2.46206 1
4.79058 1
7.20743 1
6.09781 1
7.93159 1
8.11044 1
4.83459 1
5.79101 1
4.6445 1
5.40535 1
5.26363 1
4.81945 1
-1.91444 1
4.83251 1
1.78062 1
14.6087 1
4.72657 1
-3.21681 1
4.96743 1
3.74948 1
11.6047 1
6.09549 1
5.00428 1
5.29394 1
1.62733 1
3.80384 1
2.8012 1
4.43871 1
4.59076 1
5.45102 1
5.93939 1
2.27679 1
3.8515 1
-2.68638 1
4.11955 1
8.56926 1
2.70968 1
1.749 1
9.35363 1
2.38987 1
3.3695 1
4.0414 1
4.5474 1
4.4113 1
9.31222 1
6.71206 1
3.89987 1
5.47044 1
6.66315 1
2.51051 1
6.90422 1
6.35156 1
2.02231 1
2.45585 1
10.9213 1
7.43807 1
5.27335 1
10.9366 1
5.78564 1
4.33881 1
1.01723 1
9.47061 1
6.0384 1
6.18875 1
11.0109 1
4.97233 1
2.67431 1
3.15941 1
2.97381 1
1.95652 1
8.65538 1
2.5728 1
5.95502 1
8.42454 1
10.3556 1
7.60826 1
2.10054 1
6.04974 1
0.212946 1
4.48864 1
11.1176 1
0.955358 1
5.87769 1
-0.850057 1
6.7485 1
4.38708 1
9.9404 1
7.68343 1
4.4681 1
7.20458 1
3.45833 1
2.86183 1
8.96279 1
6.7008 1
5.22563 1
9.05242 1
3.73915 1
6.0613 1
5.14384 1
5.64578 1
5.68287 1
4.10286 1
6.18689 1
0.496124 1
7.09264 1
12.7135 1
6.62292 1
2.99071 1
-1.40734 1
6.81534 1
4.91283 1
6.92705 1
6.11582 1
1.25318 1
6.13195 1
5.2689 1
4.79518 1
4.63326 1
7.196 1
-0.591783 1
4.67169 1
3.03064 1
4.51471 1
8.26584 1
8.17163 1
-0.178566 1
2.51125 1
2.28304 1
9.25839 1
6.89086 1
6.08868 1
5.43095 1
2.78151 1
2.75338 1
5.28257 1
4.83572 1
7.18748 1
3.53553 1
4.36852 1
5.72549 1
12.1751 1
7.64775 1
5.11941 1
8.25551 1
4.34103 1
8.95806 1
5.98122 1
0.659972 1
5.45838 1
4.62735 1
6.5111 1
14.4468 1
4.18482 1
5.39542 1
4.04989 1
8.54469 1
7.15537 1
8.1604 1
6.81977 1
5.88428 1
4.16367 1
3.68835 1
8.88291 1
11.5256 1
1.85313 1
7.35345 1
8.51345 1
4.81026 1
4.64468 1
7.73939 1
4.91961 1
4.60978 1
4.68603 1
3.74221 1
4.32176 1
5.27575 1
8.40535 1
10.2933 1
8.49677 1
4.62371 1
4.57614 1
5.70475 1
6.565 1
10.4744 1
12.1017 1
12.4858 1
4.50703 1
1.47849 1
5.94843 1
4.18011 1
9.26985 1
9.01986 1
4.27204 1
8.59947 1
5.44422 1
8.34923 1
3.83381 1
12.9319 1
6.43582 1
6.50828 1
3.96629 1
4.94206 1
7.3923 1
11.0468 1
5.27167 1
2.82616 1
5.75844 1
9.59513 1
7.44552 1
4.92534 1
7.96666 1
-1.59411 1
4.81804 1
5.11114 1
3.07508 1
0.785482 1
7.42692 1
2.25482 1
13.5156 1
2.3059 1
6.22446 1
10.684 1
5.64605 1
5.756 1
4.15008 1
-0.291512 1
11.1188 1
5.95244 1
9.74928 1
10.7929 1
2.51909 1
3.04444 1
6.03882 1
4.56092 1
1.92433 1
6.76068 1
6.07798 1
5.54099 1
0.77414 1
5.72535 1
2.3667 1
8.87057 1
5.19291 1
3.66917 1
1.18231 1
6.56969 1
0.922057 1
1.88864 1
3.45415 1
7.72753 1
2.96746 1
8.3445 1
6.595 1
2.20058 1
-1.47345 1
7.38649 1
7.7907 1
2.80767 1
2.58155 1
8.1052 1
5.12367 1
8.79439 1
5.62775 1
4.40547 1
5.69445 1
10.3314 1
4.86391 1
2.9814 1
12.0176 1
1.64896 1
3.79723 1
3.84947 1
5.15875 1
7.75229 1
5.97346 1
5.01488 1
5.91973 1
2.30502 1
5.6355 1
-1.02063 1
8.06084 1
9.51286 1
9.02479 1
4.10225 1
7.62358 1
4.50528 1
0.193681 1
1.98403 1
8.14124 1
2.80904 1
4.27799 1
5.06201 1
4.77242 1
-0.362173 1
2.83149 1
2.14364 1
5.62415 1
5.27703 1
6.08965 1
6.00115 1
10.1605 1
2.25666 1
4.87668 1
4.39397 1
5.26088 1
-0.338712 1
4.04805 1
6.6371 1
2.07066 1
5.14985 1
3.51429 1
8.76001 1
1.56344 1
7.34549 1
6.59619 1
10.3275 1
0.999973 1
4.7948 1
4.11392 1
3.53577 1
3.41119 1
5.39574 1
2.47271 1
1.47005 1
3.56812 1
3.25852 1
3.23141 1
4.57829 1
7.8869 1
2.10464 1
8.69783 1
2.3627 1
6.95104 1
7.60399 1
3.52992 1
3.26496 1
4.22834 1
1.74042 1
4.65588 1
4.00913 1
3.03474 1
8.38901 1
5.1364 1
0.700386 1
14.4347 1
-0.607417 1
6.42909 1
1.45045 1
6.37383 1
5.43532 1
-0.753361 1
5.14024 1
5.31981 1
3.82238 1
3.47913 1
-0.933907 1
-0.693574 1
11.0274 1
3.48275 1
12.1007 1
8.66602 1
8.36838 1
1.41995 1
6.37486 1
5.9432 1
4.22163 1
5.75374 1
8.08311 1
5.16166 1
7.95676 1
2.0115 1
4.45029 1
3.08926 1
5.87463 1
7.41729 1
6.18804 1
9.61034 1
12.0161 1
4.27804 1
4.6693 1
4.52172 1
5.7332 1
6.80047 1
5.17795 1
4.89528 1
-1.16402 1
4.64244 1
5.33828 1
-1.48623 1
6.38641 1
2.41837 1
5.76962 1
10.0819 1
-0.599681 1
7.90006 1
9.65692 1
1.18214 1
0.820273 1
4.07612 1
8.1043 1
5.10359 1
3.17736 1
4.07727 1
7.91736 1
-0.872954 1
5.30611 1
5.32793 1
-0.665287 1
5.4206 1
5.48317 1
14.5226 1
7.12358 1
1.72462 1
6.97965 1
5.57957 1
6.14562 1
3.83998 1
3.95411 1
8.14782 1
8.53177 1
5.854 1
8.76899 1
-3.73231 1
6.76421 1
5.98428 1
-0.508337 1
9.13983 1
12.0519 1
4.70856 1
8.96265 1
8.92957 1
4.69947 1
6.9349 1
5.95571 1
-2.10489 1
4.94141 1
-4.72981 1
0.141178 1
7.62892 1
8.77046 1
11.9954 1
7.02351 1
6.67458 1
9.46949 1
4.37097 1
2.11433 1
4.02617 1
4.61647 1
5.58153 1
2.83044 1
5.13696 1
9.56489 1
6.02039 1
9.45882 1
4.3402 1
2.30948 1
6.25687 1
4.42136 1
4.12314 1
5.83844 1
2.46339 1
6.90715 1
13.9646 1
5.86549 1
8.22218 1
9.48609 1
12.6689 1
-1.36968 1
4.66135 1
5.28763 1
3.85171 1
4.25315 1
1.69747 1
2.62856 1
7.40464 1
3.79558 1
5.16438 1
1.86618 1
2.93035 1
3.82135 1
4.08256 1
3.45099 1
7.12817 1
11.7918 1
4.17235 1
7.84141 1
6.19997 1
0.0569847 1
6.41477 1
5.30647 1
10.1297 1
1.90947 1
7.15698 1
8.14386 1
-1.13487 1
5.74578 1
4.40946 1
7.30969 1
-1.17749 1
4.79515 1
-3.36959 1
5.09607 1
7.36263 1
7.41913 1
9.80852 1
6.49348 1
4.72296 1
3.66658 1
10.3733 1
1.46692 1
4.43675 1
0.730629 1
6.08228 1
2.62803 1
5.47339 1
0.166004 1
8.55733 1
6.95703 1
6.85894 1
5.83693 1
4.74405 1
8.1482 1
3.56532 1
3.49956 1
5.8259 1
5.21683 1
5.02048 1
5.43776 1
5.60433 1
3.15992 1
4.41616 1
4.7745 1
2.71205 1
4.81479 1
1.00456 1
3.24713 1
5.44856 1
5.62331 1
0.21444 1
5.18673 1
9.6609 1
3.45137 1
14.1647 1
0.975231 1
3.08194 1
9.29444 1
9.31257 1
-0.049588 1
4.6276 1
-1.52576 1
3.21126 1
6.79874 1
2.32386 1
11.4847 1
3.86158 1
4.95653 1
9.41244 1
9.4053 1
8.89006 1
3.66127 1
5.26151 1
7.29864 1
4.68532 1
6.1798 1
6.35118 1
7.89277 1
5.19968 1
7.39804 1
3.65263 1
6.27364 1
4.91063 1
1.11035 1
7.78583 1
7.93014 1
3.07581 1
8.45236 1
-3.47854 1
5.06284 1
2.63442 1
6.36331 1
6.231 1
3.5843 1
8.64461 1
2.44803 1
4.1912 1
5.94563 1
1.38781 1
2.73121 1
4.56251 1
4.62675 1
7.2191 1
1.85942 1
6.97379 1
11.6109 1
-3.31592 1
3.21738 1
-0.931117 1
4.19793 1
4.2485 1
4.95261 1
6.33096 1
4.47762 1
4.36204 1
-3.50429 1
5.67192 1
4.14086 1
-4.08961 1
7.27159 1
13.2497 1
6.86726 1
4.40322 1
7.69385 1
1.2834 1
3.97724 1
6.33647 1
4.95924 1
6.25775 1
7.51666 1
7.15019 1
-1.41561 1
1.11787 1
4.67899 1
5.62511 1
3.1472 1
-2.62517 1
3.43173 1
5.95938 1
1.89128 1
7.0378 1
6.6037 1
7.00456 1
5.19413 1
5.92752 1
3.23321 1
4.11122 1
3.82794 1
6.04296 1
-0.892252 1
5.40868 1
9.13737 1
10.9119 1
8.66225 1
7.9841 1
10.7728 1
6.33085 1
2.65085 1
9.10991 1
2.6146 1
4.51193 1
1.14953 1
3.981 1
2.90454 1
2.1524 1
-0.716547 1
2.3882 1
-0.333496 1
7.47294 1
3.97442 1
5.27856 1
2.42001 1
3.40961 1
4.04778 1
3.42015 1
7.29923 1
6.94183 1
7.56999 1
5.34563 1
7.79278 1
3.16496 1
4.71358 1
10.749 1
4.38094 1
4.8524 1
6.44749 1
5.10208 1
13.6341 1
4.09545 1
12.4751 1
4.90371 1
11.5553 1
-2.34515 1
4.18843 1
2.82307 1
7.14174 1
2.03489 1
2.72209 1
5.18956 1
6.02108 1
4.58418 1
2.68607 1
5.70506 1
5.73776 1
5.84972 1
5.36817 1
3.45331 1
9.05018 1
1.93487 1
4.61792 1
4.88856 1
3.54038 1
1.90133 1
8.06959 1
6.7991 1
6.45236 1
3.14712 1
2.96038 1
7.58639 1
0.792103 1
5.72084 1
10.0108 1
9.9472 1
4.33946 1
3.30704 1
9.90652 1
3.01657 1
7.81694 1
3.15908 1
1.99641 1
-2.73237 1
6.00586 1
4.43076 1
0.792384 1
2.47386 1
2.03957 1
5.2906 1
5.0795 1
2.32347 1
7.09929 1
1.94305 1
4.82593 1
3.43545 1
4.13104 1
5.2866 1
4.02002 1
3.52352 1
3.36662 1
6.52322 1
5.35772 1
3.7864 1
-4.68068 1
3.44969 1
5.87285 1
2.68317 1
-0.362387 1
7.02608 1
6.52256 1
11.1327 1
5.07575 1
1.88822 1
-2.99676 1
5.60554 1
5.81766 1
2.82023 1
1.75419 1
5.24793 1
0.214293 1
1.39982 1
2.27461 1
12.8241 1
6.98175 1
8.14742 1
11.1921 1
5.32872 1
4.02933 1
5.2063 1
1.76529 1
6.45202 1
4.85472 1
2.84591 1
9.10066 1
1.56186 1
-1.3783 1
3.30634 1
6.42896 1
4.95282 1
10.0241 1
8.83153 1
4.68827 1
2.25327 1
5.30559 1
3.77157 1
3.24315 1
5.24635 1
3.87326 1
14.3577 1
3.70597 1
-4.69607 1
9.96991 1
3.98123 1
1.12667 1
1.47829 1
1.59203 1
6.55096 1
7.66725 1
9.59433 1
2.73292 1
-3.63517 1
-1.04032 1
3.1907 1
3.8549 1
2.6505 1
11.8296 1
1.20336 1
6.49844 1
4.82782 1
13.0113 1
-2.35181 1
3.53609 1
4.89176 1
2.90333 1
10.2456 1
8.71128 1
4.12538 1
12.4224 1
8.77911 1
5.1417 1
4.12243 1
10.5775 1
4.95668 1
3.27295 1
12.7796 1
-1.76729 1
7.56088 1
4.4397 1
6.20873 1
5.45875 1
8.37945 1
6.96942 1
3.47951 1
11.2139 1
8.69142 1
5.53985 1
6.50275 1
5.20892 1
6.33763 1
6.541 1
14.4774 1
5.88474 1
3.27943 1
4.72873 1
4.85717 1
6.31814 1
14.236 1
3.14048 1
5.63503 1
6.82891 1
3.72869 1
7.83951 1
1.72535 1
5.48685 1
5.45233 1
7.25163 1
12.405 1
5.32977 1
2.02393 1
8.09367 1
11.2375 1
2.86365 1
6.95619 1
1.65762 1
4.67519 1
1.4961 1
-0.251497 1
5.97576 1
5.86169 1
5.79967 1
1.30372 1
10.0068 1
10.0001 1
4.45537 1
14.0621 1
13.2828 1
4.84098 1
5.6362 1
7.70334 1
4.11631 1
5.38892 1
0.989251 1
-3.43225 1
5.97905 1
1.47274 1
4.72378 1
4.45236 1
3.76847 1
5.21061 1
2.24541 1
4.12402 1
8.69174 1
2.64092 1
-3.32623 1
1.47216 1
5.9052 1
4.62972 1
2.35637 1
10.722 1
8.57921 1
6.49133 1
3.74451 1
9.99847 1
6.44511 1
8.82049 1
5.13036 1
5.53743 1
4.66348 1
2.8946 1
5.96447 1
13.4444 1
2.73594 1
3.50108 1
1.2981 1
4.70661 1
5.09905 1
6.28816 1
9.01774 1
5.69722 1
5.58131 1
5.44109 1
6.63969 1
7.27314 1
6.20795 1
4.14856 1
0.38196 1
4.88354 1
-0.559553 1
1.5426 1
4.51621 1
0.0632374 1
5.91428 1
3.89873 1
0.115993 1
6.05065 1
3.87314 1
4.2255 1
6.05127 1
6.80117 1
6.56158 1
6.79905 1
4.4985 1
3.75171 1
4.77279 1
3.9517 1
9.3297 1
6.90078 1
3.73454 1
4.99872 1
6.42719 1
12.3972 1
4.37969 1
2.4222 1
4.99961 1
13.143 1
4.03782 1
5.97671 1
-4.66702 1
4.49484 1
5.42746 1
-0.504674 1
5.78147 1
3.55047 1
8.39287 1
4.54997 1
2.21191 1
3.37961 1
6.83469 1
-0.653122 1
6.20793 1
9.37388 1
3.03054 1
5.3756 1
7.42966 1
4.62014 1
4.88245 1
5.64266 1
11.3551 1
2.61835 1
13.3401 1
6.79836 1
0.0747091 1
-3.76003 1
2.45159 1
3.88842 1
4.12621 1
3.79721 1
4.87519 1
4.50384 1
2.62737 1
4.24688 1
14.0682 1
6.00004 1
5.48076 1
5.55946 1
9.41606 1
5.93738 1
4.26326 1
4.30353 1
3.46873 1
3.02052 1
2.098 1
3.57748 1
9.94155 1
7.18909 1
1.00698 1
5.28593 1
4.01459 1
6.13116 1
2.00954 1
5.2734 1
12.0157 1
5.80908 1
8.7083 1
6.7683 1
4.50883 1
9.02836 1
8.03309 1
3.08263 1
8.59545 1
2.1378 1
6.64835 1
-4.73837 1
-0.0466483 1
8.79305 1
5.54199 1
6.42354 1
5.17275 1
1.18576 1
6.0294 1
6.73135 1
1.56261 1
5.23236 1
4.79533 1
4.65362 1
7.90643 1
6.83505 1
9.51571 1
6.59647 1
-0.731675 1
4.96159 1
4.34969 1
2.68317 1
5.14993 1
13.3386 1
6.22888 1
6.27105 1
5.89413 1
11.4419 1
8.3225 1
1.84924 1
2.1152 1
7.606 1
3.9161 1
6.81563 1
4.6579 1
4.62885 1
4.1567 1
4.38305 1
3.6035 1
8.33406 1
10.4286 1
-0.0203257 1
-2.84749 1
2.58622 1
4.35463 1
8.66823 1
5.68564 1
-3.5938 1
6.34381 1
6.58653 1
3.33871 1
6.04821 1
8.06334 1
3.05822 1
5.90982 1
7.6359 1
10.1299 1
3.89599 1
9.0238 1
5.75767 1
9.48591 1
6.24688 1
5.63499 1
9.65 1
1.24145 1
5.91083 1
0.00976044 1
3.50824 1
3.90416 1
6.96937 1
6.50733 1
6.31277 1
2.60453 1
4.08643 1
4.20958 1
5.55618 1
1.05312 1
5.8514 1
0.72095 1
4.26904 1
12.0541 1
-1.47477 1
3.05192 1
-3.24522 1
1.66707 1
6.18397 1
11.6556 1
1.3687 1
5.14183 1
3.14595 1
4.59686 1
5.46777 1
3.21015 1
10.5191 1
6.7338 1
3.86063 1
13.628 1
11.4958 1
1.20096 1
9.11097 1
13.875 1
-3.44495 1
8.06883 1
2.63771 1
4.50867 1
7.45246 1
8.0117 1
0.00263189 1
2.92263 1
2.27395 1
5.75239 1
3.21921 1
7.44366 1
1.83638 1
5.42554 1
6.68752 1
5.38235 1
10.7047 1
9.7806 1
8.50506 1
4.82812 1
5.64799 1
-0.313946 1
4.44635 1
3.4471 1
5.80377 1
2.67066 1
8.52809 1
3.9486 1
2.03143 1
4.46798 1
2.56386 1
14.4589 1
3.09015 1
3.17116 1
2.70358 1
3.96364 1
7.44386 1
5.73067 1
4.62175 1
3.26029 1
13.9438 1
10.1302 1
3.83588 1
7.63731 1
1.43387 1
0.601546 1
5.74586 1
2.72009 1
5.87754 1
5.99703 1
11.1434 1
5.12174 1
3.06384 1
2.91519 1
5.0998 1
-4.11416 1
7.92478 1
2.09713 1
6.64069 1
8.71719 1
9.22851 1
-4.25679 1
3.30902 1
3.68158 1
11.0965 1
4.83481 1
5.12736 1
4.92904 1
-3.07789 1
3.26951 1
8.41055 1
6.92879 1
-3.17185 1
9.75907 1
9.5463 1
4.87098 1
6.4578 1
-0.747698 1
14.2359 1
6.42301 1
4.27737 1
4.62519 1
2.37261 1
0.470951 1
0.365812 1
4.06144 1
6.14905 1
3.0537 1
5.74966 1
5.0213 1
5.34098 1
4.44062 1
2.69955 1
3.94644 1
2.21913 1
5.27708 1
-2.43625 1
-3.89326 1
5.68694 1
6.75695 1
3.14216 1
7.59805 1
6.74935 1
8.63933 1
4.32111 1
3.66271 1
6.97099 1
2.24795 1
5.34708 1
6.94236 1
2.7709 1
6.44962 1
5.04787 1
14.4154 1
7.73764 1
3.40299 1
1.51914 1
4.27877 1
6.26231 1
7.58693 1
-3.56178 1
5.6266 1
5.55264 1
4.18548 1
-3.01707 1
6.38588 1
5.20168 1
13.5027 1
5.56395 1
2.97657 1
3.68555 1
-3.52791 1
2.06495 1
6.97261 1
6.55721 1
6.72497 1
-4.564 1
-2.14956 1
8.33616 1
3.96827 1
7.73593 1
0.103719 1
4.7478 1
3.86305 1
3.79691 1
1.9685 1
7.61363 1
5.23428 1
2.53239 1
5.3069 1
4.56584 1
12.4137 1
5.13577 1
5.24474 1
4.92475 1
6.66192 1
8.53378 1
7.13731 1
5.1354 1
2.78619 1
3.90613 1
3.20461 1
4.61392 1
7.553 1
8.28434 1
5.89905 1
7.86853 1
6.38095 1
4.34947 1
1.56698 1
2.45905 1
3.42344 1
9.0358 1
-1.51955 1
2.04842 1
3.51493 1
2.2738 1
-0.0201828 1
2.65027 1
5.02436 1
8.03288 1
6.51021 1
5.02108 1
11.7402 1
9.78913 1
3.54703 1
3.65144 1
6.71269 1
4.7189 1
1.88849 1
5.09969 1
6.92761 1
6.54156 1
6.58743 1
8.64032 1
2.91429 1
9.86892 1
5.49307 1
5.28111 1
-0.617561 1
0.910378 1
7.18067 1
6.54776 1
3.965 1
5.10325 1
6.65268 1
5.29702 1
1.51231 1
4.28069 1
4.01409 1
6.16813 1
5.8361 1
5.78448 1
8.04893 1
4.44504 1
10.5712 1
0.970927 1
8.15719 1
6.84096 1
12.6623 1
4.93326 1
9.89151 1
7.92215 1
4.97747 1
2.12178 1
12.6545 1
1.59567 1
4.42493 1
5.96503 1
8.33945 1
3.12771 1
3.59417 1
4.43561 1
2.25752 1
4.21996 1
9.0309 1
6.32103 1
7.47188 1
7.02681 1
4.94617 1
5.48806 1
-2.44194 1
6.68358 1
1.62066 1
2.37957 1
8.46977 1
1.66963 1
5.11721 1
-3.31853 1
7.51836 1
5.92955 1
9.96967 1
7.625 1
4.52073 1
4.63055 1
7.32707 1
4.90709 1
4.61291 1
8.61751 1
2.27062 1
7.39853 1
3.88184 1
7.97807 1
2.92262 1
4.67447 1
4.74683 1
0.706018 1
6.07213 1
4.42714 1
7.91503 1
6.23226 1
3.39392 1
6.27887 1
1.72784 1
2.99427 1
10.3839 1
2.30694 1
-1.92019 1
5.19819 1
4.36323 1
6.30259 1
8.63687 1
3.77914 1
-0.473186 1
2.69787 1
9.00747 1
4.7595 1
8.3242 1
4.56246 1
3.637 1
1.50277 1
4.3061 1
4.46805 1
9.71905 1
6.51762 1
4.84593 1
4.43628 1
-2.41301 1
8.05466 1
4.18857 1
14.0512 1
6.47519 1
-2.00569 1
-1.10551 1
5.78572 1
12.0542 1
5.39329 1
4.50491 1
2.83211 1
3.41228 1
7.17469 1
1.82927 1
9.47277 1
6.57216 1
2.25382 1
6.03409 1
4.33137 1
5.13027 1
7.43403 1
5.02138 1
5.79476 1
3.55087 1
-0.521017 1
5.52996 1
4.06783 1
3.82128 1
3.40355 1
1.5456 1
5.06013 1
5.54575 1
2.4163 1
0.764743 1
5.47929 1
9.91253 1
5.43669 1
2.48108 1
9.25615 1
2.22807 1
4.15915 1
3.50502 1
4.46325 1
4.67277 1
4.57858 1
4.06286 1
7.36815 1
13.6089 1
-0.340013 1
2.74827 1
5.05681 1
5.09752 1
4.89695 1
4.10401 1
4.54249 1
3.43492 1
11.6219 1
5.28067 1
4.57848 1
4.16014 1
3.59833 1
4.36179 1
2.56685 1
7.18531 1
3.68832 1
1.07964 1
4.60845 1
4.84327 1
2.78992 1
6.10867 1
7.95792 1
5.44576 1
2.20793 1
1.67738 1
6.73643 1
2.33897 1
0.321144 1
0.538723 1
5.68829 1
4.04634 1
10.9281 1
7.66441 1
5.12741 1
2.272 1
9.7003 1
9.79551 1
12.2689 1
5.5386 1
6.68005 1
6.09682 1
3.0984 1
2.18201 1
6.66141 1
11.8129 1
3.95075 1
6.64568 1
0.412398 1
1.69712 1
3.38583 1
1.52693 1
7.91349 1
8.55665 1
2.84142 1
6.18696 1
6.50627 1
0.0253158 1
6.32471 1
5.67686 1
3.66636 1
3.56117 1
4.42987 1
2.65626 1
3.15639 1
10.3973 1
9.79179 1
7.00184 1
10.197 1
6.16253 1
4.51422 1
7.68177 1
11.8984 1
1.05701 1
-1.6419 1
7.77407 1
0.0578904 1
3.71674 1
14.8251 1
6.40418 1
5.28983 1
2.60512 1
6.66731 1
3.74098 1
5.23816 1
5.26548 1
-1.42479 1
7.57215 1
14.7764 1
-1.73464 1
6.05571 1
6.47933 1
5.59398 1
4.95782 1
5.19151 1
4.10329 1
-0.328314 1
8.83287 1
5.47035 1
3.73836 1
4.53768 1
0.55178 1
-3.53922 1
4.55106 1
2.63458 1
5.42296 1
7.12293 1
1.29726 1
4.10578 1
7.26861 1
6.6393 1
3.41688 1
5.1472 1
7.36075 1
7.39179 1
5.62975 1
5.03807 1
4.37765 1
5.53135 1
2.0447 1
3.13052 1
4.76429 1
10.2011 1
6.85416 1
6.85934 1
5.72822 1
3.02214 1
10.3713 1
-4.04668 1
7.19764 1
3.52084 1
0.580956 1
6.1835 1
2.97597 1
7.3559 1
5.92431 1
8.11237 1
6.16198 1
4.095 1
6.18819 1
6.9998 1
5.71026 1
13.1293 1
1.37389 1
12.9525 1
2.61828 1
2.99696 1
10.7263 1
1.22814 1
1.40515 1
3.85027 1
3.7432 1
3.8439 1
4.76668 1
6.03772 1
5.39566 1
8.0766 1
7.09668 1
6.34418 1
13.2879 1
6.94573 1
-3.45352 1
5.59146 1
4.7396 1
9.42219 1
14.623 1
6.58956 1
2.579 1
6.89021 1
4.75644 1
10.1734 1
2.97588 1
-1.48327 1
6.15884 1
5.55655 1
4.97089 1
-1.17337 1
8.06137 1
9.80118 1
6.15048 1
5.44966 1
6.41224 1
5.0457 1
6.92792 1
5.04886 1
2.05772 1
12.6384 1
6.80826 1
5.47869 1
3.13265 1
2.94804 1
4.88819 1
4.0522 1
5.51553 1
7.15906 1
3.83003 1
9.44334 1
5.31677 1
5.71461 1
-0.76993 1
6.61344 1
2.88724 1
9.64111 1
-1.7496 1
8.10957 1
5.24886 1
-0.301192 1
4.52727 1
-0.699807 1
6.34742 1
8.56494 1
4.1209 1
3.54767 1
4.62108 1
5.38974 1
3.44354 1
0.241113 1
5.041 1
7.63994 1
9.5109 1
-3.86672 1
4.05716 1
5.90878 1
-0.162021 1
1.66944 1
3.06837 1
4.22109 1
2.55849 1
4.48971 1
4.11429 1
4.56522 1
0.657982 1
-4.67929 1
6.68535 1
5.16361 1
7.06507 1
6.17087 1
5.2025 1
2.30437 1
1.27707 1
2.15824 1
2.92163 1
4.25319 1
6.60872 1
6.86285 1
8.88013 1
6.91472 1
3.89963 1
2.52777 1
5.45243 1
6.65758 1
4.5638 1
5.11427 1
4.17959 1
9.57191 1
6.23374 1
4.41883 1
3.75486 1
1.44833 1
6.5291 1
10.0353 1
7.97962 1
6.21648 1
4.23059 1
3.62655 1
4.73528 1
-1.31352 1
8.68457 1
-1.8364 1
1.74101 1
5.50675 1
-0.277106 1
4.64899 1
3.87969 1
4.60613 1
4.49281 1
5.93659 1
3.16268 1
5.38998 1
3.64526 1
11.1226 1
-1.07311 1
5.63286 1
0.781914 1
3.31275 1
11.7537 1
5.21068 1
7.52787 1
7.91283 1
2.79754 1
13.5034 1
0.717659 1
5.97518 1
-3.22804 1
6.68056 1
3.75012 1
-1.20885 1
5.95384 1
8.74985 1
12.9612 1
0.322583 1
5.92709 1
8.58398 1
3.10179 1
6.98783 1
5.26467 1
7.22169 1
5.96469 1
7.55488 1
4.4728 1
4.66198 1
2.4677 1
6.35048 1
4.76525 1
0.0871175 1
13.6393 1
4.61125 1
-1.53646 1
10.8305 1
3.24039 1
7.36987 1
3.78594 1
6.56298 1
2.78543 1
6.20599 1
2.56876 1
7.37819 1
1.54628 1
4.85637 1
4.96997 1
7.39567 1
6.20439 1
5.38055 1
7.81139 1
9.62409 1
-2.40817 1
4.88962 1
-2.10884 1
8.78762 1
5.31354 1
5.26544 1
3.15582 1
-3.85945 1
8.26424 1
11.2036 1
7.02507 1
5.27 1
4.16041 1
5.92973 1
7.58607 1
3.21768 1
2.52838 1
7.22651 1
6.89966 1
8.7482 1
-1.08065 1
6.75717 1
4.61636 1
3.44568 1
4.5521 1
2.98551 1
2.8305 1
7.45972 1
1.49178 1
5.38527 1
6.41932 1
4.75746 1
5.68583 1
-1.23585 1
7.49543 1
2.11215 1
3.41374 1
4.72645 1
7.23039 1
3.66243 1
3.1112 1
3.85257 1
5.64651 1
7.96381 1
5.11305 1
6.31183 1
6.94003 1
2.0871 1
7.91868 1
3.66375 1
3.88363 1
4.52142 1
-4.28651 1
10.7242 1
1.48762 1
6.28213 1
2.88606 1
13.0795 1
6.98654 1
3.00636 1
2.53158 1
5.34634 1
14.416 1
3.32656 1
5.84391 1
5.89341 1
9.04347 1
7.81428 1
4.21452 1
3.39087 1
5.11663 1
-2.43455 1
5.15764 1
13.5268 1
7.0255 1
-3.29752 1
1.35908 1
5.42371 1
4.00255 1
11.5698 1
-2.96613 1
9.01293 1
9.3019 1
3.61836 1
6.12902 1
4.33065 1
11.7562 1
4.57133 1
7.09706 1
6.28053 1
5.62665 1
5.89905 1
4.30861 1
3.96353 1
5.39003 1
2.9586 1
5.9322 1
10.4033 1
5.81662 1
7.66196 1
3.90631 1
5.67089 1
4.00492 1
1.63821 1
4.02046 1
5.08433 1
11.9849 1
13.127 1
6.93796 1
8.29428 1
5.57973 1
10.8725 1
5.0101 1
8.9389 1
7.8124 1
1.8795 1
4.10964 1
3.48453 1
4.77652 1
5.43772 1
7.29716 1
4.83116 1
7.12507 1
4.54925 1
7.18638 1
8.25153 1
1.72497 1
3.71751 1
3.34515 1
5.79337 1
5.2533 1
4.6093 1
3.95368 1
3.59154 1
-0.380178 1
6.21063 1
6.68172 1
6.44157 1
5.55003 1
5.75386 1
10.4115 1
3.41731 1
4.0962 1
0.166965 1
6.61771 1
10.1222 1
4.94212 1
3.4496 1
5.49242 1
5.40542 1
4.03901 1
5.07825 1
0.830098 1
3.8924 1
-2.09796 1
10.1702 1
8.72811 1
6.58159 1
5.47737 1
-4.08439 1
7.06107 1
4.88412 1
5.34505 1
4.54201 1
4.64134 1
7.9775 1
6.69056 1
4.43359 1
-4.0611 1
-1.14857 1
-1.0882 1
4.64613 1
9.68428 1
8.3157 1
5.74026 1
7.40133 1
3.39612 1
14.4276 1
6.8769 1
10.9292 1
6.12469 1
-3.81989 1
1.03966 1
3.18688 1
3.75837 1
5.0277 1
13.5887 1
2.80819 1
7.26414 1
7.68145 1
6.7629 1
7.68622 1
6.09511 1
4.67572 1
5.19081 1
-3.63373 1
12.7129 1
4.94533 1
1.88068 1
4.10531 1
4.5685 1
10.9426 1
3.74668 1
3.86679 1
4.01679 1
2.67413 1
3.51992 1
12.9682 1
5.29574 1
4.99252 1
-0.160557 1
4.41073 1
4.32407 1
4.84369 1
5.86108 1
-1.86057 1
4.47002 1
4.65538 1
6.42736 1
4.04538 1
8.22333 1
-0.337126 1
2.02229 1
4.14019 1
3.99555 1
11.3716 1
-3.20516 1
6.83522 1
4.65126 1
4.93639 1
-0.707378 1
7.58305 1
4.63966 1
7.79163 1
4.58584 1
6.75108 1
5.95859 1
3.59438 1
4.54447 1
8.86719 1
9.58016 1
6.06289 1
3.54568 1
8.89681 1
0.142696 1
7.27617 1
5.76791 1
14.5396 1
6.45997 1
6.00363 1
4.44918 1
4.13809 1
4.90815 1
2.64498 1
7.91889 1
-0.938727 1
4.79741 1
2.70782 1
8.42868 1
10.0568 1
7.27121 1
10.2116 1
7.86901 1
11.0081 1
5.10528 1
7.46661 1
-2.89727 1
3.11444 1
6.24844 1
5.46454 1
6.95644 1
3.37705 1
-2.57666 1
6.5281 1
7.76668 1
3.59926 1
4.29478 1
6.1287 1
2.92479 1
8.63962 1
4.07547 1
9.44897 1
6.33795 1
4.20548 1
4.70551 1
11.4508 1
3.2622 1
0.984721 1
7.38241 1
6.74375 1
5.51635 1
1.77099 1
4.34378 1
1.54296 1
6.09462 1
6.04755 1
7.72585 1
4.39845 1
7.399 1
-0.596104 1
-0.0724774 1
4.58191 1
5.66959 1
3.08642 1
5.71522 1
4.83112 1
2.99488 1
7.41928 1
4.42353 1
6.78552 1
4.53267 1
9.26958 1
5.3693 1
5.42837 1
5.88392 1
11.5014 1
4.88303 1
11.2345 1
5.39121 1
7.36565 1
4.25044 1
3.01023 1
8.38843 1
10.1133 1
-0.970206 1
5.00623 1
3.99232 1
12.9394 1
7.25817 1
4.71232 1
4.82 1
5.85385 1
9.75955 1
4.11219 1
4.44652 1
9.43664 1
6.04791 1
10.3174 1
3.61758 1
-0.700648 1
2.24234 1
5.50089 1
4.61085 1
5.3168 1
12.1382 1
11.7858 1
5.67305 1
6.9028 1
5.9492 1
6.19283 1
6.45715 1
6.17009 1
5.25358 1
3.18802 1
11.8349 1
0.44498 1
1.62071 1
1.30816 1
5.77645 1
5.88844 1
-0.86771 1
7.91017 1
2.70283 1
6.10581 1
4.38773 1
5.13473 1
2.96225 1
5.71442 1
8.40287 1
7.29971 1
2.03472 1
4.91775 1
6.08985 1
7.61315 1
6.05589 1
4.58332 1
4.14628 1
12.6267 1
6.71931 1
-0.894844 1
9.67856 1
5.12695 1
13.8471 1
-1.10945 1
5.43554 1
4.47755 1
9.60782 1
3.65599 1
7.33022 1
2.32504 1
3.2633 1
-0.213733 1
5.01662 1
-0.137532 1
-1.99951 1
5.13552 1
4.88847 1
0.937575 1
1.78147 1
6.01956 1
0.42783 1
12.4023 1
5.22864 1
4.07638 1
11.1898 1
12.028 1
4.42247 1
-0.620237 1
8.3746 1
-2.50807 1
-0.657377 1
-1.96331 1
5.56748 1
-2.70792 1
6.4255 1
7.39098 1
10.3692 1
-2.47828 1
6.33005 1
1.35111 1
4.88273 1
6.6286 1
5.40637 1
2.61649 1
4.44047 1
3.90307 1
2.93488 1
4.93634 1
5.24256 1
6.71061 1
6.10086 1
5.33794 1
7.50475 1
5.625 1
5.87705 1
4.16097 1
1.75422 1
-0.542966 1
3.87003 1
3.88676 1
7.76352 1
2.62198 1
0.259145 1
-4.7364 1
2.52064 1
-0.140399 1
8.83696 1
4.76079 1
-2.65589 1
7.58732 1
5.59135 1
6.29984 1
5.61792 1
2.85305 1
2.08427 1
10.2383 1
8.08669 1
6.90115 1
1.08704 1
3.76614 1
8.24557 1
11.6163 1
4.42689 1
5.43839 1
6.50093 1
4.7072 1
3.44737 1
14.5398 1
2.05259 1
9.1776 1
6.19233 1
9.36893 1
8.15712 1
5.66274 1
4.09027 1
4.13905 1
3.33329 1
4.10262 1
3.74736 1
5.49905 1
-1.70289 1
7.22549 1
6.23814 1
6.8328 1
7.79359 1
4.5178 1
4.90275 1
3.98926 1
8.98784 1
1.64698 1
8.11723 1
3.21988 1
4.16013 1
3.11575 1
2.64511 1
6.12183 1
6.48615 1
4.50528 1
3.88533 1
9.2725 1
3.5725 1
7.35835 1
1.81247 1
7.15432 1
1.33687 1
3.99256 1
10.2031 1
5.50725 1
1.39419 1
3.93242 1
8.00442 1
3.61641 1
7.85011 1
5.41976 1
7.03064 1
11.5542 1
7.72821 1
4.35607 1
3.79072 1
5.36128 1
6.18031 1
14.8238 1
-0.658137 1
5.0415 1
13.1997 1
1.0817 1
12.4111 1
13.0348 1
5.67491 1
13.8224 1
6.34026 1
3.63042 1
4.72957 1
8.75141 1
6.87331 1
6.85972 1
4.77826 1
12.2812 1
2.59143 1
-2.5844 1
4.84106 1
8.44409 1
9.53419 1
2.61119 1
4.03389 1
8.37635 1
4.13547 1
9.223 1
9.82829 1
5.27123 1
3.55279 1
1.26083 1
10.6056 1
4.58474 1
2.3008 1
1.40061 1
4.38667 1
1.4209 1
5.70632 1
6.26737 1
5.45265 1
3.40186 1
10.626 1
5.23844 1
2.57249 1
9.23946 1
6.22196 1
0.714356 1
6.99625 1
3.51265 1
2.50897 1
5.48346 1
6.756 1
5.31757 1
4.56674 1
2.16819 1
-2.99854 1
5.1591 1
3.58018 1
8.88155 1
2.66524 1
3.25508 1
2.66037 1
9.03679 1
6.28403 1
4.6662 1
4.5479 1
7.35467 1
5.45157 1
3.76763 1
9.74122 1
3.54837 1
5.01467 1
3.86921 1
5.73043 1
10.5556 1
-2.46867 1
4.68154 1
2.6212 1
12.3746 1
3.9853 1
5.36015 1
10.6892 1
12.1762 1
6.87089 1
1.60123 1
2.84386 1
7.26975 1
6.43023 1
0.0743781 1
6.07577 1
-2.23681 1
4.83663 1
3.4286 1
-1.16803 1
-0.88126 1
5.28184 1
8.49963 1
0.480258 1
0.616872 1
2.77892 1
5.09809 1
8.24523 1
8.23835 1
7.71474 1
6.09124 1
-2.35901 1
0.537583 1
7.54687 1
8.89046 1
13.2454 1
1.13596 1
9.10528 1
9.25931 1
1.25522 1
7.31136 1
6.07425 1
5.52955 1
0.937729 1
3.77127 1
9.11269 1
-0.205133 1
1.04919 1
3.57154 1
2.82535 1
-4.30124 1
4.97274 1
6.39401 1
1.49787 1
11.1543 1
0.72865 1
2.37497 1
1.36772 1
8.37215 1
10.5054 1
10.2025 1
6.7075 1
6.77485 1
5.28259 1
4.20437 1
13.0729 1
4.29574 1
6.38559 1
5.54307 1
1.51494 1
5.42995 1
10.4207 1
5.45267 1
6.79466 1
6.24806 1
2.01126 1
9.02869 1
3.3702 1
3.57298 1
13.2625 1
-4.02183 1
2.99433 1
8.81365 1
3.90975 1
6.51567 1
6.50504 1
7.90917 1
-4.69051 1
7.7995 1
-2.97995 1
7.35219 1
9.68682 1
10.1174 1
-1.92022 1
6.6758 1
2.9241 1
8.42883 1
3.94345 1
4.33945 1
4.57695 1
3.58115 1
7.02988 1
3.06531 1
3.79105 1
1.60574 1
6.4791 1
0.571303 1
4.50275 1
3.30341 1
-1.45 1
0.609728 1
2.76087 1
5.69215 1
2.68128 1
6.12874 1
2.31433 1
6.45837 1
9.61994 1
10.0125 1
4.52344 1
4.08271 1
7.06167 1
2.33202 1
6.07551 1
3.99501 1
-3.89595 1
8.20749 1
5.3101 1
4.88662 1
5.25793 1
6.9953 1
4.72707 1
1.76025 1
-1.83275 1
4.93518 1
2.70179 1
5.75219 1
9.72961 1
7.44215 1
6.29044 1
3.92797 1
7.2297 1
3.87592 1
7.27067 1
13.3402 1
7.57386 1
11.4479 1
1.50243 1
6.21363 1
10.3164 1
9.8489 1
4.38276 1
8.92408 1
2.36092 1
5.00984 1
4.04987 1
12.363 1
8.14382 1
5.37845 1
4.08834 1
2.78165 1
4.13329 1
5.13515 1
5.31328 1
4.20266 1
2.88692 1
-0.113321 1
0.345017 1
2.53118 1
2.65795 1
9.11461 1
5.04584 1
5.79346 1
3.7719 1
3.80395 1
3.75667 1
5.62511 1
-0.105034 1
7.49844 1
3.78889 1
1.89195 1
4.14637 1
7.4707 1
5.55877 1
4.43038 1
6.17267 1
6.31946 1
2.04746 1
4.2279 1
2.33767 1
2.75255 1
6.70174 1
3.14427 1
1.85583 1
-2.36292 1
7.84874 1
3.17527 1
6.50821 1
9.46906 1
6.10641 1
5.99325 1
6.71596 1
3.29321 1
3.61768 1
4.73472 1
5.22088 1
5.8412 1
-0.515229 1
6.42226 1
6.73021 1
5.22466 1
-0.140096 1
2.85193 1
-4.19842 1
7.8748 1
4.85163 1
5.52735 1
10.3249 1
3.88793 1
-0.523949 1
7.05997 1
2.53388 1
4.58246 1
4.99911 1
8.74794 1
6.51348 1
3.59548 1
7.45434 1
1.43408 1
3.14125 1
5.10531 1
12.7346 1
7.25169 1
5.41471 1
8.14142 1
3.83795 1
3.82041 1
1.90498 1
5.29008 1
2.68081 1
3.32551 1
1.91671 1
7.22568 1
4.32655 1
7.35787 1
5.97883 1
4.07901 1
7.90024 1
-1.17276 1
3.2517 1
8.07578 1
7.57935 1
0.710999 1
2.10369 1
10.4779 1
2.02049 1
1.35764 1
8.20651 1
8.98946 1
9.19301 1
2.45545 1
4.59003 1
5.17681 1
1.31869 1
6.13263 1
4.55432 1
7.15979 1
8.52181 1
2.68341 1
5.93616 1
5.57367 1
3.41329 1
6.16939 1
-2.0319 1
13.2934 1
1.8249 1
4.27775 1
3.15698 1
-2.89517 1
5.77278 1
1.13322 1
5.73947 1
8.09033 1
2.95842 1
4.39876 1
8.67252 1
2.88938 1
4.98492 1
2.5991 1
7.53058 1
4.90446 1
8.4999 1
4.11384 1
5.53029 1
7.77331 1
8.48757 1
5.62029 1
5.56144 1
12.8853 1
3.5525 1
7.72336 1
8.03859 1
9.52907 1
-2.59493 1
4.71177 1
2.61147 1
6.92634 1
4.05132 1
4.92967 1
2.84417 1
4.95489 1
3.44257 1
4.18078 1
4.60167 1
8.97337 1
5.12287 1
14.3577 1
3.97939 1
6.22428 1
4.46869 1
6.99108 1
5.3609 1
7.12733 1
-2.35263 1
3.93482 1
6.2976 1
5.31116 1
5.80731 1
5.90909 1
5.18905 1
5.59408 1
4.55272 1
2.62336 1
4.80615 1
10.2165 1
3.47146 1
7.99648 1
6.26244 1
2.74853 1
3.21724 1
5.66814 1
6.2648 1
2.18178 1
8.00308 1
7.46936 1
8.97411 1
6.14403 1
4.92192 1
5.12676 1
8.33991 1
5.37239 1
2.92515 1
3.47409 1
4.17139 1
6.90794 1
4.9715 1
5.18241 1
-0.500203 1
8.53085 1
-2.26789 1
5.52747 1
5.82528 1
11.3102 1
4.83101 1
2.01915 1
8.03349 1
6.25863 1
3.49281 1
13.0744 1
7.53975 1
8.28004 1
7.68945 1
4.91679 1
8.83814 1
7.22919 1
10.5415 1
2.16945 1
-2.25044 1
3.62106 1
7.12682 1
4.85399 1
4.10472 1
2.324 1
6.44566 1
6.87366 1
4.39975 1
8.29144 1
4.64637 1
3.58727 1
5.95256 1
5.44189 1
4.78471 1
-1.3158 1
8.65114 1
1.50908 1
1.80551 1
-4.47975 1
4.72006 1
