3.64203 1
7.12703 1
3.49459 1
5.43358 1
0.987662 1
4.91342 1
4.48109 1
4.58465 1
6.68867 1
-1.56421 1
6.21949 1
10.419 1
10.8933 1
5.3428 1
5.80917 1
10.7785 1
4.77973 1
5.03908 1
6.40764 1
3.80239 1
6.74894 1
4.35319 1
12.2165 1
5.73138 1
6.61318 1
2.92788 1
2.53286 1
6.66602 1
5.48993 1
11.3122 1
14.7413 1
6.36614 1
13.4095 1
8.92728 1
7.06946 1
-4.36896 1
5.85358 1
-0.0456117 1
5.22203 1
6.89208 1
-4.31714 1
3.93265 1
3.66245 1
1.34806 1
5.34341 1
3.62779 1
6.51929 1
3.48844 1
9.79812 1
1.44899 1
7.85303 1
13.6133 1
6.17458 1
4.80609 1
5.90217 1
6.80491 1
11.1522 1
0.0490622 1
4.12537 1
6.57679 1
5.54968 1
9.04195 1
4.1737 1
7.02474 1
7.79298 1
1.12474 1
3.83322 1
5.16772 1
1.8491 1
7.53364 1
8.67634 1
1.56695 1
11.888 1
3.755 1
4.54136 1
7.84197 1
-2.64311 1
2.70578 1
8.59135 1
4.77548 1
7.86783 1
8.27985 1
6.93573 1
-2.51438 1
8.05685 1
6.74804 1
-3.39271 1
6.14835 1
5.72607 1
-0.25602 1
6.86186 1
-1.14757 1
6.9238 1
6.47926 1
5.13897 1
6.18462 1
5.34214 1
0.107635 1
6.75972 1
5.51627 1
3.28625 1
2.32067 1
6.30174 1
3.96679 1
14.4746 1
6.53835 1
0.833101 1
3.78012 1
2.7898 1
8.08336 1
1.06088 1
3.79932 1
4.5061 1
13.6961 1
4.33494 1
8.79437 1
5.15838 1
2.44825 1
6.36538 1
4.58647 1
-0.231169 1
4.36973 1
8.47049 1
4.89041 1
-0.372201 1
5.62554 1
3.01709 1
3.86048 1
8.83002 1
2.87081 1
8.34351 1
5.53828 1
2.35159 1
9.92406 1
0.826724 1
2.58768 1
14.3725 1
4.5825 1
3.82935 1
8.82692 1
1.13986 1
14.7575 1
6.5853 1
9.68801 1
5.95322 1
4.54928 1
10.0519 1
6.94542 1
8.63847 1
8.62573 1
11.1517 1
3.09356 1
4.93323 1
4.63996 1
7.13627 1
4.1787 1
6.86106 1
7.38862 1
5.95453 1
5.971 1
1.33751 1
4.53471 1
3.10471 1
12.2438 1
0.961525 1
4.29562 1
4.03288 1
4.81984 1
-0.0913471 1
8.81501 1
8.24297 1
-1.42365 1
14.2327 1
5.92105 1
4.95672 1
8.76169 1
3.66871 1
5.3812 1
1.92554 1
0.486369 1
2.63351 1
3.8303 1
6.60908 1
5.81021 1
5.49421 1
1.43523 1
2.49663 1
4.24516 1
2.44836 1
4.90958 1
2.77931 1
7.13319 1
5.99853 1
6.14214 1
6.28293 1
2.55695 1
3.72057 1
0.739433 1
8.63983 1
9.70459 1
3.80772 1
4.1418 1
5.75996 1
7.69884 1
8.58817 1
4.13553 1
1.11288 1
3.87032 1
2.85505 1
-3.141 1
10.4448 1
3.12819 1
1.35116 1
7.09106 1
6.55626 1
0.390554 1
7.18194 1
3.9137 1
4.51516 1
4.65426 1
3.60538 1
5.01091 1
10.543 1
9.46118 1
6.12788 1
7.53195 1
0.540914 1
6.14261 1
8.79532 1
3.47165 1
1.54919 1
5.30475 1
6.02219 1
0.204252 1
2.34636 1
2.12124 1
8.34983 1
4.1463 1
4.36551 1
8.5662 1
7.52182 1
3.12156 1
6.64172 1
3.61006 1
6.06005 1
4.93505 1
2.04158 1
5.82712 1
7.65848 1
8.56525 1
0.749141 1
1.76837 1
1.86302 1
4.5098 1
9.50136 1
6.909 1
5.09805 1
5.57667 1
-3.40731 1
0.772673 1
1.757 1
2.83342 1
9.48275 1
4.79693 1
2.4251 1
6.40924 1
5.51597 1
5.82635 1
7.41934 1
5.44263 1
4.94263 1
-0.141166 1
3.71846 1
4.98785 1
3.10191 1
6.80536 1
4.8372 1
5.06344 1
4.64117 1
5.40213 1
4.17906 1
3.11162 1
6.86372 1
5.97211 1
4.54542 1
7.2737 1
6.32256 1
0.108809 1
0.42913 1
4.3276 1
0.835457 1
8.45025 1
3.44582 1
5.15471 1
0.711847 1
10.182 1
5.4261 1
0.749624 1
6.70627 1
4.5631 1
4.48919 1
2.7098 1
6.3155 1
5.26054 1
6.85961 1
2.89726 1
6.8176 1
4.78853 1
8.16915 1
4.92412 1
6.30226 1
7.18604 1
5.14919 1
4.8309 1
8.85116 1
2.43865 1
11.8025 1
13.7647 1
5.69918 1
2.65056 1
6.25583 1
11.1925 1
3.72967 1
7.92792 1
0.971403 1
7.37893 1
4.34435 1
10.7283 1
5.54954 1
4.77239 1
1.18947 1
3.50391 1
10.5563 1
1.65589 1
4.14541 1
3.4452 1
5.37478 1
6.19066 1
6.76383 1
7.38735 1
6.44068 1
7.23168 1
6.00506 1
5.55727 1
8.17467 1
6.56778 1
2.76882 1
5.46342 1
5.36129 1
-2.02629 1
6.14218 1
5.47757 1
5.30688 1
3.85994 1
9.69008 1
-1.89856 1
2.30981 1
4.8509 1
6.03153 1
1.34415 1
7.66047 1
9.85631 1
12.1189 1
11.0442 1
4.82733 1
2.2612 1
7.04509 1
9.00567 1
4.47437 1
3.98449 1
4.88113 1
10.0237 1
6.23472 1
2.0658 1
3.87733 1
3.89341 1
9.55262 1
2.21941 1
-0.725313 1
4.80498 1
4.20159 1
3.53542 1
6.10991 1
5.812 1
4.00965 1
14.6916 1
7.38444 1
5.83165 1
7.82269 1
3.66343 1
4.87016 1
11.9511 1
8.9697 1
3.8282 1
8.64761 1
3.60337 1
6.32285 1
1.02421 1
5.73965 1
4.02056 1
-4.03214 1
2.24565 1
9.28122 1
5.37926 1
3.86083 1
7.01443 1
4.23235 1
3.59299 1
4.29677 1
14.2078 1
3.98874 1
0.485513 1
4.36359 1
6.59624 1
7.44698 1
4.94056 1
5.25336 1
5.18033 1
3.40304 1
3.68651 1
1.86719 1
-4.67513 1
4.22723 1
3.46083 1
7.09947 1
5.2943 1
5.19605 1
9.92318 1
7.59596 1
2.15075 1
9.05061 1
0.69465 1
6.33187 1
-4.36525 1
10.463 1
7.17353 1
3.40632 1
6.65846 1
7.39989 1
3.62648 1
11.8367 1
4.29427 1
9.38897 1
7.42053 1
1.39439 1
7.42057 1
11.6678 1
-4.10583 1
6.75237 1
8.62851 1
6.21162 1
5.3887 1
4.76233 1
4.98301 1
6.0243 1
4.05121 1
5.99929 1
13.4319 1
6.71083 1
5.18959 1
6.67963 1
8.27245 1
3.28802 1
0.714954 1
3.91486 1
-2.05167 1
5.2681 1
11.2674 1
3.98428 1
-2.49364 1
11.6915 1
5.13147 1
0.21839 1
9.05562 1
4.48889 1
11.1825 1
9.00572 1
6.30003 1
7.54437 1
1.5393 1
3.21871 1
5.18493 1
4.70128 1
6.52713 1
8.87193 1
4.64589 1
5.41409 1
9.28607 1
0.183392 1
3.86329 1
3.34985 1
13.5724 1
6.01312 1
11.7108 1
6.20898 1
5.87346 1
2.03293 1
6.95461 1
5.84015 1
3.69868 1
9.9308 1
3.21886 1
4.74851 1
5.08068 1
2.55439 1
6.49893 1
2.88971 1
3.8896 1
2.99978 1
2.16357 1
5.466 1
4.75387 1
-4.8071 1
4.96932 1
6.75905 1
8.89558 1
-0.725698 1
6.35309 1
7.12467 1
2.28561 1
6.72467 1
6.21171 1
3.22601 1
5.67815 1
7.77897 1
7.45566 1
8.5816 1
0.669667 1
6.6567 1
6.98169 1
-0.790137 1
8.53908 1
-0.239308 1
5.1472 1
6.38258 1
3.32055 1
6.57246 1
0.438397 1
8.44067 1
-0.098678 1
2.61054 1
1.79742 1
5.38295 1
2.47941 1
0.731312 1
2.38778 1
5.62157 1
6.15485 1
3.90561 1
6.34924 1
9.29036 1
10.9642 1
2.54881 1
5.8001 1
7.14126 1
9.67777 1
2.3311 1
7.20709 1
6.36804 1
5.25156 1
7.93325 1
2.9251 1
1.31918 1
8.12891 1
7.1495 1
-2.42959 1
6.21371 1
0.467444 1
4.39562 1
4.33045 1
6.47011 1
3.83903 1
11.5904 1
8.52546 1
6.71256 1
5.89787 1
-3.605 1
3.24402 1
4.5413 1
2.14845 1
10.2616 1
8.33578 1
6.4204 1
6.48449 1
12.3237 1
-0.440479 1
9.83876 1
6.73385 1
6.4402 1
6.19478 1
6.01411 1
7.06245 1
10.537 1
1.30667 1
9.66284 1
6.37304 1
7.01922 1
4.36533 1
-0.626334 1
3.66987 1
5.09897 1
5.03718 1
3.82267 1
1.88197 1
11.4339 1
2.82361 1
5.24377 1
7.64212 1
5.30865 1
6.39026 1
5.08281 1
6.19818 1
-1.34813 1
2.50973 1
5.46464 1
6.7592 1
2.31108 1
2.55359 1
13.3268 1
10.9397 1
4.22287 1
6.65656 1
4.4956 1
-4.03587 1
4.2469 1
5.56612 1
4.42381 1
2.77074 1
5.00877 1
-4.21931 1
5.43355 1
3.53237 1
5.30958 1
6.54078 1
8.51385 1
8.77036 1
2.33869 1
8.1843 1
3.66691 1
3.34865 1
3.65353 1
8.07567 1
3.24769 1
11.3559 1
1.96935 1
5.0935 1
1.86626 1
4.06048 1
-0.359688 1
6.55528 1
13.9857 1
1.96682 1
10.6587 1
2.85514 1
7.18874 1
-4.62248 1
11.1169 1
1.36352 1
2.7912 1
2.51821 1
6.47929 1
7.46229 1
6.85786 1
5.62396 1
6.50303 1
5.30943 1
2.75537 1
5.44775 1
3.26776 1
6.66813 1
3.01252 1
8.94049 1
13.1505 1
6.52764 1
6.15737 1
8.77494 1
5.35859 1
5.93621 1
3.14335 1
5.13061 1
0.599957 1
7.97004 1
8.03914 1
10.6511 1
7.85681 1
9.56071 1
2.20078 1
6.73147 1
5.04085 1
2.37581 1
-3.13895 1
6.16546 1
7.44066 1
1.35778 1
4.70771 1
4.58138 1
5.76798 1
2.78205 1
10.1682 1
5.99734 1
3.99053 1
5.53944 1
3.02804 1
5.13315 1
6.31562 1
5.40205 1
8.69564 1
1.18204 1
2.28128 1
2.70315 1
0.316723 1
2.52174 1
2.47631 1
3.83642 1
7.0515 1
7.97016 1
-2.20798 1
4.66291 1
5.42273 1
5.50518 1
4.38109 1
-1.7841 1
2.31812 1
3.17311 1
7.6778 1
4.93527 1
1.76999 1
-1.37467 1
1.35691 1
-3.1119 1
4.24225 1
0.0959232 1
9.66243 1
5.2298 1
6.17329 1
2.89982 1
3.59996 1
8.82411 1
7.97587 1
5.54803 1
7.99092 1
4.4139 1
5.18673 1
8.25618 1
1.81006 1
5.02348 1
7.14106 1
4.58141 1
4.15533 1
-4.4104 1
6.88814 1
6.209 1
4.44243 1
-1.55992 1
3.28864 1
5.76314 1
4.66557 1
1.98301 1
1.5246 1
6.91706 1
2.96607 1
5.15343 1
7.56181 1
5.75818 1
2.79553 1
9.81602 1
9.11699 1
4.48259 1
7.19483 1
4.76664 1
8.92334 1
7.0526 1
3.25953 1
-2.23431 1
7.03961 1
5.61962 1
6.08238 1
1.84176 1
6.60761 1
8.79537 1
5.69507 1
5.13515 1
4.32785 1
3.81228 1
4.19265 1
4.20626 1
7.69062 1
6.20188 1
3.88109 1
6.00646 1
4.09463 1
-3.08191 1
4.28686 1
2.23972 1
3.72441 1
-0.822588 1
4.36441 1
11.1067 1
5.32027 1
1.14354 1
-1.38836 1
-3.21408 1
6.2085 1
1.21375 1
8.01081 1
8.7602 1
5.50666 1
4.28827 1
0.0175067 1
2.65518 1
4.12216 1
6.75569 1
5.87684 1
4.45157 1
5.2461 1
3.41612 1
6.63587 1
4.96751 1
-0.831022 1
8.6814 1
5.08426 1
5.66619 1
3.27174 1
5.90897 1
8.54239 1
-2.08149 1
7.19785 1
5.0253 1
-0.0457029 1
5.24472 1
3.85585 1
12.8618 1
5.77805 1
5.77207 1
2.15581 1
6.66348 1
8.69958 1
6.78321 1
-4.13114 1
-1.51061 1
7.51565 1
4.31783 1
2.70778 1
5.76799 1
4.69385 1
8.58244 1
11.9008 1
4.19881 1
8.02013 1
6.25421 1
3.42863 1
9.17114 1
0.780854 1
4.32845 1
7.09275 1
5.01195 1
-3.82514 1
12.6821 1
6.39579 1
7.99981 1
6.10989 1
0.828938 1
6.37328 1
3.13132 1
5.7256 1
6.76951 1
10.1298 1
9.82313 1
11.1648 1
6.24082 1
9.32832 1
1.04745 1
6.39787 1
3.72393 1
2.90492 1
4.67979 1
2.50531 1
10.5676 1
3.89667 1
3.453 1
2.92127 1
5.75524 1
-2.55318 1
4.95452 1
4.98633 1
10.7033 1
7.37364 1
4.90008 1
7.42201 1
5.07805 1
3.18244 1
-2.4918 1
4.80915 1
2.11799 1
1.41893 1
6.88935 1
5.4916 1
5.46203 1
9.39638 1
1.68343 1
5.78502 1
5.44008 1
11.5172 1
8.11298 1
8.5407 1
7.24635 1
9.2304 1
13.4139 1
7.07207 1
0.939349 1
13.9801 1
11.0874 1
4.21956 1
9.06227 1
0.757013 1
8.93173 1
-2.25101 1
10.8152 1
7.02816 1
4.30355 1
4.138 1
8.6465 1
2.06729 1
0.551392 1
2.14622 1
4.25503 1
5.89293 1
5.73621 1
8.09626 1
2.27273 1
7.28533 1
4.9742 1
4.28156 1
8.38395 1
7.08272 1
2.99381 1
5.24581 1
10.6979 1
6.95841 1
6.24433 1
5.56444 1
4.10792 1
-0.252795 1
2.90633 1
5.16522 1
5.27061 1
6.28161 1
3.03262 1
10.8201 1
4.01606 1
9.75041 1
11.1469 1
5.45223 1
6.75539 1
-0.395407 1
5.92908 1
6.93472 1
5.62514 1
6.01098 1
8.29637 1
11.1006 1
-1.88577 1
7.19512 1
2.79595 1
5.88543 1
13.0223 1
-1.47906 1
5.47487 1
3.91746 1
-1.66869 1
8.56718 1
4.33645 1
4.68917 1
13.533 1
3.77588 1
5.03719 1
4.26669 1
2.55772 1
5.98513 1
7.71317 1
13.6855 1
3.81735 1
5.66692 1
1.26515 1
5.15639 1
5.8967 1
3.66598 1
7.50052 1
7.19678 1
3.18318 1
3.80821 1
4.75969 1
0.245758 1
4.71303 1
1.81669 1
5.94985 1
12.3679 1
6.92392 1
4.08958 1
3.78366 1
8.77856 1
5.29805 1
6.53435 1
8.01948 1
7.1025 1
6.99461 1
10.1329 1
-3.86192 1
10.5427 1
1.7813 1
3.32017 1
5.37821 1
4.35985 1
0.942982 1
1.47694 1
4.34792 1
7.37381 1
4.84942 1
9.2156 1
6.30176 1
5.50375 1
7.01546 1
5.56911 1
0.0133648 1
6.82186 1
2.15516 1
7.06515 1
4.67724 1
4.2644 1
3.24148 1
5.45885 1
1.14279 1
5.32463 1
5.15001 1
5.6224 1
4.90422 1
6.31456 1
5.85564 1
6.99974 1
7.26269 1
4.19986 1
9.42012 1
9.91963 1
3.7396 1
4.53176 1
6.75598 1
1.75904 1
6.47717 1
6.76837 1
2.64109 1
5.2449 1
9.711 1
3.02838 1
3.75136 1
4.56954 1
5.11882 1
6.19723 1
3.69143 1
4.35321 1
10.7254 1
2.80819 1
6.14686 1
2.34405 1
0.869283 1
2.48154 1
-2.33269 1
-0.849607 1
3.75257 1
4.59781 1
5.44097 1
0.16409 1
4.57179 1
5.05457 1
1.71992 1
3.92245 1
-0.745157 1
5.4723 1
-3.29458 1
1.73983 1
2.67823 1
6.65973 1
1.5514 1
4.88042 1
8.46883 1
6.9273 1
3.18821 1
12.4825 1
6.12119 1
-2.9925 1
-0.529712 1
-2.9354 1
7.68508 1
4.14793 1
6.78508 1
2.39565 1
4.995 1
6.07692 1
12.3138 1
9.35295 1
8.62662 1
3.12376 1
2.38832 1
0.645222 1
-0.360416 1
-0.568309 1
7.23574 1
0.250096 1
4.06011 1
4.74866 1
5.57871 1
3.55789 1
3.45478 1
2.90641 1
3.97587 1
3.5695 1
4.78684 1
0.0841589 1
2.86948 1
7.70039 1
5.15756 1
3.26333 1
5.23567 1
6.22577 1
5.57183 1
4.36544 1
9.94716 1
8.37786 1
5.21705 1
12.0232 1
10.3586 1
-2.99093 1
6.34673 1
5.27843 1
6.61552 1
5.3277 1
13.688 1
0.563907 1
5.63566 1
6.68912 1
8.04166 1
4.64265 1
6.8585 1
-0.901264 1
4.74273 1
9.78306 1
10.4816 1
3.15454 1
5.2305 1
0.45437 1
7.52679 1
3.61328 1
4.75611 1
-1.21838 1
7.63038 1
4.89845 1
8.22033 1
3.38957 1
5.07486 1
7.76567 1
7.49281 1
4.1859 1
1.10203 1
2.0952 1
3.83553 1
9.62654 1
9.73846 1
4.08831 1
6.53349 1
7.92667 1
10.8097 1
4.78716 1
3.70474 1
7.1821 1
6.46769 1
3.36086 1
9.0146 1
11.4841 1
5.41355 1
-0.0381788 1
5.85438 1
0.625543 1
5.70168 1
6.44886 1
4.6037 1
14.4278 1
2.56597 1
2.44564 1
4.1061 1
4.83329 1
5.21807 1
-2.61888 1
4.98659 1
5.21479 1
2.06381 1
4.36779 1
-1.12876 1
4.07893 1
4.60765 1
4.86048 1
4.49093 1
3.5593 1
8.4829 1
4.27533 1
6.91688 1
13.7347 1
5.92291 1
-3.58412 1
4.86926 1
7.5613 1
6.78569 1
-4.58516 1
7.42917 1
12.7416 1
4.92143 1
7.80787 1
7.5437 1
2.50084 1
14.1789 1
7.14623 1
2.62851 1
2.30681 1
3.31324 1
6.81842 1
4.39512 1
5.08841 1
6.38745 1
4.4117 1
-0.759112 1
5.01383 1
5.07593 1
6.0567 1
4.9711 1
10.354 1
5.29149 1
5.48038 1
9.64433 1
-2.51076 1
5.01948 1
7.65496 1
4.7343 1
2.77542 1
-1.62978 1
-2.14967 1
10.4343 1
5.76696 1
14.4485 1
4.4555 1
2.25321 1
4.389 1
3.47666 1
1.96771 1
11.6578 1
8.37865 1
6.02211 1
5.81794 1
1.4495 1
8.08798 1
6.35827 1
5.833 1
9.49875 1
4.68237 1
4.60701 1
6.89064 1
1.10728 1
6.27756 1
12.9278 1
3.64277 1
7.09301 1
4.5153 1
5.58339 1
7.55099 1
8.47846 1
11.6773 1
10.8737 1
6.21613 1
-3.92754 1
6.15167 1
12.3104 1
8.15541 1
2.62047 1
5.87536 1
2.09575 1
4.43424 1
5.64546 1
2.66645 1
-4.24584 1
4.58718 1
3.89593 1
3.80947 1
-0.467655 1
2.92576 1
10.117 1
6.08557 1
5.31212 1
5.23257 1
5.03642 1
1.61434 1
2.98996 1
7.8031 1
-2.05569 1
7.18225 1
0.614324 1
11.6448 1
0.172975 1
0.694008 1
-4.61605 1
6.58694 1
6.53429 1
5.05163 1
-2.03422 1
4.5361 1
12.0035 1
7.23328 1
12.0432 1
4.0285 1
4.77282 1
5.12168 1
14.3944 1
9.37752 1
4.28586 1
-1.00028 1
6.68808 1
7.1899 1
9.18579 1
1.32922 1
5.83638 1
6.80312 1
10.9499 1
-1.32509 1
2.2768 1
-1.69329 1
3.92625 1
1.59244 1
7.41851 1
4.22165 1
1.42777 1
10.3732 1
3.30299 1
8.29959 1
2.7765 1
7.71854 1
7.24106 1
5.0007 1
2.94122 1
-3.26093 1
14.0693 1
5.64375 1
4.41029 1
6.16812 1
8.72027 1
8.85131 1
7.54169 1
3.58886 1
7.21113 1
8.0761 1
6.76592 1
5.37633 1
7.37021 1
9.58039 1
7.65761 1
5.90348 1
5.67147 1
10.03 1
5.47671 1
7.64626 1
5.53076 1
5.78142 1
-2.13543 1
10.7004 1
3.33897 1
-0.343853 1
5.55475 1
4.03871 1
7.6658 1
2.58821 1
1.35628 1
7.13029 1
6.77562 1
6.2979 1
3.88928 1
4.28407 1
8.92688 1
5.03493 1
4.96209 1
6.74135 1
7.90195 1
5.04517 1
5.49884 1
6.90983 1
4.92273 1
7.4533 1
-1.65383 1
6.14443 1
4.65213 1
4.16432 1
6.36799 1
9.93826 1
4.02838 1
5.12267 1
4.1356 1
-0.488319 1
6.10929 1
6.19992 1
3.10198 1
5.03549 1
5.28643 1
4.29586 1
-4.74962 1
6.71461 1
3.64676 1
6.70046 1
5.7367 1
4.61703 1
7.46715 1
3.45993 1
2.23943 1
5.3922 1
7.99505 1
5.09729 1
4.63107 1
5.43512 1
7.19838 1
5.78511 1
2.13255 1
2.66721 1
4.02167 1
7.94163 1
2.41679 1
-1.55253 1
-1.63673 1
7.62096 1
9.58322 1
7.5787 1
4.91293 1
7.74236 1
5.40206 1
6.94226 1
2.29076 1
6.23686 1
2.5329 1
4.73282 1
3.10973 1
12.7698 1
4.51875 1
3.82341 1
9.17055 1
7.90323 1
2.40977 1
5.33053 1
7.02501 1
13.5977 1
4.1345 1
3.96217 1
5.83292 1
7.82749 1
2.59602 1
5.93669 1
6.4767 1
7.96265 1
4.81728 1
5.32594 1
7.75775 1
7.14709 1
4.46504 1
3.84504 1
8.66971 1
1.82733 1
2.77745 1
6.52434 1
5.74331 1
7.9633 1
7.37134 1
5.52452 1
4.97322 1
5.53328 1
6.02533 1
5.15919 1
6.25214 1
3.92343 1
4.51073 1
3.03023 1
6.37012 1
5.15308 1
5.00225 1
2.68899 1
4.7238 1
5.23323 1
4.66203 1
0.260992 1
3.94968 1
3.79483 1
-3.97288 1
0.666198 1
5.40219 1
6.26914 1
2.63292 1
2.04459 1
9.55118 1
10.5864 1
-3.54981 1
0.696581 1
6.17123 1
2.76525 1
4.39966 1
4.09306 1
5.85169 1
11.4162 1
9.17796 1
3.5368 1
7.73198 1
6.33432 1
4.85388 1
9.88775 1
2.60214 1
3.44085 1
4.35675 1
3.93917 1
9.00496 1
4.00561 1
4.8429 1
7.30059 1
-1.47193 1
11.8253 1
6.83602 1
5.8887 1
3.32071 1
3.82646 1
12.3666 1
10.7147 1
6.7355 1
6.96919 1
3.03941 1
12.5345 1
12.256 1
2.60138 1
7.99805 1
3.76723 1
2.3845 1
3.69124 1
5.47878 1
14.1298 1
3.45191 1
6.5388 1
3.20918 1
3.31193 1
2.02251 1
7.9766 1
3.77754 1
3.63305 1
5.51341 1
4.65602 1
4.70506 1
8.87836 1
7.05329 1
7.51493 1
13.8983 1
4.99132 1
8.04773 1
6.81802 1
4.30343 1
-2.66096 1
0.0827751 1
7.41784 1
3.72375 1
7.11789 1
4.1956 1
10.6916 1
4.00208 1
5.35709 1
3.45067 1
6.10995 1
7.71047 1
0.498891 1
1.86439 1
2.93423 1
3.99532 1
-2.86964 1
5.9909 1
0.670534 1
4.80963 1
5.64296 1
5.82356 1
1.1705 1
5.33395 1
5.70083 1
7.90111 1
6.98031 1
8.19229 1
4.82779 1
5.7078 1
4.95953 1
4.94589 1
1.85371 1
4.97238 1
3.95759 1
7.09718 1
6.13227 1
5.71226 1
5.7183 1
6.08128 1
4.69144 1
4.23341 1
6.21697 1
4.84949 1
5.83518 1
6.83765 1
5.87008 1
13.1781 1
7.03668 1
6.33868 1
7.44034 1
3.31185 1
3.1013 1
8.67524 1
0.100081 1
1.91007 1
11.477 1
2.96528 1
2.48884 1
8.85827 1
2.49465 1
1.53283 1
3.22709 1
6.46289 1
0.553465 1
9.24758 1
6.3183 1
6.91833 1
8.42397 1
5.43082 1
7.66497 1
4.72497 1
5.12353 1
0.340618 1
1.85768 1
8.00597 1
5.25221 1
-0.15291 1
6.45224 1
5.63359 1
5.76961 1
5.73174 1
4.44963 1
6.47604 1
2.97904 1
1.59414 1
6.03393 1
6.88987 1
-1.02209 1
8.16058 1
-1.39895 1
-0.900086 1
7.05547 1
2.09589 1
8.77545 1
4.57529 1
4.15378 1
3.98526 1
5.04343 1
6.32515 1
9.60327 1
5.21934 1
7.0481 1
7.81474 1
4.7042 1
2.89001 1
7.13765 1
3.36213 1
8.40921 1
5.29726 1
14.0694 1
6.54166 1
-1.4955 1
7.29199 1
3.55658 1
13.1933 1
3.38643 1
-1.44894 1
5.74955 1
3.24466 1
9.83152 1
6.67541 1
2.94838 1
6.70032 1
4.97697 1
-0.240088 1
6.21684 1
8.12182 1
5.26807 1
8.31413 1
8.91332 1
5.33249 1
3.76039 1
8.1698 1
0.371312 1
4.05197 1
5.27792 1
11.8284 1
-4.42904 1
5.62593 1
1.97047 1
14.3526 1
2.07862 1
3.39315 1
10.1822 1
-1.77149 1
6.39025 1
6.8254 1
7.01744 1
4.00348 1
4.21157 1
3.9406 1
4.56153 1
6.23123 1
5.57746 1
4.33987 1
3.13667 1
1.75656 1
4.95541 1
12.1575 1
12.1216 1
3.55032 1
5.25187 1
3.61969 1
6.6153 1
4.02154 1
6.88881 1
4.47787 1
6.5819 1
6.59817 1
7.86584 1
5.48444 1
3.62089 1
4.5946 1
6.19112 1
9.19627 1
7.3414 1
4.92199 1
-1.61421 1
3.43787 1
7.59154 1
5.71881 1
2.14019 1
7.74501 1
4.09479 1
5.5471 1
6.59249 1
5.20206 1
3.50775 1
4.23994 1
7.42114 1
8.40722 1
-2.84569 1
14.2147 1
0.00606155 1
1.65349 1
-4.67803 1
4.47432 1
-2.6754 1
6.1063 1
10.1024 1
7.39195 1
5.05202 1
2.54284 1
6.15508 1
1.27092 1
8.04073 1
8.66142 1
-1.89368 1
4.67693 1
4.53118 1
7.78974 1
4.78455 1
2.8227 1
3.64424 1
13.4042 1
2.15804 1
6.45535 1
11.6798 1
6.72239 1
8.29318 1
7.1941 1
6.29994 1
8.23134 1
11.1036 1
4.4614 1
4.06183 1
7.01877 1
7.00511 1
11.2335 1
5.96166 1
4.5958 1
0.721419 1
3.15402 1
6.33297 1
7.47299 1
5.85066 1
6.1901 1
4.08179 1
6.36905 1
8.41065 1
7.31055 1
-4.27188 1
9.87392 1
3.80573 1
5.44657 1
9.57306 1
5.63305 1
7.4757 1
7.55117 1
1.72745 1
1.75583 1
0.942873 1
1.15687 1
1.37828 1
5.27555 1
2.93033 1
8.89099 1
6.98223 1
7.74856 1
7.48161 1
7.13461 1
5.93783 1
4.54995 1
4.83307 1
6.38293 1
13.1858 1
6.74954 1
-3.96036 1
4.08445 1
-1.60965 1
1.1173 1
7.9389 1
6.1735 1
6.42084 1
5.02651 1
5.93427 1
10.9692 1
5.45841 1
6.54127 1
7.10754 1
6.42776 1
4.91986 1
1.79046 1
2.25225 1
4.10605 1
-2.73162 1
10.8603 1
7.12099 1
8.68152 1
-2.13513 1
5.84402 1
7.82191 1
10.8117 1
8.44904 1
3.50232 1
3.53372 1
3.63831 1
6.01142 1
-1.96464 1
6.52133 1
1.10848 1
0.480032 1
12.114 1
3.23264 1
7.55679 1
5.63747 1
0.5585 1
7.71827 1
10.4455 1
1.62338 1
5.48787 1
4.29721 1
5.35385 1
13.4028 1
9.4685 1
5.32455 1
3.37939 1
5.4596 1
3.53268 1
4.45483 1
2.25662 1
-1.77416 1
8.501 1
1.66106 1
5.05366 1
5.81939 1
6.89376 1
5.50193 1
11.5263 1
6.45936 1
7.15446 1
6.22086 1
4.3002 1
0.126498 1
4.92871 1
4.63368 1
3.16183 1
2.72624 1
4.31157 1
-1.82626 1
4.40917 1
5.09283 1
12.2216 1
3.71133 1
4.59565 1
3.00294 1
3.22995 1
5.9835 1
5.99974 1
6.56963 1
5.12838 1
8.12974 1
5.60369 1
4.75812 1
6.47723 1
7.13399 1
5.16227 1
6.32757 1
2.16491 1
6.62849 1
-4.3547 1
5.30056 1
5.43364 1
7.69037 1
1.91211 1
7.22972 1
3.0443 1
10.0994 1
4.89573 1
4.34628 1
4.27323 1
11.6053 1
6.5494 1
4.1734 1
7.44288 1
3.15734 1
7.0799 1
3.54348 1
4.85837 1
4.34636 1
-2.54981 1
7.72287 1
2.27182 1
4.30826 1
11.6532 1
8.88303 1
4.824 1
5.89619 1
5.94194 1
12.1983 1
4.22442 1
5.13166 1
3.68886 1
4.42453 1
3.91569 1
8.63245 1
-2.94046 1
5.62424 1
3.2502 1
5.55288 1
8.34412 1
8.60959 1
6.59552 1
3.56525 1
2.73115 1
4.87712 1
5.96068 1
2.91546 1
10.8227 1
8.43115 1
10.4502 1
4.59968 1
1.95112 1
5.66279 1
3.11391 1
6.83346 1
4.90348 1
2.09457 1
3.01982 1
10.8538 1
4.98047 1
5.95511 1
5.25086 1
5.70271 1
5.7506 1
2.43742 1
6.47799 1
6.63954 1
12.8752 1
9.69554 1
6.90134 1
5.96896 1
7.14972 1
7.35406 1
1.01688 1
6.49526 1
-4.57531 1
6.01085 1
5.932 1
-1.41017 1
3.798 1
4.72376 1
3.11729 1
-4.20737 1
4.16757 1
14.2218 1
3.66886 1
3.92802 1
3.31403 1
3.85965 1
3.48192 1
-2.99069 1
4.35115 1
11.9678 1
5.77323 1
2.35247 1
5.12363 1
2.2443 1
5.32543 1
4.04565 1
2.99124 1
2.16083 1
1.91578 1
3.27748 1
4.91062 1
7.84812 1
4.6085 1
8.23533 1
-4.48744 1
5.27653 1
3.275 1
7.31849 1
5.60654 1
4.50668 1
4.67633 1
-3.84548 1
2.44203 1
6.85104 1
12.0892 1
1.75364 1
11.1982 1
-3.92997 1
6.6724 1
6.75579 1
4.02606 1
5.10401 1
9.05716 1
-4.82645 1
10.6769 1
4.72833 1
4.87126 1
4.07575 1
11.3002 1
0.947803 1
8.55273 1
6.96584 1
8.57906 1
10.6754 1
4.60748 1
13.993 1
9.67723 1
4.92037 1
8.69822 1
5.66863 1
9.44101 1
4.86093 1
7.72307 1
-3.86733 1
4.41054 1
5.27818 1
5.39277 1
2.76645 1
5.29875 1
3.45615 1
5.41693 1
4.77929 1
1.20185 1
4.36515 1
-2.80219 1
2.49721 1
3.48498 1
6.4299 1
7.32922 1
3.18507 1
7.01638 1
12.7071 1
7.92958 1
4.63115 1
12.1731 1
14.2395 1
12.4691 1
4.91288 1
4.19508 1
9.61659 1
3.85814 1
4.60111 1
7.90385 1
3.82367 1
3.53393 1
5.21178 1
6.40766 1
7.78157 1
3.68081 1
4.25456 1
3.82448 1
1.4041 1
2.99562 1
2.44721 1
10.0847 1
6.86192 1
3.93613 1
10.1581 1
6.87013 1
5.43317 1
6.49867 1
6.07866 1
4.62275 1
3.05117 1
3.7252 1
4.81028 1
2.31586 1
7.13147 1
4.03103 1
-0.463049 1
5.0873 1
7.71133 1
12.4964 1
5.02301 1
3.12961 1
6.01237 1
6.68506 1
7.04396 1
9.91915 1
6.70387 1
4.93211 1
4.98017 1
2.80727 1
5.71503 1
3.39907 1
2.99784 1
7.74267 1
5.97627 1
7.08304 1
5.00098 1
7.17932 1
4.78461 1
-3.2584 1
2.23145 1
1.89352 1
5.91766 1
3.26807 1
-1.03932 1
4.83358 1
2.54483 1
7.42277 1
6.27233 1
8.2387 1
6.7919 1
7.6243 1
6.67424 1
1.75945 1
11.0307 1
8.64905 1
0.88732 1
-2.91139 1
7.11185 1
5.59982 1
2.9875 1
6.37833 1
11.3091 1
4.28628 1
5.78193 1
2.05238 1
-1.12451 1
5.743 1
4.59255 1
-0.399875 1
1.51455 1
7.14252 1
10.9684 1
1.34229 1
5.4657 1
9.35654 1
5.51601 1
-4.62325 1
2.55684 1
8.76773 1
3.16376 1
6.98452 1
11.9637 1
6.26984 1
1.58557 1
4.91782 1
2.12987 1
4.09355 1
4.39358 1
1.79474 1
7.8154 1
2.518 1
5.78074 1
4.29914 1
5.38322 1
10.0978 1
5.42561 1
3.11462 1
-0.527158 1
9.46095 1
0.931923 1
5.84705 1
9.49509 1
4.90168 1
4.69777 1
1.63373 1
0.410773 1
5.01006 1
0.583765 1
12.5999 1
-3.95912 1
0.985466 1
-0.0575069 1
5.23923 1
5.11768 1
10.9771 1
4.89198 1
5.93516 1
7.17804 1
3.92072 1
6.62925 1
-3.06052 1
-3.58235 1
5.04819 1
6.51778 1
6.1469 1
0.651269 1
11.8498 1
4.43197 1
1.69548 1
14.0776 1
7.32158 1
4.5532 1
6.86523 1
9.13369 1
7.21078 1
6.55143 1
6.17606 1
4.30799 1
3.25993 1
6.41494 1
6.46806 1
-3.2143 1
6.6945 1
4.56452 1
6.12039 1
-0.231846 1
5.2467 1
5.9079 1
4.43458 1
8.75677 1
10.5047 1
6.70309 1
3.85903 1
8.20272 1
7.20998 1
4.01467 1
7.19505 1
9.06971 1
6.92578 1
7.06271 1
0.625427 1
4.2722 1
4.91264 1
6.58201 1
5.98186 1
2.52647 1
3.62752 1
5.94458 1
4.46804 1
-0.276284 1
9.52387 1
5.29103 1
2.47403 1
-0.378611 1
9.29159 1
4.70869 1
4.02385 1
10.915 1
5.701 1
5.28365 1
3.32638 1
12.5634 1
0.0324638 1
3.95104 1
10.316 1
13.6194 1
9.1116 1
8.558 1
9.63944 1
6.80792 1
5.8993 1
1.35354 1
4.16158 1
-1.68358 1
5.65919 1
3.75472 1
5.17077 1
6.76547 1
1.06782 1
6.11336 1
4.73381 1
5.11643 1
5.76159 1
6.25155 1
5.82662 1
7.15144 1
5.45516 1
5.1622 1
8.32908 1
5.6061 1
4.3499 1
7.17634 1
10.8649 1
3.6647 1
2.20888 1
3.12402 1
1.50433 1
-0.301703 1
8.79364 1
7.52775 1
2.37587 1
2.99587 1
7.55644 1
-0.153383 1
5.24324 1
4.90476 1
7.66994 1
7.47715 1
6.77709 1
6.07508 1
8.1072 1
3.28144 1
0.264018 1
10.5552 1
7.26255 1
-3.42414 1
2.36398 1
7.69888 1
4.98041 1
4.98135 1
-1.43492 1
2.86455 1
7.87851 1
-0.00424994 1
-1.58068 1
4.38488 1
2.39763 1
1.214 1
5.50211 1
5.52932 1
5.28859 1
7.59629 1
5.09082 1
7.90837 1
5.91234 1
3.03597 1
-2.51212 1
11.0531 1
-1.38481 1
5.47876 1
4.16761 1
-1.16916 1
5.9147 1
2.62448 1
9.53294 1
3.78667 1
11.4395 1
3.91996 1
4.22532 1
5.8831 1
7.32273 1
3.24477 1
6.35424 1
4.89722 1
4.73603 1
6.17403 1
5.07928 1
3.94167 1
10.5626 1
6.23601 1
4.55686 1
3.13557 1
6.38425 1
7.2013 1
3.82517 1
3.74006 1
9.74349 1
3.96469 1
5.18493 1
4.51449 1
-1.802 1
5.96969 1
4.89642 1
-0.891629 1
5.60168 1
4.30174 1
-2.99473 1
4.26113 1
1.85246 1
6.56503 1
7.50526 1
1.04684 1
3.3677 1
4.03637 1
0.14803 1
0.903969 1
6.12896 1
4.15034 1
4.82365 1
0.562526 1
5.95534 1
4.17248 1
3.54169 1
1.82099 1
5.09188 1
1.50439 1
3.94878 1
6.36434 1
1.70923 1
6.57097 1
-4.0932 1
8.35036 1
6.54326 1
1.4954 1
2.464 1
1.4005 1
7.28038 1
6.45363 1
0.619067 1
11.8611 1
4.99409 1
4.21213 1
11.4517 1
5.62213 1
7.8922 1
6.78471 1
6.99112 1
8.07063 1
5.64606 1
4.40709 1
5.9339 1
5.98721 1
3.46294 1
5.44781 1
2.28277 1
6.32914 1
7.53561 1
5.03668 1
4.03803 1
4.4302 1
0.704489 1
7.70431 1
4.21441 1
5.54331 1
8.88311 1
3.25078 1
12.3245 1
3.48366 1
9.49761 1
3.78506 1
14.0981 1
7.28024 1
1.91702 1
12.1765 1
4.50615 1
4.85589 1
8.58725 1
6.42442 1
9.23152 1
6.96491 1
6.87253 1
1.38897 1
5.2553 1
1.07118 1
4.66548 1
5.95747 1
6.69729 1
7.10284 1
7.45498 1
6.10992 1
5.87348 1
-3.97607 1
7.99306 1
6.11949 1
6.39414 1
5.88784 1
12.1588 1
2.87758 1
3.44225 1
8.91545 1
7.2643 1
7.06412 1
5.333 1
-4.4919 1
2.38217 1
6.60055 1
-3.52631 1
5.8463 1
4.33675 1
1.19907 1
4.80293 1
11.4206 1
6.24107 1
2.3158 1
7.548 1
6.54666 1
4.14006 1
-1.37042 1
4.37006 1
7.74438 1
6.17132 1
7.1204 1
9.09953 1
3.20334 1
4.84112 1
2.5836 1
6.14467 1
5.9884 1
4.81436 1
0.912407 1
12.0859 1
4.43816 1
9.60568 1
7.72968 1
7.27722 1
9.1142 1
3.27591 1
-0.261075 1
5.01378 1
1.32362 1
0.959197 1
3.001 1
7.28292 1
8.63278 1
3.52824 1
5.0602 1
10.6855 1
-1.47204 1
1.7819 1
-1.12552 1
1.99126 1
4.5422 1
6.42442 1
2.26048 1
3.56292 1
10.409 1
3.6477 1
7.78566 1
9.85507 1
7.29126 1
8.03754 1
4.94305 1
3.73178 1
10.0243 1
5.13853 1
7.34842 1
-2.38112 1
12.3887 1
4.76246 1
8.25161 1
9.21225 1
3.13159 1
2.71624 1
5.76738 1
8.18302 1
1.83937 1
8.03023 1
7.03048 1
0.75454 1
-3.28586 1
5.27324 1
3.99893 1
6.96479 1
2.93336 1
5.75871 1
5.1571 1
-2.33752 1
4.72893 1
11.8176 1
6.06685 1
5.69863 1
1.42142 1
9.62247 1
5.04985 1
0.922778 1
4.13527 1
2.90894 1
9.17024 1
-0.98847 1
8.59582 1
6.82531 1
4.20634 1
7.01157 1
3.86303 1
5.19298 1
9.93298 1
2.48215 1
-4.58989 1
1.10858 1
12.2328 1
5.08517 1
6.15694 1
7.02336 1
11.6486 1
7.07259 1
4.93824 1
6.97871 1
5.7225 1
12.8292 1
4.52452 1
9.55155 1
7.05584 1
4.32341 1
5.05143 1
2.19267 1
3.8751 1
2.651 1
3.56553 1
5.46119 1
13.6021 1
3.93218 1
13.495 1
9.43769 1
7.13353 1
8.22304 1
2.40769 1
2.11443 1
-4.84742 1
-0.464706 1
1.29813 1
6.9273 1
7.99863 1
7.31722 1
5.92819 1
4.81938 1
1.85459 1
5.04217 1
2.97328 1
3.2608 1
6.70871 1
4.46591 1
8.00229 1
4.7287 1
8.06289 1
5.07356 1
4.95386 1
5.44604 1
0.578204 1
4.04082 1
10.8589 1
3.26571 1
1.01731 1
1.67596 1
5.65398 1
5.74868 1
-2.66237 1
3.92412 1
9.217 1
5.28861 1
8.58305 1
5.39729 1
13.3052 1
4.17086 1
9.79792 1
5.14818 1
5.30021 1
3.73438 1
7.73744 1
4.98342 1
3.38464 1
7.33881 1
11.7224 1
6.7664 1
11.8762 1
2.97156 1
-1.80243 1
2.25802 1
7.67702 1
3.26264 1
1.37597 1
6.08418 1
5.26116 1
7.66763 1
4.21462 1
0.0894207 1
7.23972 1
1.50289 1
5.05836 1
-0.266056 1
4.28422 1
14.7392 1
2.45023 1
2.37774 1
-0.0498111 1
5.63399 1
7.39494 1
5.99997 1
-3.14937 1
5.13964 1
8.46782 1
6.44104 1
-0.734744 1
5.74369 1
6.93046 1
10.1682 1
1.81943 1
3.9409 1
6.25946 1
2.53134 1
5.89317 1
3.40895 1
4.55248 1
4.2885 1
7.16055 1
5.90959 1
3.27487 1
2.28379 1
6.5284 1
11.9348 1
3.76512 1
4.35964 1
6.30371 1
6.30904 1
5.51606 1
6.42442 1
5.4884 1
8.13497 1
5.93083 1
5.18498 1
6.16791 1
3.45633 1
-4.85796 1
3.20821 1
7.68705 1
4.77621 1
4.46405 1
-2.23123 1
7.01009 1
6.49538 1
7.96552 1
3.28931 1
12.3976 1
1.88886 1
3.25797 1
5.58812 1
5.23995 1
6.92272 1
7.9073 1
0.796131 1
5.4078 1
8.25181 1
4.31345 1
6.49294 1
4.04413 1
7.94016 1
3.25332 1
6.11975 1
-1.51798 1
1.64153 1
6.05435 1
1.1547 1
5.11102 1
5.85784 1
2.94376 1
8.29488 1
2.81722 1
1.94659 1
12.7888 1
7.67994 1
6.0068 1
5.7597 1
6.16362 1
4.65126 1
7.96529 1
6.50577 1
3.06022 1
5.33202 1
7.3816 1
4.62661 1
8.27716 1
7.74731 1
7.74679 1
3.43632 1
3.91457 1
6.62586 1
2.12174 1
8.37829 1
6.33874 1
2.77258 1
14.204 1
8.94801 1
1.44105 1
-1.67117 1
6.30294 1
-3.07146 1
4.79411 1
5.69954 1
8.68831 1
5.11814 1
4.30269 1
6.98087 1
2.84172 1
2.33935 1
6.69155 1
4.58592 1
4.14979 1
4.20594 1
7.8744 1
-2.00478 1
4.51488 1
-0.254835 1
0.865452 1
5.85528 1
7.02362 1
8.95777 1
4.2598 1
6.68611 1
1.91368 1
6.91703 1
4.28951 1
2.1506 1
8.49949 1
5.57239 1
6.08539 1
5.98486 1
12.5458 1
11.8756 1
3.30444 1
-0.311556 1
3.40867 1
5.69131 1
5.76038 1
9.75371 1
4.91949 1
13.9102 1
7.21559 1
-1.35191 1
-2.88572 1
10.5251 1
5.60781 1
5.83707 1
4.75143 1
4.12144 1
14.1473 1
6.30072 1
5.67101 1
9.41743 1
9.8269 1
4.28191 1
11.5827 1
9.76217 1
2.04198 1
9.55874 1
3.5242 1
5.95406 1
5.3541 1
9.4141 1
1.54288 1
3.24771 1
-3.36162 1
-2.77707 1
14.3647 1
2.22362 1
4.14064 1
7.94504 1
5.83673 1
6.87917 1
7.91321 1
6.3757 1
8.63288 1
-0.843869 1
-1.76139 1
5.85066 1
5.20807 1
-0.369733 1
-1.63755 1
-3.60913 1
2.98558 1
4.4051 1
3.8542 1
4.74831 1
7.71484 1
11.949 1
9.35097 1
11.174 1
4.43043 1
7.32424 1
-0.202152 1
7.8445 1
8.38154 1
3.1755 1
4.8202 1
4.21475 1
3.85511 1
10.0652 1
8.74986 1
12.3656 1
8.21543 1
1.97826 1
3.79548 1
1.73507 1
5.03193 1
9.84505 1
-2.59523 1
9.08533 1
6.46957 1
7.84056 1
3.81612 1
2.90107 1
3.89601 1
6.26566 1
3.28096 1
11.604 1
6.30452 1
3.6263 1
4.64724 1
3.3524 1
1.39345 1
12.9278 1
4.21823 1
-2.51468 1
13.5016 1
7.53036 1
5.02496 1
4.41394 1
13.0874 1
-2.34678 1
13.8397 1
4.84053 1
3.5435 1
3.598 1
5.35129 1
1.88435 1
7.06641 1
8.00236 1
-0.0797447 1
4.42385 1
5.48226 1
0.0554988 1
4.72923 1
-3.84303 1
6.11344 1
7.78711 1
4.1303 1
9.36434 1
9.12416 1
5.98019 1
-2.85098 1
5.5344 1
3.6597 1
-1.3492 1
13.3287 1
5.96355 1
13.8282 1
5.2943 1
6.37784 1
14.208 1
2.15126 1
5.09959 1
1.64949 1
3.6753 1
7.62072 1
2.43231 1
4.85751 1
4.91881 1
7.92493 1
5.36014 1
8.98827 1
7.29095 1
4.72604 1
8.59413 1
6.14265 1
3.52527 1
5.29619 1
6.8432 1
5.87081 1
-2.08146 1
5.58984 1
6.06374 1
7.87346 1
2.35285 1
5.51777 1
6.02684 1
7.21284 1
2.40966 1
4.22354 1
6.18119 1
7.98213 1
3.60255 1
5.25295 1
9.86541 1
6.92065 1
3.57673 1
5.88192 1
6.0906 1
3.60525 1
7.94695 1
5.65598 1
8.05789 1
3.32823 1
-0.00409119 1
5.43294 1
4.62516 1
2.90336 1
9.67089 1
10.9347 1
3.77455 1
3.18796 1
3.79886 1
8.07924 1
4.76148 1
4.62903 1
2.59044 1
2.48288 1
11.1051 1
3.93175 1
8.18568 1
0.802297 1
11.111 1
-3.55436 1
10.6515 1
2.50462 1
4.25044 1
7.45915 1
8.42472 1
-1.24705 1
9.1921 1
11.7693 1
2.52769 1
12.1478 1
1.18165 1
1.68763 1
6.02416 1
7.93274 1
5.68944 1
4.25079 1
6.55146 1
4.849 1
1.15684 1
9.49046 1
6.59371 1
-1.10824 1
2.68105 1
-3.99502 1
6.01821 1
4.70034 1
6.84493 1
4.12242 1
10.2198 1
6.30405 1
4.85442 1
6.12307 1
8.11984 1
0.856153 1
6.36382 1
1.63261 1
3.49177 1
3.9156 1
3.80393 1
9.11274 1
10.389 1
6.74903 1
5.9103 1
4.50858 1
-0.539282 1
4.07782 1
5.17871 1
5.62863 1
6.35951 1
3.39061 1
1.89599 1
4.39643 1
4.22019 1
5.79443 1
4.3826 1
7.80076 1
6.49317 1
4.77736 1
6.54956 1
6.3674 1
4.56794 1
5.88848 1
6.77626 1
4.54205 1
3.88545 1
10.0975 1
6.30101 1
-0.787271 1
2.97997 1
11.4502 1
6.39223 1
8.29584 1
4.65325 1
5.60834 1
5.53817 1
6.184 1
5.80235 1
3.44743 1
0.529584 1
13.5506 1
8.64258 1
9.90159 1
7.748 1
7.27772 1
-0.314983 1
1.86167 1
-4.15863 1
5.52895 1
4.6523 1
2.81977 1
2.91982 1
8.96424 1
11.2311 1
5.02643 1
1.76825 1
6.21441 1
5.57689 1
5.97019 1
3.57041 1
6.67619 1
2.78231 1
5.52056 1
1.99423 1
3.83671 1
8.14231 1
3.88341 1
7.3466 1
12.7597 1
0.668288 1
8.78481 1
3.0482 1
5.6515 1
1.71408 1
7.3549 1
2.77831 1
10.151 1
4.06965 1
3.82966 1
10.7186 1
4.19976 1
2.0148 1
2.35843 1
3.95148 1
3.19572 1
1.51623 1
6.15027 1
6.8488 1
4.90453 1
5.63953 1
9.60038 1
8.96757 1
1.51864 1
5.92366 1
5.26381 1
4.8449 1
5.04627 1
5.36719 1
11.2842 1
1.52279 1
4.85539 1
3.48414 1
-2.22175 1
2.10253 1
4.34202 1
6.29556 1
-2.46629 1
7.19758 1
1.34066 1
12.6431 1
5.20919 1
9.87417 1
8.38428 1
-2.33157 1
5.60738 1
4.34402 1
5.11394 1
0.609606 1
5.3649 1
5.50426 1
4.00958 1
-2.98433 1
5.29222 1
7.08537 1
9.6216 1
4.68267 1
0.90724 1
-0.34823 1
1.27703 1
11.9365 1
9.76337 1
2.01827 1
5.49768 1
8.01726 1
3.72175 1
1.5636 1
-0.574116 1
-0.700941 1
4.85819 1
6.3782 1
2.12463 1
4.22173 1
5.58189 1
3.22136 1
7.87453 1
3.57827 1
6.34916 1
1.40884 1
7.1355 1
6.59181 1
5.31365 1
3.30148 1
3.62434 1
4.86083 1
-4.04474 1
2.64748 1
4.54989 1
2.76232 1
4.36299 1
0.608804 1
5.59947 1
4.20326 1
6.68063 1
-0.0569959 1
5.75141 1
13.5921 1
5.49711 1
8.85341 1
4.96159 1
3.55614 1
-3.48249 1
5.25806 1
-1.2817 1
10.9417 1
3.30941 1
11.7546 1
2.59334 1
0.179776 1
11.4548 1
4.69997 1
5.0027 1
5.72153 1
4.03527 1
2.95716 1
-0.161102 1
11.0305 1
4.84371 1
6.31786 1
2.61027 1
10.3123 1
13.5069 1
4.43644 1
-1.1661 1
4.32218 1
4.69638 1
3.11591 1
5.07324 1
9.40803 1
3.89792 1
6.09573 1
4.5423 1
4.4898 1
1.89403 1
7.45174 1
2.44761 1
6.34916 1
8.29329 1
6.65286 1
7.43977 1
9.19653 1
6.61522 1
0.564482 1
1.89751 1
4.28155 1
6.19593 1
-1.532 1
4.01569 1
9.73692 1
6.71422 1
7.37061 1
-3.85559 1
2.01174 1
-3.93054 1
6.67893 1
6.51882 1
3.40112 1
13.399 1
7.88738 1
0.289972 1
5.95698 1
2.45906 1
2.74149 1
4.52358 1
10.6039 1
2.75768 1
14.3243 1
4.8981 1
6.10821 1
6.54292 1
7.51596 1
6.97747 1
8.71733 1
2.36477 1
7.25336 1
6.42292 1
4.92937 1
2.22151 1
4.53607 1
1.8943 1
-1.42747 1
9.29564 1
9.04078 1
8.81653 1
9.63719 1
6.25785 1
4.37034 1
7.0944 1
7.03489 1
4.22223 1
6.99999 1
6.05292 1
14.6087 1
3.81915 1
7.29072 1
-2.02685 1
1.86615 1
0.081572 1
4.97644 1
7.77393 1
0.998492 1
8.82004 1
2.5358 1
3.86674 1
2.96405 1
-3.69723 1
4.06829 1
4.5462 1
9.51028 1
6.19196 1
2.01434 1
8.80091 1
6.63317 1
5.62099 1
6.94588 1
4.04823 1
-1.15076 1
6.54515 1
5.59689 1
2.43861 1
5.82178 1
-1.24139 1
-0.0586003 1
6.16734 1
1.71584 1
8.36993 1
5.79029 1
7.42337 1
0.517421 1
3.66144 1
8.84234 1
5.26431 1
4.18616 1
2.59134 1
1.21523 1
-4.59525 1
3.49624 1
7.13842 1
4.99293 1
10.1198 1
3.58032 1
10.5314 1
3.59448 1
-3.05859 1
0.029009 1
-0.360563 1
1.37813 1
4.11551 1
5.5255 1
11.2324 1
7.08407 1
12.7575 1
2.52293 1
4.09389 1
3.50545 1
2.32695 1
7.3434 1
3.67036 1
6.10711 1
2.93122 1
14.1365 1
8.64407 1
5.43565 1
-0.057157 1
12.2444 1
4.79267 1
5.59203 1
0.823056 1
6.97606 1
5.66407 1
6.23773 1
9.75001 1
4.79544 1
13.9107 1
5.12201 1
1.74398 1
5.08531 1
5.06091 1
-1.89738 1
5.00247 1
5.42702 1
5.30856 1
7.17426 1
4.04303 1
4.91296 1
5.39626 1
7.85528 1
-1.44597 1
3.8153 1
0.609323 1
5.30839 1
5.39902 1
3.0183 1
3.08463 1
6.78892 1
6.51048 1
1.45532 1
5.3173 1
7.42716 1
10.7115 1
1.74585 1
5.17508 1
2.01429 1
-0.105486 1
6.39335 1
9.29461 1
-2.23308 1
6.15626 1
6.57521 1
-3.19465 1
13.3337 1
-2.0913 1
7.5768 1
6.72109 1
2.25316 1
-3.91528 1
3.67623 1
4.53234 1
6.82356 1
3.75408 1
3.93984 1
-3.23225 1
7.57418 1
11.2203 1
11.2666 1
-0.882458 1
4.78601 1
13.4315 1
8.28522 1
4.96373 1
2.86537 1
3.38755 1
13.2263 1
8.23073 1
7.84412 1
7.97697 1
5.96811 1
0.657595 1
14.3316 1
9.46635 1
5.147 1
8.26586 1
7.11555 1
8.55075 1
3.16294 1
13.5937 1
-0.0792834 1
7.74962 1
6.57564 1
0.263507 1
-2.54509 1
4.89898 1
6.77166 1
6.63735 1
5.63614 1
-2.91449 1
5.84884 1
7.86615 1
7.56264 1
5.27412 1
3.02233 1
6.87709 1
-4.68037 1
7.7438 1
1.96231 1
-1.42348 1
13.4831 1
6.48285 1
5.82312 1
3.26276 1
5.45295 1
7.38509 1
1.95667 1
6.9523 1
1.31087 1
2.61673 1
4.9186 1
0.0795815 1
7.1089 1
6.62203 1
8.71022 1
5.31012 1
1.8672 1
1.32494 1
7.10927 1
6.48092 1
10.509 1
7.83123 1
6.81483 1
-1.8108 1
4.29228 1
3.83784 1
6.74119 1
1.37061 1
-0.287604 1
0.150888 1
5.36716 1
-0.784231 1
9.73611 1
6.84553 1
4.72994 1
6.72064 1
11.4141 1
5.61415 1
9.00597 1
5.71497 1
6.83937 1
10.2085 1
3.09522 1
1.62237 1
8.30422 1
-1.0114 1
3.5275 1
7.66695 1
4.46781 1
3.8369 1
0.770543 1
6.62578 1
5.6574 1
1.43996 1
9.70755 1
4.56544 1
3.90901 1
4.52258 1
6.81877 1
-3.10355 1
5.26989 1
8.68807 1
4.34807 1
5.20363 1
6.188 1
6.12354 1
6.3513 1
8.99589 1
3.70039 1
3.3044 1
1.24283 1
1.33887 1
5.54982 1
9.58337 1
8.00999 1
5.45462 1
7.08645 1
6.69794 1
5.68002 1
9.35894 1
1.0931 1
1.65362 1
1.90575 1
5.11331 1
5.49687 1
6.84654 1
4.70406 1
4.60956 1
8.06315 1
-2.95278 1
5.81568 1
7.64829 1
8.45151 1
6.01906 1
1.37435 1
8.25287 1
4.65564 1
-0.452316 1
0.767739 1
1.14195 1
-0.323006 1
5.14219 1
5.11798 1
-2.40239 1
4.79804 1
4.62679 1
5.9949 1
4.83453 1
6.28543 1
11.3367 1
8.09182 1
2.86172 1
4.26596 1
6.73984 1
5.89342 1
3.47484 1
2.56207 1
7.48963 1
5.38809 1
5.84696 1
13.8543 1
1.10182 1
-0.0160637 1
3.90096 1
1.52792 1
6.41448 1
6.76537 1
5.8703 1
8.90229 1
4.16594 1
2.02902 1
4.77528 1
4.25693 1
5.77688 1
6.21802 1
6.34574 1
6.6062 1
6.70914 1
12.6547 1
11.2089 1
7.28883 1
9.5943 1
5.95731 1
5.10311 1
4.1937 1
4.70751 1
8.88162 1
5.63701 1
0.40439 1
4.07982 1
7.18011 1
3.49862 1
7.33048 1
6.54846 1
-2.23395 1
2.36078 1
6.07457 1
7.06062 1
4.59908 1
9.67299 1
5.15153 1
12.7842 1
1.26866 1
6.45439 1
13.6307 1
4.85726 1
10.871 1
9.39933 1
-2.0519 1
7.34222 1
3.08393 1
8.21726 1
5.64374 1
4.56195 1
2.35803 1
5.77726 1
11.2447 1
4.5191 1
2.07812 1
3.64344 1
-1.86227 1
4.51334 1
9.63766 1
8.40662 1
6.83998 1
9.86067 1
10.5714 1
5.18055 1
11.7698 1
9.279 1
4.62295 1
6.97186 1
-0.296399 1
-0.555978 1
0.232476 1
4.19561 1
7.06277 1
2.71405 1
9.09454 1
3.43613 1
6.72872 1
6.09549 1
6.67025 1
3.20106 1
5.36827 1
2.02374 1
5.43165 1
4.96159 1
6.19395 1
-2.05898 1
6.75263 1
3.91832 1
6.71464 1
6.8197 1
12.0141 1
4.60576 1
2.66819 1
3.20261 1
13.8851 1
3.35942 1
5.74116 1
3.60534 1
5.48348 1
2.91931 1
7.03787 1
2.94966 1
12.124 1
8.08095 1
-1.7026 1
3.26645 1
5.70694 1
4.74887 1
2.31124 1
5.00993 1
3.96265 1
3.59537 1
10.8667 1
5.36295 1
11.3733 1
1.22421 1
3.36767 1
4.7131 1
10.4395 1
7.53063 1
4.48568 1
2.695 1
5.21699 1
5.51819 1
3.09677 1
-2.29754 1
4.68717 1
14.208 1
1.40825 1
9.97387 1
4.93747 1
7.39563 1
5.99373 1
9.08719 1
12.1774 1
4.9691 1
9.10084 1
-3.22367 1
4.11112 1
4.18164 1
3.88424 1
5.37574 1
2.45545 1
-1.20736 1
3.54358 1
4.99641 1
-2.11863 1
9.08334 1
7.91764 1
1.22555 1
4.98012 1
-0.128054 1
8.66048 1
1.2718 1
6.90401 1
11.926 1
5.70612 1
14.2916 1
4.38931 1
6.21972 1
2.98813 1
9.75804 1
4.8868 1
7.10766 1
6.79781 1
-2.39161 1
0.681365 1
7.29909 1
8.01086 1
4.28074 1
7.18705 1
2.30896 1
4.99235 1
1.10073 1
0.871392 1
7.4917 1
8.79891 1
10.2133 1
9.29616 1
5.72509 1
6.85615 1
5.02304 1
7.62489 1
10.6252 1
3.77223 1
0.959734 1
5.38832 1
10.6873 1
4.03755 1
1.21001 1
6.61848 1
4.7937 1
10.5873 1
5.19643 1
8.07024 1
0.10182 1
4.34647 1
2.71693 1
6.67187 1
9.76534 1
6.39939 1
5.626 1
9.32992 1
10.9814 1
6.08577 1
4.73677 1
12.4746 1
6.39497 1
9.27727 1
9.36197 1
8.06886 1
3.1435 1
5.69618 1
4.28057 1
8.02935 1
-1.33735 1
6.0351 1
5.62572 1
5.04966 1
6.07307 1
7.63122 1
5.42573 1
5.98253 1
9.98941 1
5.58204 1
6.943 1
6.11762 1
12.0161 1
5.19319 1
9.29613 1
2.95161 1
1.32252 1
3.56109 1
5.18206 1
6.35581 1
5.47313 1
4.32021 1
6.03189 1
3.36758 1
5.35295 1
12.5238 1
2.30092 1
5.4352 1
14.6072 1
4.64144 1
6.92924 1
4.03589 1
5.87876 1
4.46538 1
1.53783 1
3.91173 1
6.27958 1
4.13845 1
4.71846 1
5.98713 1
7.44221 1
3.31475 1
12.1414 1
10.0749 1
12.86 1
1.09923 1
-1.70975 1
4.58467 1
3.61082 1
6.08186 1
5.11679 1
-2.78145 1
7.5953 1
5.52817 1
4.96472 1
-1.07039 1
4.36343 1
4.68043 1
7.5896 1
7.94034 1
6.26787 1
3.82811 1
10.0604 1
8.11013 1
5.97964 1
0.517112 1
2.66889 1
6.17718 1
6.57273 1
3.80929 1
1.91815 1
4.50946 1
6.57153 1
12.2555 1
7.31579 1
14.8565 1
-1.91045 1
6.75422 1
4.75677 1
7.44987 1
9.57227 1
1.38627 1
7.06009 1
6.24437 1
3.4011 1
8.24958 1
1.36341 1
1.20267 1
5.08838 1
5.47713 1
0.384437 1
5.83289 1
5.15091 1
2.3551 1
8.73726 1
2.19241 1
5.00015 1
7.5266 1
3.40438 1
6.9879 1
4.16496 1
2.99765 1
5.91664 1
6.41007 1
4.35504 1
4.11366 1
6.68168 1
4.17599 1
7.01751 1
5.431 1
5.73514 1
3.43738 1
9.46079 1
1.08813 1
6.86313 1
5.30429 1
4.731 1
9.55035 1
2.02054 1
6.45313 1
7.71777 1
1.2917 1
6.123 1
1.21187 1
0.807538 1
2.70891 1
2.51376 1
3.11602 1
5.74123 1
4.48765 1
7.21612 1
2.29229 1
3.35637 1
2.85608 1
4.48079 1
6.74755 1
3.52141 1
4.27093 1
2.33503 1
5.31224 1
4.39785 1
1.21187 1
5.11082 1
2.75202 1
7.61328 1
10.5769 1
2.70194 1
8.3602 1
5.99481 1
5.27552 1
12.7073 1
10.7852 1
4.16704 1
5.67065 1
3.12729 1
5.6128 1
6.47783 1
3.53791 1
6.08569 1
12.744 1
8.17343 1
8.73646 1
-4.64634 1
9.06079 1
5.78254 1
5.14058 1
6.59323 1
3.16068 1
6.20852 1
6.09993 1
12.092 1
6.7708 1
8.13141 1
7.08443 1
6.9236 1
-3.5505 1
3.66493 1
5.57365 1
5.94074 1
-3.36413 1
9.18768 1
7.69926 1
4.58956 1
4.579 1
2.66682 1
8.65859 1
-3.68912 1
2.90008 1
5.39592 1
-2.01726 1
9.9689 1
5.71426 1
11.8266 1
3.92786 1
8.13223 1
6.1345 1
8.3626 1
5.14793 1
13.5364 1
-1.26241 1
5.72652 1
7.80753 1
2.53208 1
4.11961 1
5.0327 1
5.26072 1
4.0637 1
-4.40144 1
-0.587494 1
3.52856 1
6.10789 1
4.7644 1
3.69742 1
5.18158 1
1.39681 1
5.71833 1
5.48706 1
9.41936 1
6.84548 1
3.63736 1
-2.81357 1
5.21035 1
-1.93993 1
-3.29476 1
0.437415 1
4.87778 1
5.46655 1
6.40138 1
5.71427 1
7.44372 1
5.29304 1
2.86799 1
5.62506 1
8.90647 1
0.380418 1
8.8229 1
6.52201 1
8.2744 1
7.26088 1
5.70051 1
4.11229 1
4.19988 1
-4.43317 1
3.87591 1
3.62238 1
6.10898 1
3.16329 1
6.88757 1
13.7081 1
3.98287 1
1.81986 1
7.0191 1
1.07097 1
-3.05712 1
5.62018 1
2.25132 1
-4.15501 1
5.01225 1
7.31221 1
-0.294245 1
5.0297 1
4.95334 1
1.95764 1
6.70442 1
7.59849 1
5.89709 1
2.18396 1
14.7794 1
-2.25168 1
7.27595 1
7.51451 1
3.01661 1
1.96362 1
3.9425 1
10.4891 1
8.56075 1
5.72984 1
7.1236 1
4.70631 1
3.46724 1
5.14252 1
-0.533826 1
6.38392 1
7.16808 1
7.82999 1
6.10136 1
9.13684 1
6.24775 1
4.81216 1
0.243459 1
2.09563 1
11.0678 1
5.95716 1
3.52708 1
5.45346 1
4.54179 1
5.42434 1
4.93791 1
9.78961 1
4.94408 1
1.36723 1
3.38749 1
6.7978 1
4.2677 1
9.48094 1
3.07024 1
4.98028 1
2.52095 1
0.977647 1
7.32833 1
4.27347 1
9.23459 1
8.17006 1
6.58084 1
4.45021 1
10.0161 1
-4.54777 1
5.24422 1
3.19794 1
-0.642535 1
5.43622 1
3.4912 1
4.2062 1
5.57828 1
4.63871 1
2.02462 1
5.01372 1
-2.00215 1
7.63794 1
9.10791 1
7.90747 1
8.95139 1
5.21097 1
14.7028 1
8.02144 1
5.23243 1
14.0718 1
6.1953 1
5.95111 1
4.21096 1
2.92809 1
5.7617 1
3.20401 1
4.46091 1
6.61737 1
7.85737 1
4.36694 1
7.6865 1
4.48144 1
4.02308 1
1.62514 1
6.35467 1
5.59922 1
3.47761 1
7.99475 1
4.55363 1
-0.759371 1
10.3003 1
4.59913 1
12.5408 1
1.83782 1
2.02236 1
8.16493 1
10.9531 1
3.46606 1
6.84651 1
4.5113 1
4.7936 1
7.60599 1
4.2903 1
11.1524 1
5.04724 1
3.19809 1
-3.04144 1
10.2809 1
7.87571 1
8.88356 1
-0.391595 1
5.15302 1
4.21612 1
3.41957 1
-0.109981 1
6.5247 1
3.93437 1
5.70193 1
4.79377 1
4.82564 1
4.50209 1
4.10927 1
4.51482 1
4.34135 1
-0.590382 1
4.48495 1
4.25655 1
1.58792 1
6.38303 1
6.4518 1
11.6456 1
-3.16274 1
6.28204 1
10.2386 1
3.54166 1
-3.7753 1
3.53183 1
-0.890382 1
7.45366 1
5.75227 1
4.19345 1
7.40618 1
4.08803 1
7.33106 1
6.87046 1
3.98378 1
6.16046 1
1.54523 1
7.75823 1
0.807068 1
6.19323 1
0.812149 1
9.28098 1
2.30218 1
2.21058 1
4.66344 1
1.6409 1
1.25567 1
5.84027 1
3.64856 1
3.47854 1
1.7581 1
3.77063 1
5.24822 1
7.3237 1
6.08882 1
2.8292 1
6.6214 1
6.47632 1
7.8072 1
4.78739 1
6.06853 1
5.61683 1
3.91432 1
1.36786 1
6.78146 1
6.18034 1
12.5629 1
-1.52986 1
4.2135 1
4.10635 1
5.0739 1
5.90425 1
4.65758 1
-2.65809 1
-3.38271 1
3.31301 1
3.8362 1
7.27782 1
4.99511 1
11.8526 1
4.76844 1
13.5364 1
13.602 1
6.61771 1
9.42604 1
1.89679 1
8.85282 1
3.79006 1
11.3221 1
5.72024 1
10.7143 1
7.10612 1
3.84703 1
-2.91713 1
4.48988 1
5.16245 1
4.76177 1
6.255 1
5.33663 1
5.85582 1
5.58493 1
6.01559 1
4.25602 1
2.31199 1
1.33666 1
0.814916 1
9.25218 1
8.56121 1
5.23858 1
-0.854515 1
6.32368 1
10.232 1
5.99052 1
7.81575 1
5.85444 1
-0.803673 1
4.45401 1
4.14264 1
5.53422 1
1.87672 1
5.32488 1
7.21405 1
6.74044 1
4.49393 1
1.27838 1
10.4343 1
5.48 1
4.68637 1
3.90963 1
0.00544896 1
4.86183 1
8.79926 1
4.00996 1
3.95486 1
5.14028 1
7.32997 1
3.59556 1
10.7186 1
6.0209 1
3.32415 1
-1.90771 1
-1.10342 1
4.76133 1
10.6537 1
11.1683 1
8.02549 1
3.53829 1
6.02215 1
8.33507 1
10.5275 1
-1.20883 1
1.05028 1
-3.37098 1
14.0717 1
9.10438 1
3.93141 1
5.61142 1
6.38616 1
8.36385 1
3.47318 1
6.07229 1
-0.0523542 1
6.66785 1
7.06599 1
10.5538 1
-2.71344 1
6.70894 1
13.0756 1
3.90084 1
5.79166 1
2.79583 1
5.05176 1
8.57763 1
9.11453 1
5.15517 1
-0.310388 1
4.5903 1
5.80843 1
6.14727 1
10.9996 1
5.17366 1
-4.20143 1
1.85244 1
1.38172 1
4.7496 1
-3.32715 1
6.58651 1
6.18155 1
2.99642 1
6.84734 1
8.13502 1
5.76536 1
6.43335 1
3.36671 1
5.16609 1
6.79935 1
4.29872 1
-1.97467 1
3.37496 1
6.81759 1
0.231205 1
0.469875 1
4.92891 1
10.0324 1
5.09199 1
5.99004 1
5.29793 1
1.85177 1
8.51747 1
4.45267 1
2.90025 1
7.04492 1
6.66362 1
7.16878 1
6.14396 1
4.59428 1
2.8195 1
4.21834 1
-1.18907 1
8.73973 1
7.4551 1
0.771311 1
8.09732 1
2.02658 1
2.29026 1
-4.80722 1
5.97578 1
13.1989 1
10.5032 1
7.52719 1
4.38226 1
5.54963 1
8.81414 1
4.92289 1
3.05646 1
4.58926 1
8.45827 1
11.1063 1
4.08154 1
5.99767 1
2.14928 1
1.37664 1
2.50795 1
-0.676805 1
9.232 1
6.59225 1
7.87381 1
5.6454 1
3.25614 1
8.12387 1
-2.83439 1
7.44664 1
10.4644 1
0.631594 1
6.56176 1
4.7932 1
0.0890375 1
4.627 1
1.48219 1
6.21605 1
7.41399 1
6.12691 1
1.95379 1
7.86636 1
8.59034 1
6.49655 1
6.39493 1
1.83701 1
4.58743 1
3.37041 1
8.53996 1
6.27025 1
7.97537 1
3.54188 1
2.64931 1
0.995294 1
5.17755 1
-0.980693 1
6.7362 1
2.897 1
5.06528 1
8.62555 1
6.32286 1
5.93312 1
4.85151 1
8.6259 1
3.09284 1
2.08781 1
3.2737 1
12.1825 1
5.30536 1
3.25854 1
5.23083 1
6.61437 1
-1.8473 1
4.51401 1
4.18546 1
4.18064 1
1.38189 1
-0.128292 1
1.78786 1
6.12709 1
7.76116 1
5.24362 1
3.92106 1
6.87687 1
3.57978 1
9.01145 1
6.03783 1
4.62453 1
8.57193 1
7.02374 1
13.8201 1
4.18257 1
4.64519 1
6.09579 1
7.7194 1
-1.44533 1
6.49234 1
-0.832191 1
5.32162 1
4.25077 1
4.47421 1
6.02182 1
7.79008 1
3.31982 1
0.456641 1
7.06172 1
6.13397 1
-0.926244 1
7.21794 1
4.43731 1
4.00494 1
8.85376 1
4.63986 1
10.0962 1
-0.518681 1
3.49177 1
5.2032 1
7.74721 1
10.4661 1
6.30403 1
5.78238 1
3.8607 1
6.02082 1
9.51325 1
4.21176 1
2.38616 1
2.57665 1
5.55103 1
7.60939 1
8.39788 1
6.85924 1
2.99746 1
3.23601 1
4.46035 1
-2.16631 1
6.28182 1
3.36965 1
1.63979 1
2.19827 1
-1.95141 1
8.94233 1
5.99535 1
7.1355 1
6.43685 1
3.29458 1
6.93611 1
10.1798 1
10.528 1
2.99835 1
1.39683 1
8.90334 1
1.6952 1
3.91927 1
5.60886 1
5.04323 1
8.42378 1
8.47233 1
4.3947 1
2.29746 1
6.86749 1
3.86622 1
3.84544 1
0.346331 1
8.91164 1
7.50097 1
6.84417 1
3.29079 1
6.91029 1
11.1002 1
14.2714 1
7.0757 1
0.711334 1
7.08348 1
1.29719 1
6.38503 1
3.83875 1
4.97852 1
3.2576 1
10.8236 1
5.29365 1
8.51687 1
0.864802 1
-3.17762 1
7.18875 1
7.69899 1
7.37098 1
4.69386 1
1.65747 1
6.80756 1
2.44652 1
6.38785 1
11.5006 1
10.8788 1
4.18636 1
2.25776 1
5.43084 1
3.29666 1
4.73156 1
4.80099 1
6.53791 1
4.82687 1
4.46327 1
7.25287 1
7.0776 1
12.1522 1
2.27093 1
3.29763 1
12.0691 1
3.98612 1
3.39956 1
-1.21714 1
4.30394 1
4.84333 1
3.84256 1
-0.748837 1
3.34421 1
14.6736 1
11.411 1
-2.71091 1
5.48176 1
-3.20893 1
7.92844 1
-2.95246 1
9.06462 1
3.76663 1
6.86676 1
3.74061 1
4.78098 1
3.35609 1
1.4893 1
10.1065 1
3.10881 1
7.82876 1
1.73699 1
1.15629 1
5.75593 1
5.18463 1
4.72955 1
8.38779 1
5.96627 1
6.77209 1
5.42088 1
7.36718 1
5.12731 1
5.86485 1
6.3162 1
3.07872 1
2.54839 1
5.05405 1
5.08156 1
4.12973 1
9.57088 1
6.70056 1
9.73093 1
7.29506 1
3.90262 1
7.45563 1
4.49767 1
7.33331 1
5.97805 1
5.43475 1
6.68986 1
3.90448 1
4.09138 1
4.70744 1
4.82876 1
11.3456 1
2.33385 1
-1.2311 1
-0.362965 1
10.4797 1
6.20057 1
4.61573 1
1.11159 1
4.07501 1
4.09113 1
5.79088 1
4.49417 1
8.98641 1
5.74086 1
4.24359 1
4.77746 1
4.65582 1
4.61349 1
8.81754 1
5.54061 1
4.30003 1
5.12412 1
3.17404 1
4.14262 1
3.26415 1
8.62886 1
0.655491 1
3.48676 1
11.7974 1
5.53256 1
3.93269 1
-0.706339 1
5.5001 1
5.39718 1
5.48046 1
6.58749 1
1.70019 1
4.09279 1
5.40379 1
3.71152 1
9.02006 1
3.85641 1
3.55852 1
5.12672 1
6.40144 1
14.3419 1
12.7109 1
1.50786 1
4.22331 1
3.72369 1
9.7082 1
4.74154 1
0.611713 1
-4.29595 1
6.02761 1
7.40207 1
8.58504 1
8.66158 1
4.41268 1
6.93846 1
3.65888 1
6.00409 1
7.73508 1
2.04128 1
6.46299 1
0.752851 1
2.39843 1
4.15014 1
8.00679 1
5.16021 1
3.42443 1
2.05611 1
2.96452 1
5.14751 1
0.211323 1
3.49337 1
6.88893 1
11.087 1
4.00506 1
4.09488 1
10.2918 1
5.77215 1
-1.41242 1
0.362637 1
1.1516 1
4.26069 1
4.16814 1
4.87049 1
3.89381 1
7.44501 1
6.88363 1
3.10494 1
1.2482 1
7.15489 1
7.77529 1
1.51132 1
12.138 1
4.23314 1
4.39266 1
8.10355 1
5.70344 1
4.08717 1
5.32312 1
5.88454 1
5.85094 1
4.40626 1
5.42712 1
-0.249993 1
7.88725 1
6.43395 1
2.7805 1
2.82606 1
11.063 1
4.74646 1
3.2071 1
5.27499 1
1.75774 1
6.11652 1
-4.75259 1
6.15873 1
3.37976 1
1.19602 1
4.80138 1
2.3947 1
6.46116 1
0.385988 1
4.51676 1
4.9458 1
10.4171 1
5.40673 1
7.45177 1
3.72633 1
9.75675 1
1.58326 1
7.12925 1
6.85194 1
3.81395 1
5.85799 1
7.0613 1
1.21697 1
6.48684 1
8.81455 1
3.85375 1
5.35708 1
4.24782 1
7.94784 1
5.69016 1
4.73286 1
4.69912 1
7.2415 1
9.09724 1
7.059 1
0.592763 1
7.13757 1
4.13019 1
11.8863 1
7.59027 1
4.32509 1
8.31834 1
5.49045 1
5.16733 1
-0.324422 1
8.31722 1
-1.74864 1
9.96563 1
6.08254 1
3.84444 1
12.0172 1
3.69237 1
5.76404 1
6.91717 1
5.41445 1
0.877781 1
2.91458 1
5.00531 1
3.74676 1
7.91261 1
6.63255 1
6.06569 1
3.22677 1
6.67133 1
2.96986 1
7.30545 1
3.84022 1
10.2159 1
4.07819 1
-4.85173 1
8.11235 1
9.32761 1
4.86182 1
14.7332 1
-4.33841 1
9.84792 1
14.1461 1
-3.87454 1
6.49101 1
-0.515695 1
6.02171 1
0.796214 1
6.59826 1
7.13512 1
8.29198 1
4.64967 1
5.47979 1
7.70052 1
5.43557 1
3.40646 1
3.45324 1
1.76391 1
6.56256 1
3.42811 1
4.37621 1
3.8406 1
12.8904 1
5.65949 1
-4.07476 1
4.34281 1
4.51522 1
1.2134 1
7.62539 1
6.23618 1
6.18099 1
3.98737 1
11.3329 1
-3.15018 1
0.204785 1
2.92209 1
10.4365 1
5.18412 1
3.79721 1
10.6548 1
7.32119 1
4.9124 1
8.44375 1
3.13334 1
5.85974 1
8.04761 1
7.25795 1
11.6624 1
3.87529 1
2.00973 1
3.22893 1
7.39496 1
8.6125 1
9.34097 1
6.83275 1
5.85097 1
-2.24844 1
6.30241 1
6.80103 1
3.6647 1
11.3934 1
13.5364 1
8.11084 1
5.5062 1
6.89211 1
7.0438 1
7.46556 1
5.04866 1
7.62096 1
3.48971 1
0.245839 1
0.584313 1
4.90247 1
5.1362 1
10.1502 1
11.6152 1
5.73464 1
10.4802 1
6.63653 1
7.19447 1
10.0438 1
5.33658 1
10.9615 1
5.91488 1
3.63922 1
9.77664 1
3.47509 1
5.53738 1
4.17119 1
5.65092 1
7.43582 1
4.411 1
4.15038 1
2.48739 1
3.12438 1
6.674 1
5.19769 1
11.6843 1
9.52416 1
4.71676 1
5.09472 1
5.63731 1
6.1235 1
6.54232 1
4.34512 1
4.807 1
4.77613 1
8.71176 1
-1.06583 1
3.89534 1
0.297026 1
6.27236 1
6.46132 1
0.430485 1
13.8004 1
-3.47957 1
9.43323 1
9.72405 1
11.2588 1
6.92785 1
4.88023 1
3.06847 1
4.55437 1
10.4867 1
12.6456 1
-3.38622 1
1.40835 1
4.39421 1
5.0376 1
6.69846 1
3.2545 1
4.60127 1
0.416797 1
-0.11548 1
2.27046 1
8.10381 1
-3.58484 1
8.89052 1
13.3241 1
0.819129 1
2.95348 1
4.18179 1
4.12589 1
3.03583 1
1.78142 1
6.58879 1
6.35663 1
9.72502 1
3.97166 1
-2.58752 1
6.5244 1
5.86056 1
3.8554 1
12.7799 1
0.132985 1
4.40896 1
6.5431 1
-1.03259 1
7.96672 1
8.1476 1
11.4482 1
14.1966 1
5.60871 1
3.8858 1
5.33076 1
0.928207 1
3.51441 1
6.9641 1
5.13718 1
4.29656 1
1.19218 1
-1.20423 1
7.52289 1
6.74245 1
11.9406 1
1.1312 1
-3.31645 1
10.7626 1
6.64455 1
-0.835716 1
5.19867 1
8.3 1
4.00628 1
3.47978 1
5.98538 1
6.43598 1
3.93675 1
3.26301 1
3.73918 1
0.172105 1
-1.82574 1
0.557156 1
5.48246 1
11.9238 1
7.76847 1
6.09674 1
2.73898 1
9.11827 1
5.22253 1
11.0407 1
1.936 1
6.12932 1
4.684 1
7.12167 1
6.0987 1
5.76972 1
5.21569 1
2.42211 1
1.38333 1
12.8162 1
8.79301 1
-0.544788 1
0.887309 1
3.79873 1
6.19418 1
5.19535 1
4.99145 1
7.64683 1
4.26939 1
2.9596 1
10.5196 1
12.8145 1
0.99078 1
6.65618 1
6.63425 1
4.6956 1
6.4123 1
9.35992 1
5.59132 1
7.16808 1
5.8021 1
4.38677 1
4.6966 1
12.123 1
-1.79502 1
3.23772 1
2.52802 1
4.9068 1
13.783 1
6.15316 1
5.16146 1
6.74183 1
8.58801 1
4.20288 1
2.82737 1
6.27859 1
5.5741 1
7.18579 1
3.41898 1
2.24179 1
-0.611512 1
-0.759916 1
-0.334844 1
6.57853 1
4.85706 1
6.11731 1
5.0736 1
3.38206 1
10.2737 1
1.21048 1
2.87319 1
3.10775 1
3.32842 1
5.39073 1
6.01717 1
7.10866 1
4.81484 1
1.08738 1
13.6986 1
6.35467 1
-0.864972 1
6.70193 1
7.61393 1
8.35996 1
3.25967 1
4.43756 1
11.4021 1
0.319212 1
4.10468 1
5.89508 1
5.93935 1
5.14227 1
7.82983 1
7.19342 1
4.87107 1
14.3709 1
4.17928 1
2.65416 1
5.32818 1
6.7646 1
1.6731 1
2.70483 1
5.70782 1
4.02771 1
5.46354 1
4.27775 1
4.53704 1
7.46692 1
6.90226 1
3.78123 1
5.96561 1
2.88313 1
6.24471 1
12.3657 1
4.73678 1
-2.39952 1
5.69175 1
4.08272 1
4.40262 1
8.15996 1
6.34599 1
6.45757 1
4.80332 1
8.57618 1
5.0193 1
7.78132 1
3.15147 1
5.49269 1
12.5892 1
13.2463 1
4.50662 1
4.9745 1
6.31972 1
6.89279 1
6.60912 1
13.4789 1
-2.39397 1
10.8432 1
3.44325 1
1.23223 1
5.75503 1
3.6524 1
6.31054 1
7.69068 1
4.65828 1
2.75874 1
10.8901 1
3.36273 1
5.84866 1
0.319596 1
5.27758 1
2.55183 1
5.58074 1
6.66396 1
4.14762 1
4.16765 1
7.57058 1
2.96936 1
2.48938 1
12.7634 1
10.5239 1
11.5013 1
6.31327 1
2.29746 1
-3.75345 1
6.18378 1
2.60203 1
5.89931 1
-0.176558 1
3.80095 1
7.86741 1
3.48205 1
3.53123 1
1.25694 1
6.33055 1
6.0306 1
6.36735 1
0.64121 1
3.96686 1
3.6854 1
1.70831 1
3.46677 1
8.59505 1
3.2052 1
11.9307 1
1.25526 1
-4.84676 1
7.35059 1
9.86938 1
5.84999 1
5.88748 1
10.1059 1
3.64331 1
0.748892 1
0.901727 1
3.02818 1
8.07889 1
7.26857 1
0.885791 1
2.23196 1
-2.85312 1
8.88199 1
2.89107 1
11.6717 1
13.1255 1
2.39162 1
3.31625 1
2.97174 1
2.24851 1
2.89378 1
-1.61543 1
5.66092 1
6.83077 1
4.39557 1
-3.12391 1
6.07079 1
5.69145 1
2.973 1
9.82948 1
3.34096 1
5.76505 1
3.81182 1
-1.08474 1
6.91863 1
7.09845 1
-3.47515 1
4.20095 1
7.58156 1
13.3248 1
-1.09245 1
7.6647 1
5.9939 1
3.03652 1
3.81798 1
2.11933 1
2.2867 1
-3.06964 1
5.10207 1
4.06571 1
7.23151 1
10.5163 1
5.34488 1
7.72626 1
8.80035 1
-0.511375 1
7.70031 1
11.663 1
5.28796 1
-2.42199 1
4.631 1
1.40265 1
4.50296 1
11.5847 1
7.83599 1
12.0653 1
10.3131 1
1.24382 1
0.316367 1
4.97849 1
6.06722 1
6.79017 1
5.40351 1
3.76116 1
6.27944 1
4.95782 1
1.4637 1
5.68131 1
2.90849 1
9.67633 1
9.565 1
6.5783 1
5.75798 1
5.91712 1
2.78478 1
1.33243 1
5.09288 1
3.07383 1
2.18559 1
6.59257 1
4.18266 1
5.42674 1
1.97974 1
1.13499 1
6.56059 1
3.01233 1
8.96474 1
7.3806 1
7.91129 1
5.83872 1
0.846655 1
-0.739919 1
7.84098 1
6.82151 1
2.48461 1
3.6454 1
6.07987 1
10.0549 1
6.3648 1
13.5464 1
-3.81897 1
3.3707 1
4.96765 1
8.3774 1
5.39203 1
1.53599 1
3.45527 1
5.02069 1
3.20958 1
5.92868 1
2.12044 1
4.74873 1
7.29534 1
6.78609 1
6.99171 1
12.679 1
6.54691 1
8.03585 1
4.01757 1
9.07209 1
-0.525997 1
6.89447 1
8.66873 1
3.80246 1
6.20939 1
5.94138 1
6.17584 1
6.10748 1
3.75621 1
6.8311 1
-4.41407 1
4.87587 1
6.68822 1
6.78166 1
5.8659 1
5.27127 1
4.29104 1
4.34239 1
12.8145 1
-2.75854 1
-0.853216 1
-0.14973 1
5.43782 1
5.88263 1
4.90007 1
11.2893 1
11.6889 1
4.61998 1
5.0403 1
13.6012 1
6.21691 1
10.7473 1
5.27559 1
6.11915 1
5.05698 1
4.00486 1
11.3167 1
5.10184 1
8.03968 1
6.28681 1
1.46953 1
7.51386 1
6.24845 1
2.26967 1
-3.08176 1
1.05309 1
5.4339 1
6.07728 1
4.05524 1
5.60441 1
2.01712 1
2.31074 1
9.2744 1
9.3361 1
5.05044 1
3.09276 1
6.08353 1
12.8452 1
4.83977 1
5.85229 1
4.53965 1
5.16835 1
6.31157 1
-0.774164 1
6.90016 1
2.2235 1
3.5408 1
8.48773 1
6.74783 1
3.35866 1
10.7562 1
8.00491 1
5.11906 1
11.0836 1
6.47425 1
-0.183561 1
0.849657 1
5.17821 1
8.0511 1
6.38286 1
0.937796 1
6.1567 1
6.46976 1
2.8634 1
-3.5576 1
9.94993 1
10.1952 1
7.25046 1
4.52479 1
2.34738 1
0.992342 1
5.98364 1
-3.179 1
12.0174 1
6.90481 1
4.9806 1
3.24923 1
-2.09955 1
9.25519 1
3.02398 1
6.10239 1
2.27131 1
13.0827 1
9.5066 1
7.47414 1
8.90249 1
4.6784 1
9.2366 1
6.94178 1
1.7629 1
6.41169 1
10.346 1
5.45853 1
2.24696 1
6.19624 1
12.2573 1
6.10213 1
4.56981 1
5.27538 1
1.37443 1
-1.02558 1
3.31457 1
10.4149 1
0.77397 1
5.9025 1
3.85497 1
6.32498 1
-1.79202 1
6.33542 1
3.36088 1
1.34358 1
6.15732 1
11.2539 1
5.41074 1
6.54413 1
6.52371 1
6.06571 1
5.27521 1
-3.08721 1
2.9167 1
3.69573 1
2.26157 1
3.59261 1
14.0821 1
11.3183 1
4.80302 1
9.96575 1
4.31331 1
-0.706181 1
1.72859 1
4.92387 1
3.00145 1
3.90327 1
4.76716 1
6.01243 1
8.47994 1
9.93036 1
4.86231 1
4.9338 1
1.18369 1
10.3074 1
7.65016 1
7.46377 1
5.29893 1
5.57837 1
-1.83252 1
2.9398 1
2.823 1
5.26004 1
7.13155 1
8.94084 1
3.65224 1
4.86542 1
3.66245 1
4.70145 1
5.12573 1
5.87101 1
5.04741 1
5.01805 1
8.80087 1
3.6851 1
5.44639 1
9.47717 1
5.82956 1
5.77871 1
4.30108 1
1.87963 1
8.55566 1
7.93156 1
2.95576 1
9.62989 1
1.40195 1
5.61847 1
4.04694 1
0.0519921 1
5.65513 1
6.27573 1
7.88087 1
-2.83555 1
2.73825 1
-0.355421 1
4.31462 1
7.74167 1
4.44858 1
-4.3217 1
2.388 1
5.25331 1
1.95567 1
5.20275 1
5.52332 1
4.12147 1
6.04769 1
5.08514 1
3.8882 1
10.979 1
5.83042 1
4.43089 1
4.27814 1
5.80076 1
9.06815 1
9.02843 1
1.17945 1
6.65625 1
-1.0065 1
4.77256 1
6.63325 1
8.52603 1
6.23496 1
0.317066 1
6.43015 1
3.18559 1
0.588366 1
5.25963 1
0.318278 1
6.58737 1
6.72313 1
4.66911 1
6.63497 1
3.43559 1
7.09634 1
8.82129 1
11.4856 1
-2.08986 1
0.805082 1
4.9188 1
6.1541 1
5.08455 1
5.46712 1
7.15905 1
6.2531 1
6.52715 1
5.04026 1
1.10873 1
4.19881 1
14.4804 1
6.89876 1
4.78625 1
6.39093 1
2.85622 1
3.077 1
6.58087 1
14.1696 1
3.42852 1
6.72806 1
5.06544 1
6.93132 1
5.00263 1
5.21075 1
-4.75259 1
-0.579996 1
9.64507 1
7.0483 1
5.52433 1
1.07427 1
8.51185 1
13.4498 1
8.45656 1
-4.17378 1
0.0527077 1
3.51532 1
3.90808 1
9.41166 1
14.1145 1
6.71576 1
13.1137 1
3.16794 1
3.65881 1
5.44738 1
6.19521 1
6.90901 1
7.25958 1
6.37202 1
-4.47924 1
8.42574 1
-1.44412 1
3.8252 1
3.32193 1
7.83997 1
3.62825 1
10.0089 1
7.81377 1
3.61665 1
7.73485 1
6.67075 1
6.67693 1
5.08429 1
5.39541 1
6.95425 1
3.46806 1
3.62733 1
9.34197 1
2.6422 1
3.24034 1
6.15208 1
6.06785 1
14.3882 1
2.56304 1
5.56703 1
6.81904 1
12.1537 1
12.137 1
5.33912 1
5.02584 1
3.5013 1
10.8171 1
5.60409 1
3.99401 1
5.11305 1
12.298 1
12.3181 1
2.87766 1
6.16988 1
1.32875 1
4.35499 1
4.47829 1
7.57916 1
5.62278 1
6.04864 1
10.6585 1
7.621 1
-3.20446 1
6.89114 1
5.14243 1
5.53423 1
7.08971 1
-2.73146 1
4.22619 1
5.36264 1
5.59405 1
10.6124 1
7.25066 1
3.39792 1
2.94274 1
2.86511 1
5.06914 1
8.89865 1
1.68418 1
5.68973 1
9.12642 1
6.61937 1
5.24332 1
5.66297 1
14.4021 1
2.74241 1
7.43847 1
5.66368 1
3.59249 1
4.60768 1
4.99327 1
6.02483 1
6.27661 1
4.99806 1
2.44875 1
3.11936 1
4.81333 1
-1.32996 1
4.87404 1
4.50252 1
4.42001 1
3.03341 1
9.57911 1
0.527967 1
-1.82329 1
6.46417 1
4.22669 1
7.61237 1
11.2479 1
5.49745 1
4.99688 1
8.08001 1
8.81979 1
1.13048 1
3.33931 1
0.888104 1
0.285651 1
6.54573 1
2.73005 1
5.14719 1
6.19961 1
7.89232 1
5.69284 1
0.596338 1
4.32525 1
6.48508 1
8.17972 1
7.24826 1
-2.53623 1
5.4578 1
4.95459 1
6.60333 1
3.68052 1
5.0832 1
-2.07914 1
5.43694 1
12.4187 1
6.32408 1
4.56953 1
6.00413 1
12.3626 1
2.98736 1
8.82566 1
0.264406 1
5.48982 1
1.83123 1
7.40522 1
1.65335 1
12.6438 1
0.0205038 1
2.68225 1
10.0055 1
6.41424 1
3.47357 1
13.8142 1
9.28498 1
6.90888 1
4.81047 1
4.77303 1
3.93468 1
4.75648 1
-2.03447 1
1.14394 1
8.15364 1
4.89246 1
1.02596 1
7.51173 1
8.95336 1
4.2914 1
5.41647 1
8.87404 1
2.20763 1
13.4732 1
6.2524 1
7.96392 1
12.5267 1
4.78066 1
5.67542 1
1.40566 1
9.41793 1
1.24363 1
6.34622 1
4.82661 1
6.21092 1
6.67541 1
9.13269 1
-1.74942 1
1.36452 1
5.54514 1
5.4127 1
4.60401 1
9.80559 1
4.20119 1
6.70724 1
7.7987 1
2.6811 1
0.804612 1
7.19309 1
4.92653 1
3.49466 1
6.6645 1
6.86544 1
4.08042 1
4.74576 1
-0.234263 1
-3.96787 1
6.1615 1
5.55779 1
6.33605 1
5.40548 1
0.268419 1
4.71917 1
5.60299 1
1.29104 1
4.59246 1
8.72315 1
11.1254 1
7.10049 1
0.686947 1
4.8745 1
0.251062 1
2.94368 1
4.58621 1
3.52225 1
3.8921 1
6.62783 1
6.43945 1
1.89909 1
5.70042 1
4.76247 1
3.74336 1
4.60324 1
3.15852 1
1.62175 1
3.54767 1
4.63533 1
-2.32684 1
11.4323 1
4.9543 1
4.75506 1
5.16017 1
7.07669 1
4.30472 1
6.72134 1
4.95571 1
7.34083 1
5.90226 1
3.10126 1
6.47817 1
2.60975 1
8.48529 1
2.29898 1
5.87387 1
4.32498 1
3.90564 1
6.13718 1
9.11054 1
-4.58294 1
9.25189 1
8.9051 1
4.73248 1
5.517 1
3.95843 1
6.11863 1
3.56235 1
8.24636 1
2.58169 1
4.49511 1
4.27085 1
3.38776 1
6.12977 1
0.772279 1
5.84818 1
8.11984 1
-1.45649 1
7.04969 1
3.25425 1
5.85175 1
9.16294 1
5.05885 1
3.84695 1
4.93124 1
3.65174 1
12.5746 1
9.53323 1
3.3887 1
-4.58341 1
-3.30987 1
6.63933 1
2.8701 1
6.24493 1
6.58633 1
5.73289 1
5.50895 1
6.1261 1
5.68833 1
5.04125 1
4.32007 1
5.81054 1
1.03005 1
6.9802 1
6.55547 1
6.15921 1
6.50554 1
5.76122 1
10.9683 1
5.36036 1
7.06318 1
2.82158 1
7.67196 1
5.9842 1
4.51284 1
6.11926 1
5.66759 1
6.20712 1
3.14261 1
4.68676 1
2.7711 1
6.17725 1
7.41695 1
4.97348 1
4.66498 1
5.39641 1
-0.380161 1
2.65759 1
6.66323 1
12.0817 1
4.65617 1
6.28861 1
-2.4042 1
5.64948 1
4.92528 1
5.77195 1
1.77446 1
1.17498 1
6.56817 1
5.10095 1
3.38634 1
5.41981 1
-0.521533 1
8.77615 1
8.65156 1
4.5006 1
5.8004 1
5.4476 1
5.19185 1
9.27444 1
4.60134 1
-0.0297764 1
4.00847 1
8.77865 1
6.09635 1
4.84974 1
6.38263 1
1.84725 1
3.6959 1
6.95812 1
1.63691 1
7.42873 1
12.0225 1
9.63199 1
7.46551 1
6.1264 1
10.9043 1
6.12174 1
5.3861 1
6.99096 1
-2.61513 1
4.36779 1
7.58614 1
8.21682 1
0.497495 1
6.85 1
13.3004 1
5.16294 1
2.3322 1
6.45508 1
5.76112 1
4.02597 1
5.95115 1
6.17682 1
-1.7552 1
4.76299 1
6.47309 1
4.14351 1
10.6986 1
8.24372 1
7.09966 1
4.94263 1
8.29443 1
-2.20046 1
3.47505 1
4.70993 1
5.43867 1
11.4697 1
5.08148 1
5.02895 1
3.8624 1
3.53161 1
6.12529 1
3.06412 1
6.76554 1
3.25112 1
13.306 1
14.2551 1
7.33707 1
7.30271 1
5.95864 1
5.94621 1
3.05646 1
3.05654 1
6.47827 1
3.21675 1
1.89124 1
7.64382 1
6.8606 1
5.19833 1
14.6514 1
1.86534 1
6.01707 1
5.37668 1
4.80644 1
4.26698 1
3.8575 1
8.17854 1
8.04343 1
5.32777 1
13.0466 1
5.51345 1
7.05492 1
-0.389484 1
8.35464 1
11.8742 1
0.762879 1
3.3761 1
5.74581 1
4.58052 1
12.9421 1
4.30012 1
7.57134 1
5.3685 1
2.95798 1
9.75121 1
5.50994 1
6.45391 1
0.868797 1
3.68422 1
6.23167 1
9.09195 1
5.13471 1
5.32358 1
4.98275 1
5.79779 1
5.58755 1
5.80784 1
4.86511 1
1.63888 1
8.29003 1
5.28644 1
7.32339 1
1.36479 1
2.54137 1
1.0024 1
6.83118 1
2.89707 1
13.1625 1
12.9051 1
7.40699 1
3.43096 1
0.990879 1
4.52328 1
0.309628 1
1.59741 1
1.2899 1
1.55052 1
6.00709 1
2.37757 1
2.42313 1
4.93186 1
7.8877 1
11.448 1
9.06235 1
-1.76905 1
6.53806 1
6.81082 1
13.1076 1
1.1982 1
4.19023 1
7.62631 1
7.15427 1
4.6441 1
1.3338 1
1.48268 1
6.18883 1
3.30474 1
5.18565 1
14.7255 1
6.39993 1
5.88544 1
1.88415 1
6.43523 1
5.41886 1
3.16725 1
11.7206 1
4.09403 1
5.62965 1
8.10415 1
7.52369 1
3.9374 1
2.8471 1
5.52811 1
2.45033 1
5.96693 1
8.97767 1
5.96532 1
5.51361 1
7.06319 1
3.36692 1
7.70996 1
-1.84352 1
6.68851 1
6.75193 1
0.655127 1
5.35155 1
5.29185 1
-1.24609 1
8.13602 1
0.0288116 1
4.19224 1
4.48387 1
3.55443 1
1.5683 1
2.55413 1
4.73564 1
2.54605 1
3.71933 1
5.87697 1
4.80197 1
6.91672 1
6.92909 1
2.90062 1
8.35244 1
5.25329 1
5.87536 1
3.34268 1
5.87782 1
5.18394 1
8.11735 1
2.55019 1
5.89088 1
3.06955 1
11.5 1
-2.68867 1
4.90338 1
3.9213 1
-3.48855 1
-2.55988 1
5.87363 1
3.69568 1
8.19736 1
13.0208 1
0.0689591 1
7.62456 1
2.48884 1
5.43119 1
0.127887 1
6.75468 1
4.28098 1
5.99526 1
5.74165 1
8.8044 1
6.29414 1
6.20507 1
7.34058 1
-0.52851 1
5.09292 1
2.80735 1
7.95931 1
4.68701 1
-0.739032 1
6.68419 1
14.2658 1
4.84804 1
6.84358 1
2.60787 1
7.10615 1
2.45036 1
4.04334 1
5.726 1
1.50181 1
7.56154 1
2.29702 1
7.43736 1
5.80107 1
1.57703 1
5.04669 1
7.28471 1
0.523403 1
4.26919 1
4.26866 1
0.559881 1
2.06684 1
0.465574 1
9.52181 1
4.56696 1
2.2712 1
7.15944 1
4.02496 1
2.71508 1
-1.40972 1
8.41499 1
6.86641 1
5.27243 1
7.21561 1
4.30404 1
-3.62044 1
0.45618 1
1.98939 1
-0.00903888 1
6.64364 1
3.92523 1
7.50683 1
4.84236 1
8.14987 1
3.8699 1
7.28859 1
10.7517 1
7.13688 1
11.2647 1
5.52981 1
8.70201 1
4.01196 1
8.37843 1
7.34417 1
4.00625 1
2.85729 1
2.63597 1
2.10706 1
5.87276 1
10.6397 1
2.97277 1
2.51108 1
4.07934 1
-1.37776 1
2.93788 1
1.03951 1
6.49402 1
4.77723 1
7.66608 1
8.78866 1
6.46169 1
3.17819 1
4.70999 1
6.64653 1
8.12859 1
8.30202 1
5.23808 1
7.56933 1
-3.11499 1
4.91697 1
6.15906 1
3.46613 1
5.27918 1
3.12818 1
8.42296 1
5.51591 1
0.606429 1
5.07464 1
8.01263 1
7.80626 1
3.0954 1
9.84671 1
9.4877 1
-0.332425 1
12.5296 1
7.87754 1
4.05389 1
2.25537 1
7.51212 1
11.2698 1
6.02831 1
8.08449 1
1.03291 1
14.2582 1
0.047333 1
4.1328 1
9.80661 1
3.72773 1
3.56775 1
2.46175 1
1.64459 1
0.0434754 1
3.84274 1
6.31705 1
12.8499 1
6.27291 1
12.2467 1
1.44421 1
5.76912 1
5.68101 1
7.68967 1
3.66782 1
5.34676 1
0.89114 1
5.60485 1
1.97507 1
7.21488 1
5.32208 1
0.242923 1
4.34398 1
2.93148 1
2.00943 1
12.2113 1
1.52197 1
5.28719 1
5.70948 1
5.99275 1
8.67505 1
0.985221 1
4.93372 1
6.08648 1
-2.10131 1
10.2948 1
2.77151 1
1.26987 1
4.40113 1
8.76822 1
6.25274 1
13.5809 1
1.57736 1
-0.979753 1
6.07166 1
5.82803 1
13.1319 1
4.95696 1
4.67371 1
2.61537 1
4.91897 1
5.0002 1
10.0676 1
5.66004 1
4.52636 1
8.64688 1
4.79043 1
1.29721 1
8.98558 1
4.73241 1
3.57814 1
4.1993 1
7.18019 1
6.71915 1
7.71407 1
3.51121 1
8.36153 1
3.93904 1
1.88396 1
6.49907 1
4.66926 1
3.84354 1
4.56308 1
10.6157 1
5.85415 1
-1.90399 1
7.84801 1
5.85116 1
10.0674 1
4.79958 1
4.68604 1
9.0901 1
4.64761 1
3.25514 1
3.52286 1
9.97883 1
5.94141 1
11.2274 1
6.62419 1
-0.779491 1
2.54728 1
3.09391 1
3.85001 1
8.73749 1
3.28447 1
-1.34882 1
3.41781 1
5.98474 1
10.6854 1
3.60539 1
3.24901 1
5.33492 1
3.89956 1
6.40636 1
4.38443 1
7.71663 1
0.626462 1
4.26895 1
7.81359 1
0.264221 1
6.28666 1
10.4637 1
6.06235 1
3.90143 1
0.853782 1
4.53037 1
8.59752 1
4.69511 1
5.10296 1
3.59546 1
7.31499 1
4.15232 1
4.76604 1
6.86374 1
6.86072 1
-1.97697 1
5.04585 1
-0.451017 1
4.79437 1
6.51087 1
1.84297 1
5.00757 1
6.48877 1
3.23909 1
5.43693 1
0.24832 1
12.7875 1
6.66448 1
5.26229 1
6.1699 1
6.49629 1
4.15791 1
2.97795 1
4.4771 1
7.35726 1
5.59617 1
9.2041 1
-4.55927 1
13.5769 1
4.56791 1
3.17075 1
4.21794 1
12.7626 1
5.01403 1
6.04092 1
10.2039 1
12.7486 1
5.54937 1
7.28503 1
8.8546 1
6.22799 1
4.97132 1
7.03853 1
6.3819 1
5.91837 1
6.51343 1
4.33746 1
3.13998 1
3.33953 1
9.704 1
5.3337 1
1.51275 1
4.96787 1
2.63515 1
7.41312 1
3.47158 1
2.98551 1
1.65926 1
11.44 1
5.70282 1
2.17857 1
8.5678 1
-1.34357 1
5.75015 1
0.518884 1
5.2549 1
6.19936 1
11.6288 1
5.16847 1
4.753 1
4.34723 1
5.52989 1
6.94604 1
2.66531 1
6.48314 1
5.95517 1
10.2073 1
6.8694 1
-0.720992 1
6.25963 1
11.2251 1
4.62685 1
5.61376 1
3.89679 1
5.10554 1
5.20682 1
3.26852 1
4.55104 1
-0.448624 1
5.28825 1
6.16842 1
6.30101 1
0.461416 1
5.24768 1
4.4125 1
4.56287 1
6.43332 1
5.80134 1
4.67636 1
4.14815 1
10.7481 1
9.73953 1
4.93557 1
-2.04026 1
4.4174 1
7.78906 1
5.10735 1
3.70445 1
5.72542 1
6.92167 1
0.424672 1
4.73716 1
7.09994 1
7.42161 1
7.29643 1
-0.0604906 1
3.62307 1
5.02675 1
5.54802 1
3.51097 1
6.63362 1
3.71895 1
3.25497 1
9.86901 1
3.6513 1
5.124 1
2.52172 1
5.54309 1
6.99673 1
12.112 1
-2.16981 1
6.36329 1
11.4063 1
8.33081 1
-0.583149 1
4.14523 1
-0.136805 1
5.87819 1
7.81151 1
6.60741 1
-0.481785 1
1.55546 1
5.78198 1
10.4766 1
3.67199 1
5.12419 1
-1.15283 1
10.8672 1
2.75405 1
-3.23706 1
4.4904 1
5.15769 1
6.15989 1
6.18657 1
5.94957 1
2.51279 1
13.7494 1
3.07266 1
6.51502 1
3.47119 1
3.39223 1
4.77833 1
5.437 1
6.55926 1
7.79201 1
7.67742 1
4.72606 1
6.29339 1
5.01016 1
1.10278 1
6.71355 1
3.46809 1
6.89949 1
5.66181 1
0.902791 1
3.78959 1
6.43906 1
7.46323 1
-0.0383473 1
8.7666 1
4.4181 1
9.66901 1
4.03704 1
1.62427 1
4.96289 1
9.62197 1
5.27084 1
12.459 1
4.72339 1
5.18529 1
11.8695 1
7.25507 1
3.46144 1
4.21002 1
6.83793 1
3.75213 1
4.27329 1
4.16454 1
0.72473 1
9.71784 1
7.35432 1
3.37025 1
0.183596 1
2.05621 1
1.72288 1
4.97019 1
-4.13007 1
13.2161 1
3.82278 1
1.44511 1
5.27741 1
10.0227 1
12.4036 1
1.02632 1
-1.34626 1
2.06904 1
4.74634 1
5.62352 1
7.03814 1
6.63392 1
6.11549 1
4.71192 1
2.76255 1
5.32237 1
6.56644 1
7.71794 1
-4.72561 1
2.79352 1
6.32923 1
11.0617 1
4.52798 1
0.451738 1
4.3068 1
5.67307 1
10.7207 1
12.0527 1
12.4878 1
4.06353 1
3.46045 1
3.66426 1
6.24475 1
2.99884 1
3.77479 1
5.56483 1
7.01024 1
2.29792 1
5.26108 1
6.08255 1
6.91627 1
5.52125 1
6.57906 1
4.54099 1
3.1651 1
9.12118 1
7.9075 1
3.85183 1
5.0674 1
4.70465 1
-0.00195877 1
6.00909 1
-0.31374 1
0.122601 1
10.6249 1
6.54862 1
3.25765 1
-1.7628 1
-0.400164 1
6.38384 1
4.41248 1
13.5236 1
0.498643 1
5.37456 1
4.11316 1
5.04487 1
2.75318 1
1.46341 1
3.0735 1
4.59595 1
1.14417 1
6.88398 1
5.99485 1
9.06985 1
3.87819 1
12.4983 1
5.29104 1
8.55783 1
4.20253 1
0.482239 1
4.4865 1
5.66342 1
5.25699 1
5.49646 1
6.03683 1
6.18495 1
-0.361018 1
6.84518 1
3.49325 1
-3.54933 1
-2.36548 1
2.32913 1
-0.251387 1
8.09668 1
6.4522 1
8.22741 1
6.23952 1
2.76977 1
6.74916 1
6.13908 1
5.3693 1
6.59149 1
6.455 1
10.6005 1
4.7968 1
5.19708 1
7.75774 1
0.87558 1
3.64968 1
4.49177 1
2.00004 1
12.502 1
4.06869 1
3.59255 1
3.03838 1
6.1988 1
4.0014 1
-4.04861 1
7.70846 1
11.1433 1
6.09468 1
5.08675 1
-1.21494 1
5.71041 1
9.27466 1
7.36186 1
4.69037 1
5.99863 1
1.61935 1
7.84294 1
5.51977 1
2.22532 1
3.36816 1
6.35866 1
-1.63677 1
7.65464 1
5.53876 1
6.88427 1
7.11503 1
7.97796 1
1.73475 1
2.05504 1
1.8653 1
12.1092 1
-1.93502 1
6.18579 1
-0.00138429 1
5.42241 1
2.13543 1
3.26569 1
7.33478 1
3.21013 1
4.97763 1
-4.04348 1
2.02504 1
6.15533 1
2.87309 1
9.35122 1
5.22728 1
5.47673 1
6.75313 1
-0.945041 1
5.58691 1
11.3292 1
0.540961 1
5.33142 1
4.4269 1
5.393 1
5.63624 1
9.60627 1
-1.31244 1
2.61903 1
8.78764 1
10.0525 1
7.03872 1
3.5773 1
4.98005 1
7.16749 1
5.77409 1
5.92469 1
3.47441 1
7.58452 1
5.63126 1
7.56447 1
14.6952 1
6.27643 1
3.82378 1
9.15254 1
-0.474056 1
6.86215 1
5.16364 1
3.35127 1
-0.463617 1
4.72967 1
2.81484 1
5.47221 1
-4.62896 1
8.83751 1
2.30749 1
2.91724 1
-1.27342 1
2.00281 1
4.85594 1
4.66568 1
4.38805 1
6.77709 1
6.53472 1
6.41506 1
6.17288 1
4.46459 1
7.39166 1
1.86932 1
0.831443 1
1.42322 1
6.35437 1
13.6565 1
4.33799 1
4.69359 1
3.73203 1
8.65852 1
-0.880571 1
4.04587 1
6.49338 1
8.67024 1
7.13059 1
8.54372 1
6.30037 1
5.87495 1
5.45965 1
0.779145 1
7.14358 1
6.94473 1
-0.750831 1
14.3708 1
8.74524 1
2.71586 1
7.64538 1
4.08593 1
-0.893168 1
2.00536 1
3.03521 1
4.84081 1
6.47168 1
4.25031 1
7.76214 1
9.12955 1
1.01598 1
6.07209 1
6.06718 1
0.374639 1
0.613451 1
3.65322 1
4.57526 1
8.27208 1
6.42719 1
6.80458 1
10.4504 1
10.0502 1
4.05384 1
1.19287 1
-4.16996 1
13.9715 1
1.33971 1
4.11957 1
10.0156 1
2.12165 1
4.47561 1
4.5527 1
4.653 1
6.2087 1
3.7303 1
5.62783 1
4.79028 1
4.36762 1
1.9355 1
3.55548 1
1.73497 1
7.71151 1
6.45551 1
5.86954 1
12.9777 1
3.56521 1
4.90341 1
3.83625 1
9.67474 1
1.58367 1
3.84231 1
6.11665 1
5.55887 1
5.07369 1
7.65894 1
6.56558 1
5.28951 1
13.4552 1
2.15153 1
2.6763 1
-3.92215 1
11.5395 1
2.78697 1
3.59011 1
-1.44159 1
6.49586 1
3.5267 1
14.5983 1
6.55245 1
2.24313 1
5.07258 1
5.04883 1
6.58817 1
12.7101 1
6.95154 1
-1.34637 1
12.7055 1
4.24407 1
-0.693244 1
-2.57085 1
4.50996 1
4.71222 1
2.30175 1
10.6259 1
5.65859 1
5.67279 1
6.05979 1
14.4266 1
4.05301 1
9.90157 1
7.87152 1
8.20912 1
-2.06639 1
6.38826 1
5.12152 1
-1.54069 1
6.01368 1
8.33307 1
4.15713 1
9.13736 1
11.7212 1
4.81079 1
0.393614 1
0.152108 1
6.0459 1
6.14494 1
3.15098 1
4.81857 1
6.14293 1
5.17708 1
9.40696 1
6.45211 1
6.66306 1
6.95551 1
5.84879 1
6.01239 1
4.80945 1
7.87194 1
6.19543 1
-0.0907565 1
9.58358 1
6.25489 1
11.9306 1
5.75413 1
8.87422 1
2.63974 1
8.61106 1
5.46481 1
6.18067 1
5.53847 1
2.8627 1
5.83941 1
3.62551 1
5.14437 1
1.6907 1
4.00097 1
5.44319 1
8.13523 1
7.33677 1
7.52814 1
1.43717 1
6.26553 1
4.62574 1
6.35029 1
-1.7671 1
-2.95807 1
-2.38616 1
8.00668 1
-1.4514 1
4.29866 1
2.62108 1
0.495543 1
7.47851 1
6.12086 1
-4.68937 1
6.04917 1
-0.545002 1
4.4987 1
6.87148 1
5.50557 1
4.36868 1
3.36318 1
2.90296 1
2.16596 1
1.95891 1
4.27011 1
6.77161 1
5.2027 1
6.21994 1
12.0108 1
2.52492 1
3.73048 1
7.02496 1
6.81866 1
3.69275 1
0.0369853 1
10.9796 1
4.79137 1
3.99494 1
6.78971 1
5.99172 1
4.8263 1
13.4074 1
7.143 1
6.81273 1
3.7469 1
6.14447 1
5.76298 1
4.79751 1
3.563 1
4.78728 1
5.22262 1
5.59774 1
5.3004 1
7.17494 1
6.09076 1
5.78188 1
-3.23314 1
4.6662 1
-0.156639 1
3.2526 1
1.4496 1
-0.233737 1
2.69295 1
6.25984 1
5.15184 1
5.9706 1
2.00738 1
5.73151 1
6.19165 1
6.3204 1
2.48493 1
-0.116663 1
8.05087 1
5.95771 1
5.99264 1
6.34071 1
3.77042 1
3.70094 1
4.47247 1
8.62546 1
2.02479 1
7.38446 1
8.31643 1
3.45021 1
6.19858 1
5.66261 1
3.85889 1
10.8689 1
3.84653 1
4.68408 1
7.71448 1
9.00793 1
5.51648 1
7.43828 1
1.86146 1
4.48637 1
0.576093 1
6.49112 1
8.25603 1
6.78501 1
5.10979 1
6.29321 1
3.64344 1
2.92448 1
3.89762 1
4.35775 1
3.97154 1
9.10544 1
-0.737132 1
-0.696166 1
7.96552 1
3.3809 1
11.2785 1
1.568 1
-3.46118 1
10.5024 1
7.8795 1
1.77273 1
3.03878 1
3.85431 1
3.6836 1
3.10387 1
2.74438 1
6.66015 1
5.47146 1
5.00952 1
-4.00463 1
7.13739 1
5.47991 1
2.88386 1
2.33385 1
-4.40242 1
8.35406 1
11.1185 1
7.85601 1
0.594779 1
6.31504 1
11.1889 1
-2.84765 1
6.78188 1
12.9054 1
5.23218 1
-1.82469 1
7.38277 1
4.96988 1
8.59239 1
2.92623 1
3.95414 1
6.31113 1
7.31105 1
5.41177 1
4.28784 1
1.4818 1
0.581613 1
4.19292 1
-4.82208 1
-1.0273 1
0.505583 1
-0.766988 1
6.09009 1
3.99232 1
5.50772 1
4.67912 1
2.94164 1
2.68832 1
9.14352 1
4.64338 1
-1.63698 1
2.03248 1
-0.475204 1
6.32273 1
4.07708 1
-1.06336 1
4.96497 1
6.89236 1
5.64962 1
10.4637 1
8.51081 1
0.0462751 1
5.05516 1
5.69432 1
10.4673 1
4.6323 1
8.47376 1
6.60035 1
2.14319 1
4.20399 1
7.20584 1
4.0216 1
2.01384 1
3.12643 1
4.39496 1
6.13242 1
3.2843 1
0.661396 1
0.261753 1
3.30749 1
5.13329 1
3.06466 1
-1.54363 1
-0.994407 1
3.69967 1
6.36447 1
3.86156 1
0.323936 1
7.8633 1
6.68681 1
3.84998 1
4.92511 1
4.72253 1
7.48152 1
3.73568 1
8.90811 1
6.50707 1
-4.32441 1
5.53058 1
6.68088 1
12.1059 1
9.7398 1
3.72534 1
8.91549 1
8.80699 1
6.53245 1
5.45613 1
8.03174 1
4.01823 1
5.32436 1
6.14206 1
1.82548 1
-0.189178 1
1.35085 1
7.29035 1
4.46051 1
6.71327 1
13.984 1
7.34779 1
9.75503 1
1.16753 1
7.45932 1
4.13143 1
6.14083 1
4.73835 1
1.57664 1
-2.08925 1
2.40903 1
5.09991 1
7.73007 1
4.22332 1
4.78961 1
6.15651 1
1.00098 1
6.54175 1
13.0045 1
8.1091 1
1.93316 1
1.93352 1
-0.766792 1
3.02792 1
2.05049 1
5.75087 1
0.495649 1
7.12555 1
6.77745 1
3.93573 1
3.59466 1
1.09188 1
11.9391 1
2.80283 1
4.10875 1
6.87147 1
5.52644 1
9.94028 1
11.8744 1
7.40071 1
0.677857 1
6.07437 1
4.14009 1
6.20064 1
2.84405 1
0.485744 1
6.47865 1
12.6236 1
6.2734 1
6.4487 1
12.7485 1
13.1917 1
8.35887 1
7.03704 1
13.6001 1
6.5089 1
3.7968 1
6.58915 1
12.3904 1
10.5141 1
-4.79982 1
12.0517 1
1.85061 1
14.4718 1
7.2348 1
8.33845 1
10.9319 1
5.68031 1
12.5131 1
-2.49429 1
12.0084 1
5.19262 1
3.94129 1
8.03897 1
1.45229 1
10.2282 1
6.55664 1
8.81247 1
5.83205 1
4.44993 1
5.09998 1
3.85028 1
4.91529 1
4.08027 1
5.62298 1
6.43721 1
3.77874 1
0.439708 1
4.82041 1
0.822498 1
4.61995 1
3.86553 1
5.97856 1
1.12958 1
4.19745 1
3.96509 1
2.19229 1
6.28585 1
1.19889 1
7.81797 1
0.0555511 1
6.99498 1
5.63886 1
0.505294 1
6.36474 1
5.82028 1
3.10981 1
-0.184493 1
4.44958 1
5.31664 1
-3.04548 1
3.75933 1
4.2959 1
7.65232 1
5.04218 1
2.33771 1
7.23363 1
6.63308 1
9.45531 1
1.07365 1
2.62449 1
12.5061 1
2.99463 1
7.09118 1
4.0069 1
6.97206 1
11.0527 1
6.31255 1
5.65221 1
0.218897 1
6.74013 1
3.32671 1
4.20224 1
3.9823 1
4.31501 1
4.30474 1
4.94302 1
4.34453 1
9.32593 1
4.93147 1
6.39691 1
8.09586 1
-0.126338 1
7.18515 1
8.77005 1
4.46182 1
2.7922 1
5.48214 1
1.70591 1
6.63939 1
4.48108 1
12.5855 1
6.41596 1
4.63613 1
0.656001 1
1.99755 1
4.81436 1
0.934463 1
6.78748 1
-4.41659 1
12.3897 1
5.12603 1
10.4723 1
6.88743 1
4.44968 1
-0.279108 1
6.69113 1
5.09713 1
6.61258 1
6.54704 1
5.05022 1
4.67046 1
1.20587 1
7.97281 1
7.71209 1
6.2495 1
5.60452 1
3.07784 1
6.51021 1
7.24978 1
3.0064 1
8.70045 1
9.0022 1
5.7264 1
6.74943 1
2.8206 1
3.00849 1
3.02883 1
-0.204301 1
4.16598 1
6.43895 1
-3.45287 1
3.65619 1
3.758 1
-1.58923 1
5.27082 1
7.39765 1
6.02926 1
5.58633 1
5.00207 1
-3.23115 1
-3.93487 1
2.22939 1
-2.97693 1
3.67502 1
4.8377 1
5.54311 1
-0.581757 1
0.924789 1
-0.464915 1
5.16323 1
5.14023 1
5.41925 1
1.5338 1
6.45929 1
7.89648 1
5.016 1
4.89498 1
6.19247 1
4.94036 1
12.2472 1
10.7656 1
3.98931 1
3.67083 1
2.48067 1
3.31726 1
8.50489 1
-0.564208 1
5.13452 1
9.78547 1
3.70502 1
6.48137 1
3.06054 1
6.88602 1
3.81555 1
-3.00374 1
1.96174 1
6.23445 1
5.51838 1
6.8241 1
7.05118 1
1.80852 1
5.97527 1
5.26608 1
8.69502 1
9.37234 1
5.49906 1
-3.14572 1
7.45152 1
4.62945 1
3.44853 1
4.82012 1
5.49467 1
2.09525 1
4.26214 1
5.10405 1
9.02934 1
6.87732 1
5.59852 1
10.0115 1
6.57809 1
4.40985 1
5.71795 1
3.99451 1
5.93836 1
5.11195 1
6.57074 1
-0.524539 1
6.61456 1
9.34272 1
5.44879 1
7.91934 1
5.79175 1
6.73714 1
-1.11921 1
7.46071 1
12.9222 1
5.83003 1
-1.68643 1
10.1302 1
1.97262 1
9.12202 1
3.7639 1
5.09186 1
7.01115 1
6.83141 1
4.32172 1
4.51414 1
-2.51648 1
7.02884 1
7.51334 1
3.88535 1
7.31472 1
4.34104 1
4.38544 1
11.9522 1
6.61938 1
5.02389 1
4.65367 1
8.04883 1
0.76402 1
6.8998 1
10.495 1
11.4225 1
6.96678 1
10.2718 1
9.59895 1
5.60204 1
8.61916 1
1.97085 1
0.104995 1
12.9349 1
7.84352 1
6.43427 1
4.0902 1
6.49951 1
3.59532 1
6.09834 1
12.8493 1
3.15189 1
3.35867 1
5.9584 1
2.99982 1
6.4044 1
4.35995 1
5.58747 1
6.41331 1
1.03842 1
8.55256 1
1.55914 1
7.52081 1
2.96066 1
4.62083 1
7.29637 1
2.1276 1
3.5772 1
6.00582 1
5.59481 1
2.75673 1
6.03025 1
4.0449 1
3.92153 1
4.71809 1
5.75265 1
7.7888 1
6.2621 1
6.92459 1
-4.73 1
1.83139 1
2.58581 1
8.60581 1
5.37088 1
11.5953 1
6.25027 1
10.6837 1
4.49292 1
7.88272 1
3.24937 1
6.87548 1
4.15025 1
2.48118 1
6.54749 1
11.9586 1
3.97315 1
4.64174 1
5.06488 1
-3.60257 1
4.65293 1
-1.66378 1
5.92564 1
6.76061 1
4.91486 1
3.25543 1
1.85849 1
6.92439 1
5.60161 1
14.0035 1
0.421612 1
3.41476 1
9.0292 1
5.36172 1
8.63898 1
3.36425 1
3.97415 1
5.96644 1
9.8738 1
8.00706 1
5.1045 1
4.78399 1
3.87021 1
4.44154 1
5.66467 1
6.36733 1
4.63651 1
8.02865 1
2.79863 1
10.5355 1
4.2474 1
5.5948 1
7.76543 1
0.573998 1
8.66462 1
3.55909 1
9.90292 1
10.7517 1
3.94052 1
3.78297 1
4.73362 1
0.148275 1
3.52354 1
5.6741 1
5.70266 1
5.11954 1
-0.987291 1
5.31942 1
8.14579 1
5.07692 1
3.48479 1
1.35506 1
5.26221 1
7.6329 1
5.63023 1
4.79332 1
13.674 1
2.87743 1
4.16583 1
7.14378 1
6.1345 1
7.27674 1
10.2909 1
0.259855 1
4.64528 1
6.59381 1
6.67182 1
6.62489 1
2.35916 1
2.1169 1
4.6236 1
7.62935 1
4.91765 1
6.99592 1
4.41909 1
4.49367 1
1.32998 1
2.52709 1
5.24145 1
6.07382 1
3.50739 1
7.53406 1
3.44477 1
4.60097 1
2.451 1
5.51457 1
4.9098 1
5.65122 1
9.29471 1
6.35938 1
6.82826 1
12.7282 1
4.17046 1
2.89685 1
5.01896 1
3.79787 1
6.54226 1
1.68476 1
6.65679 1
3.89457 1
4.34605 1
4.26823 1
3.54303 1
13.8806 1
3.11234 1
5.40737 1
0.104226 1
3.06217 1
5.28037 1
6.947 1
12.5717 1
7.24472 1
7.32127 1
0.360907 1
14.3438 1
4.19563 1
1.67387 1
3.48535 1
3.76843 1
5.6332 1
4.65059 1
2.36855 1
5.022 1
3.69755 1
6.22983 1
5.23355 1
5.37076 1
5.23554 1
4.60454 1
2.50221 1
8.26493 1
3.54631 1
0.722561 1
4.48118 1
1.6875 1
9.04271 1
5.05187 1
4.19317 1
6.04796 1
4.45644 1
0.819914 1
6.45671 1
6.71619 1
4.69633 1
4.56115 1
8.65993 1
5.93871 1
7.32288 1
5.97197 1
3.85007 1
5.8786 1
5.76286 1
3.97198 1
3.60646 1
11.4944 1
2.35984 1
3.70637 1
7.47102 1
7.00728 1
3.28957 1
5.29097 1
7.01788 1
-1.4594 1
6.70373 1
6.72614 1
10.047 1
5.63576 1
0.289611 1
7.32049 1
6.31199 1
0.763397 1
5.81829 1
4.15793 1
5.52149 1
11.8544 1
5.42621 1
7.4855 1
6.32207 1
4.68921 1
9.03372 1
2.90049 1
4.44812 1
3.90378 1
2.89753 1
4.64118 1
9.39175 1
8.30014 1
4.00097 1
5.85521 1
3.97239 1
6.27925 1
3.70997 1
0.746056 1
6.70051 1
3.60868 1
5.26034 1
12.2473 1
4.07788 1
2.13116 1
5.27832 1
6.38126 1
4.94335 1
5.56598 1
9.2199 1
3.89898 1
7.64666 1
7.34918 1
-0.46576 1
5.52367 1
3.05927 1
5.05591 1
7.33392 1
4.67864 1
4.54539 1
0.950084 1
5.6172 1
1.4001 1
4.70334 1
4.44436 1
7.85421 1
4.71829 1
5.38998 1
5.38896 1
5.50557 1
6.18509 1
6.69373 1
7.24983 1
10.9782 1
0.858154 1
7.697 1
-0.595384 1
7.98613 1
6.27514 1
7.24089 1
5.1632 1
5.6224 1
0.684083 1
6.07165 1
4.07602 1
12.1209 1
4.28238 1
4.87664 1
8.75831 1
4.56566 1
3.46753 1
5.12002 1
10.6898 1
3.51631 1
3.97397 1
-1.4 1
7.02443 1
2.61246 1
9.21477 1
2.01154 1
4.3454 1
1.42159 1
4.89272 1
0.450402 1
3.37565 1
4.58627 1
2.37814 1
6.55711 1
0.653666 1
-3.00903 1
2.25423 1
1.86246 1
2.19388 1
-1.19568 1
8.76879 1
5.50438 1
3.30621 1
3.48913 1
5.31653 1
3.72053 1
6.11123 1
5.46227 1
6.42511 1
3.82178 1
-0.910353 1
4.18974 1
13.6881 1
6.40108 1
7.03508 1
2.78002 1
6.90033 1
5.11549 1
5.65733 1
8.39489 1
6.3014 1
11.5077 1
3.93729 1
3.58349 1
4.87016 1
-2.12572 1
2.15127 1
4.95615 1
6.70792 1
7.06678 1
4.0371 1
9.9435 1
2.50104 1
5.21433 1
7.31513 1
2.84897 1
8.61186 1
4.03885 1
5.44028 1
8.14426 1
6.61023 1
5.89741 1
2.01026 1
9.45139 1
10.384 1
4.02844 1
4.67222 1
3.8209 1
6.81254 1
4.65955 1
1.17242 1
1.84456 1
4.03142 1
-2.01325 1
14.0585 1
-3.61533 1
6.03091 1
3.07397 1
8.83835 1
5.19912 1
7.12782 1
6.35981 1
8.95115 1
13.8313 1
-0.721973 1
4.56525 1
3.94929 1
1.31274 1
8.15466 1
4.06852 1
4.34184 1
7.01354 1
4.61822 1
3.82787 1
0.596772 1
3.71285 1
-2.79152 1
-0.111351 1
8.24162 1
1.2753 1
1.81601 1
7.39383 1
3.62162 1
4.14976 1
4.33473 1
4.98986 1
8.02638 1
10.3478 1
3.86421 1
13.0877 1
1.29117 1
6.8147 1
4.54935 1
4.70261 1
10.1539 1
8.03331 1
10.7861 1
6.78728 1
5.93792 1
4.25235 1
2.1878 1
9.76064 1
4.95171 1
5.90626 1
5.82119 1
7.71874 1
2.10254 1
0.703834 1
2.23324 1
8.81297 1
5.76871 1
4.4871 1
10.1199 1
3.76261 1
4.44736 1
6.298 1
4.17862 1
7.1494 1
10.8885 1
2.34758 1
3.54197 1
7.18612 1
3.29583 1
12.1136 1
3.95093 1
5.73031 1
1.87689 1
9.66537 1
5.67548 1
3.79915 1
6.83913 1
5.08826 1
11.6315 1
7.19449 1
5.74929 1
9.59382 1
4.60138 1
4.88021 1
4.62469 1
4.3817 1
2.46584 1
5.93283 1
-1.865 1
4.763 1
5.03847 1
9.56761 1
3.14914 1
6.80421 1
5.0906 1
-2.06585 1
4.71021 1
12.0345 1
3.07926 1
3.54438 1
12.3737 1
4.53275 1
2.91911 1
9.69879 1
8.97711 1
13.0368 1
5.99171 1
4.63078 1
4.4249 1
9.40926 1
11.326 1
6.51633 1
7.54774 1
7.38953 1
4.77004 1
1.26781 1
1.79937 1
12.8315 1
4.07979 1
7.04656 1
5.01947 1
5.47742 1
2.11434 1
4.7235 1
9.76356 1
6.40261 1
5.98383 1
3.85899 1
3.38417 1
5.00928 1
3.25823 1
2.86217 1
3.31463 1
9.69956 1
2.93861 1
6.19243 1
7.31089 1
1.24324 1
5.55121 1
5.90592 1
-1.74897 1
-0.801854 1
8.07982 1
8.33766 1
5.66833 1
12.089 1
4.28457 1
0.31095 1
5.89176 1
9.32862 1
6.00153 1
0.187927 1
5.26027 1
5.33705 1
4.15409 1
6.17196 1
3.58109 1
5.20512 1
3.44254 1
7.07457 1
3.23357 1
0.628517 1
3.3476 1
5.66759 1
2.01286 1
6.81761 1
0.883202 1
8.01295 1
13.5646 1
5.16876 1
4.868 1
1.23152 1
14.0222 1
7.45251 1
6.66222 1
0.763115 1
1.72057 1
3.08157 1
1.44197 1
4.36792 1
-1.2448 1
4.9741 1
6.90499 1
6.60546 1
9.68173 1
9.04892 1
6.1003 1
3.34239 1
5.17853 1
2.73797 1
5.47622 1
3.69143 1
4.71418 1
6.39622 1
7.89018 1
5.96095 1
8.24574 1
1.36072 1
3.98508 1
7.86462 1
4.39683 1
2.94505 1
5.60517 1
6.31393 1
6.00872 1
7.041 1
3.2951 1
-1.48335 1
1.89725 1
9.51951 1
5.24386 1
1.98541 1
3.4249 1
5.20645 1
8.44007 1
3.26489 1
8.30531 1
3.69519 1
0.241229 1
9.38765 1
5.79926 1
6.23061 1
3.17927 1
5.59525 1
3.24228 1
4.87819 1
9.4473 1
7.26413 1
8.02173 1
6.70412 1
4.34035 1
2.7125 1
4.94447 1
5.8789 1
10.7289 1
13.0675 1
-4.61312 1
11.5857 1
7.77947 1
14.0308 1
1.59656 1
2.86467 1
6.73384 1
9.63245 1
3.98281 1
-0.0548144 1
6.64365 1
10.1749 1
5.53125 1
5.49269 1
3.11844 1
-3.15192 1
8.35998 1
1.85557 1
6.77064 1
4.47594 1
8.50277 1
8.69672 1
2.66815 1
2.9535 1
0.986622 1
5.83451 1
10.1103 1
3.40919 1
2.51071 1
1.42638 1
6.42129 1
7.0098 1
7.54178 1
8.61362 1
8.07345 1
9.68311 1
6.21734 1
3.07185 1
5.03208 1
8.32105 1
4.53586 1
4.80363 1
1.3072 1
3.46973 1
14.1105 1
2.5068 1
5.74719 1
4.88201 1
7.41953 1
7.0975 1
6.39561 1
4.73871 1
5.16847 1
3.32912 1
7.04835 1
1.85644 1
5.63657 1
8.26219 1
13.9665 1
6.44182 1
5.43675 1
2.88632 1
4.82725 1
8.73779 1
5.64528 1
5.58938 1
-1.39448 1
7.19984 1
10.3962 1
0.0379847 1
5.87925 1
2.68099 1
12.9508 1
7.97333 1
5.64145 1
10.5943 1
8.13393 1
1.46421 1
7.23474 1
10.1963 1
6.43661 1
4.0397 1
4.38025 1
6.42884 1
5.19681 1
7.59524 1
3.22802 1
7.14246 1
0.855098 1
2.11046 1
7.01457 1
2.595 1
14.5979 1
-1.58715 1
11.8661 1
-2.56984 1
8.42013 1
0.69412 1
2.76754 1
9.14269 1
6.52517 1
5.30733 1
4.66693 1
3.85423 1
5.51154 1
1.59412 1
6.4562 1
6.62739 1
4.34075 1
3.8582 1
4.46108 1
5.35369 1
-2.87199 1
6.14457 1
7.6157 1
5.27676 1
4.93591 1
3.73374 1
4.48871 1
12.4004 1
3.51073 1
1.16656 1
8.13432 1
6.86949 1
12.3763 1
4.98935 1
3.38209 1
0.181315 1
5.11355 1
4.30837 1
9.76648 1
6.65526 1
6.56117 1
10.601 1
5.34011 1
4.27552 1
5.54836 1
8.13786 1
7.24481 1
11.5299 1
6.35267 1
5.38414 1
13.9593 1
4.22055 1
7.32288 1
13.3348 1
5.27988 1
4.06323 1
6.71726 1
5.30387 1
10.1338 1
-3.27642 1
1.86592 1
4.45533 1
6.12631 1
5.23732 1
-3.28847 1
8.9006 1
4.58279 1
-1.21927 1
3.39852 1
1.76615 1
9.32155 1
8.1709 1
4.25451 1
3.37523 1
4.31048 1
2.09234 1
11.4149 1
12.6041 1
4.06039 1
2.8957 1
2.29377 1
4.12029 1
6.47376 1
5.38917 1
3.76956 1
0.213411 1
13.0008 1
2.65897 1
3.21668 1
6.53854 1
5.57067 1
11.2628 1
3.38152 1
-1.19826 1
4.70515 1
3.23137 1
5.69906 1
5.95687 1
6.00184 1
9.95056 1
4.8213 1
9.64599 1
-0.885527 1
9.78906 1
3.4444 1
4.065 1
4.67422 1
8.31911 1
5.06826 1
3.18424 1
5.77889 1
5.79556 1
4.18773 1
3.2806 1
6.18053 1
3.92605 1
4.85224 1
3.26898 1
6.05463 1
10.0315 1
3.08729 1
4.64086 1
6.03101 1
5.11805 1
7.2317 1
4.85242 1
1.7531 1
8.32328 1
0.157846 1
2.38019 1
4.86137 1
-2.10877 1
3.28659 1
5.14141 1
7.41564 1
8.13569 1
5.37148 1
5.46814 1
0.958191 1
5.58757 1
4.16193 1
5.63896 1
13.5175 1
1.26857 1
-0.201394 1
2.30883 1
1.41916 1
6.26657 1
5.973 1
5.47059 1
6.41096 1
3.70479 1
9.38042 1
5.4947 1
6.08825 1
6.62024 1
3.13022 1
5.49521 1
1.00262 1
6.08619 1
5.87147 1
14.0363 1
7.23456 1
0.0840294 1
5.16229 1
6.95368 1
13.7553 1
4.64713 1
4.21946 1
6.01431 1
5.01122 1
3.53401 1
5.88002 1
5.97241 1
7.04298 1
13.1742 1
8.61005 1
6.28986 1
3.81351 1
3.15965 1
4.88148 1
5.48522 1
3.31608 1
10.1093 1
6.01739 1
3.42629 1
9.07528 1
2.10146 1
5.75251 1
5.46449 1
6.81181 1
6.5512 1
8.45878 1
-0.147288 1
-2.44678 1
3.08297 1
-4.12767 1
4.07283 1
5.69535 1
6.47662 1
5.57576 1
4.53214 1
4.86169 1
4.77554 1
4.38565 1
5.25468 1
4.20061 1
13.2928 1
5.47406 1
5.46948 1
8.7011 1
4.09891 1
8.81635 1
6.47109 1
4.62873 1
8.69326 1
3.44225 1
5.92816 1
5.58612 1
13.5383 1
5.32947 1
3.92388 1
6.92788 1
9.90258 1
5.27718 1
1.72859 1
6.65492 1
4.28933 1
0.594998 1
7.37245 1
2.3107 1
4.93294 1
4.43161 1
6.64179 1
4.98681 1
7.54047 1
-1.2283 1
5.25334 1
7.0638 1
5.09232 1
4.0758 1
5.4906 1
8.22824 1
