-2.72689 1
0.400785 1
4.22405 1
3.47093 1
2.21085 1
-1.22259 1
4.66122 1
-1.81411 1
1.57177 1
4.35182 1
-0.0784687 1
0.722074 1
-2.1371 1
2.1257 1
3.13818 1
1.65033 1
4.41004 1
4.74718 1
-2.59299 1
-2.99241 1
3.57962 1
-0.208504 1
1.13628 1
4.82311 1
2.7714 1
3.39332 1
1.787 1
1.40432 1
3.47911 1
-0.280145 1
-0.284682 1
-1.23343 1
0.679594 1
4.70026 1
0.110328 1
0.309961 1
-2.02984 1
1.30393 1
-2.99343 1
4.82677 1
-0.287805 1
-0.366099 1
4.57792 1
1.3405 1
4.22922 1
-0.888031 1
2.95601 1
4.15383 1
2.68388 1
-1.28105 1
2.64085 1
3.49438 1
0.117101 1
-2.24392 1
4.76396 1
2.95601 1
-2.91225 1
0.113373 1
-2.20795 1
2.17272 1
-1.96781 1
1.1456 1
2.50813 1
-0.164404 1
4.46161 1
3.91449 1
-0.549551 1
-1.26151 1
1.95209 1
2.31105 1
1.62335 1
1.46678 1
-1.38365 1
2.31733 1
2.15987 1
1.83068 1
-2.82787 1
0.13624 1
0.400785 1
-1.03271 1
0.344995 1
3.17245 1
0.524805 1
3.33497 1
1.1456 1
-1.77154 1
1.51278 1
-0.103805 1
-1.39618 1
4.82304 1
3.87422 1
1.31025 1
-1.85873 1
-2.92038 1
-0.425153 1
3.56218 1
4.43965 1
2.68746 1
4.88898 1
-0.642186 1
4.34305 1
-2.20568 1
-1.8283 1
4.52552 1
3.63681 1
-2.80567 1
-2.40265 1
-2.73444 1
3.95671 1
3.16965 1
0.979636 1
1.22554 1
2.64105 1
4.46382 1
-1.84014 1
-0.319065 1
1.40232 1
0.976092 1
-2.06574 1
4.56611 1
3.26733 1
1.01859 1
-1.143 1
-2.97057 1
1.44963 1
4.87114 1
5.08209 1
2.13208 1
4.92478 1
4.66031 1
-0.444698 1
-0.660565 1
-0.772664 1
0.764043 1
-2.24241 1
4.97742 1
-0.973772 1
-2.0331 1
4.93727 1
2.54207 1
-2.47434 1
3.40746 1
-1.87484 1
-2.2158 1
1.04797 1
4.47124 1
2.39303 1
1.30568 1
0.0512196 1
-1.01876 1
0.0611671 1
3.82618 1
1.37679 1
-0.164404 1
0.00989549 1
4.12333 1
1.6967 1
-2.98354 1
3.56631 1
3.91671 1
2.13048 1
4.15383 1
4.3747 1
0.722074 1
2.0284 1
3.98267 1
1.12139 1
-2.75772 1
4.66293 1
0.849136 1
-1.89832 1
-1.33583 1
-1.82798 1
0.70497 1
1.99536 1
4.76271 1
2.06743 1
1.89367 1
2.89708 1
-0.0813919 1
-0.122054 1
1.58777 1
0.594495 1
0.645294 1
1.62102 1
1.83884 1
-2.89166 1
-1.47313 1
1.33198 1
3.61793 1
2.17168 1
5.05641 1
-0.821756 1
0.266871 1
5.05087 1
2.41298 1
0.673626 1
-1.39379 1
-0.40872 1
-0.710969 1
-0.403207 1
-1.19646 1
4.58547 1
-2.27638 1
-2.89335 1
-0.345501 1
-0.746507 1
-0.11475 1
0.710333 1
-0.0518657 1
-0.00637402 1
-0.72645 1
4.97922 1
-0.330026 1
-0.6203 1
-0.900532 1
-2.36872 1
3.99775 1
-0.610615 1
0.884869 1
1.1771 1
-2.24512 1
4.30164 1
3.87422 1
-0.695389 1
-1.72814 1
-1.23741 1
1.70673 1
0.849818 1
1.23074 1
-0.826137 1
3.01173 1
-0.89651 1
-2.53096 1
-1.60504 1
3.24224 1
2.21085 1
1.25746 1
4.99618 1
4.1578 1
-2.20568 1
4.6814 1
-0.122583 1
1.73299 1
1.12139 1
-0.280145 1
-2.92289 1
1.89294 1
4.74008 1
-0.12071 1
4.02552 1
5.04467 1
-1.37524 1
-0.222246 1
-1.04461 1
-1.34238 1
5.02241 1
1.23231 1
4.01651 1
4.86367 1
-2.86774 1
0.395384 1
2.6752 1
-0.697098 1
-2.16627 1
4.07393 1
1.70673 1
2.99318 1
3.79452 1
-0.670393 1
3.28846 1
0.315742 1
3.62993 1
4.23613 1
4.69815 1
1.72024 1
0.454538 1
-0.907535 1
3.20214 1
-1.88153 1
1.86947 1
3.42094 1
-1.68036 1
2.54611 1
-2.35974 1
0.692363 1
1.31702 1
1.55758 1
1.03206 1
5.04815 1
0.292256 1
1.73269 1
2.34399 1
-0.330026 1
-0.0822541 1
3.00407 1
4.70289 1
2.52548 1
0.56539 1
2.83576 1
-2.49678 1
-0.664134 1
0.954664 1
3.91144 1
1.74849 1
1.06694 1
0.87839 1
-2.75772 1
2.26689 1
1.74755 1
-1.2139 1
2.83912 1
2.89372 1
-0.806572 1
2.50443 1
2.52548 1
-3.0127 1
-0.785041 1
-1.21363 1
0.70497 1
1.44963 1
0.0229735 1
-2.97995 1
-1.32278 1
0.18657 1
4.44456 1
-2.1371 1
-0.746506 1
-1.69521 1
2.20667 1
4.49305 1
4.17718 1
1.98609 1
0.839575 1
-0.210889 1
0.213271 1
-0.774834 1
-0.381495 1
4.40908 1
-0.560285 1
-0.193101 1
-1.51274 1
0.979636 1
1.14017 1
-2.27638 1
-1.92242 1
-1.31393 1
3.74965 1
4.55639 1
-1.29003 1
-0.773598 1
4.34082 1
-0.676738 1
3.42094 1
0.886608 1
-0.919303 1
5.00891 1
-0.40305 1
0.400785 1
-2.72689 1
-1.02764 1
-2.10295 1
4.15383 1
0.560773 1
0.628575 1
-2.16505 1
-2.26786 1
0.642183 1
4.13123 1
-2.92172 1
-1.19944 1
-0.457834 1
-2.67896 1
4.8299 1
-2.16312 1
0.932244 1
3.40746 1
3.25062 1
-1.5954 1
4.54908 1
0.83809 1
-1.89832 1
3.50062 1
4.02552 1
4.70554 1
0.862297 1
4.9405 1
-2.27638 1
-2.10295 1
-0.806572 1
0.398 1
-2.07697 1
-2.38847 1
3.29747 1
1.73382 1
-0.958997 1
-0.00576458 1
2.5042 1
2.38528 1
3.21703 1
3.98267 1
0.258682 1
1.05252 1
-2.47434 1
-0.173299 1
-1.78548 1
-0.116926 1
1.77277 1
-0.686791 1
2.99318 1
4.36102 1
0.758443 1
-0.244348 1
3.11659 1
2.47433 1
-2.20861 1
-0.414817 1
-1.46701 1
-2.54271 1
2.60574 1
-1.29003 1
4.17815 1
1.62591 1
3.91144 1
-2.97435 1
-2.40661 1
2.94803 1
0.400785 1
-1.76425 1
-1.89832 1
1.7437 1
3.66304 1
-2.3863 1
0.230983 1
0.722074 1
1.27316 1
3.92226 1
1.91407 1
-1.21155 1
2.50681 1
-0.14412 1
1.30393 1
-1.92195 1
0.710333 1
-2.68236 1
3.62531 1
2.92242 1
0.505921 1
0.461057 1
4.1578 1
-0.170919 1
-0.675417 1
-2.25513 1
3.88726 1
1.66928 1
0.43903 1
5.04634 1
3.26992 1
2.92019 1
3.1908 1
-2.71234 1
2.02109 1
0.618681 1
2.18185 1
4.23593 1
2.13048 1
-1.84844 1
-2.92038 1
0.738515 1
2.84452 1
4.96653 1
4.53511 1
-1.08115 1
-1.29003 1
3.41757 1
0.115677 1
2.60574 1
0.292256 1
3.54673 1
3.92916 1
-0.447731 1
-0.232869 1
4.34305 1
1.86682 1
-1.19813 1
0.040913 1
1.81557 1
0.6137 1
0.594495 1
0.919356 1
-1.76736 1
-1.3526 1
-2.27411 1
0.110189 1
1.12959 1
1.22554 1
0.265397 1
-0.162399 1
-1.53625 1
4.88898 1
-2.27638 1
0.496614 1
4.74164 1
0.850227 1
-2.97057 1
0.273794 1
-1.62592 1
-1.81918 1
0.400785 1
-2.3863 1
2.81295 1
-3.03757 1
-2.64473 1
0.722074 1
-0.296722 1
1.73143 1
3.57141 1
3.30994 1
-0.315276 1
3.51357 1
4.26911 1
1.74849 1
-2.20568 1
3.56563 1
-0.164404 1
4.0684 1
1.61501 1
0.669498 1
0.378082 1
5.07992 1
3.93739 1
3.99935 1
-0.71947 1
-2.20568 1
0.116165 1
0.0272674 1
-1.38964 1
-1.90394 1
-0.36344 1
2.46593 1
-2.97057 1
0.891511 1
0.956338 1
5.0797 1
2.94575 1
1.83756 1
1.62591 1
1.12488 1
-2.21767 1
0.6137 1
-1.62352 1
0.443018 1
2.44781 1
3.23629 1
-2.02069 1
1.71294 1
3.42147 1
2.75072 1
-1.37856 1
-1.81552 1
3.56974 1
2.48888 1
3.30706 1
5.07992 1
4.47966 1
4.9959 1
2.19333 1
2.64105 1
2.17981 1
-0.792742 1
-0.461301 1
-0.0579383 1
1.74849 1
1.30531 1
0.380719 1
-2.83657 1
4.8958 1
-1.47556 1
-1.48587 1
4.02846 1
0.429406 1
3.58302 1
-0.888031 1
-1.19488 1
-2.61059 1
-1.40255 1
2.14482 1
-1.78568 1
-2.68881 1
1.72024 1
-1.96994 1
2.48879 1
2.17168 1
4.54139 1
4.5091 1
5.05922 1
3.86264 1
4.91912 1
1.78407 1
1.16522 1
-0.564511 1
4.97922 1
-0.96604 1
-0.45935 1
3.35098 1
2.06026 1
1.62591 1
1.33198 1
3.96847 1
-2.94826 1
-0.0518657 1
1.23283 1
-1.95952 1
4.15383 1
-0.851563 1
1.04797 1
-0.303167 1
2.87153 1
-1.49699 1
2.02109 1
-0.262868 1
-2.79732 1
3.61588 1
4.03572 1
4.66648 1
1.1979 1
4.76886 1
-2.94391 1
-2.24241 1
4.04697 1
3.3629 1
4.66263 1
1.56703 1
4.34305 1
2.51028 1
4.34305 1
1.24762 1
1.19814 1
1.95588 1
4.48391 1
5.05371 1
0.400785 1
2.55972 1
0.341584 1
1.90342 1
-2.90641 1
4.54308 1
0.579409 1
-0.0854121 1
-2.63983 1
0.174174 1
1.33198 1
-1.9898 1
3.93916 1
0.560773 1
2.16743 1
0.639053 1
-0.284682 1
-1.05957 1
-0.666708 1
2.73343 1
3.15075 1
1.54591 1
1.7437 1
-2.09801 1
0.751891 1
2.18185 1
3.87405 1
2.06026 1
0.344995 1
-2.07723 1
-1.91278 1
1.23119 1
-2.76846 1
2.13011 1
2.94575 1
1.01859 1
0.152256 1
4.4029 1
-0.482219 1
-0.642186 1
-0.330026 1
-0.71947 1
4.04697 1
-0.067404 1
0.648707 1
2.22068 1
-1.49528 1
-1.94674 1
2.37981 1
2.13048 1
