-1.86462 1
3.14599 1
9.94204 1
6.74466 1
9.26842 1
3.27425 1
6.20008 1
3.0424 1
6.2332 1
3.31919 1
0.167314 1
5.57794 1
6.27571 1
11.4416 1
8.7048 1
4.38646 1
5.50984 1
2.89429 1
1.52032 1
7.52901 1
8.26199 1
4.13203 1
1.10347 1
4.06598 1
9.54834 1
7.50674 1
4.79116 1
4.56912 1
1.62465 1
3.25437 1
6.40861 1
8.33215 1
4.23447 1
-1.18372 1
3.80746 1
6.85871 1
7.02415 1
13.8396 1
9.26695 1
10.1933 1
7.46905 1
6.23513 1
12.2267 1
4.87559 1
6.31363 1
3.9474 1
8.83391 1
4.76654 1
5.81739 1
3.14795 1
11.51 1
5.73121 1
6.74187 1
6.42283 1
7.2307 1
-4.36932 1
5.81034 1
6.92162 1
5.37106 1
9.42795 1
4.37899 1
5.61483 1
4.37663 1
4.01928 1
2.24295 1
5.45283 1
6.65805 1
3.15936 1
4.47619 1
9.39381 1
5.65753 1
7.72271 1
-1.25891 1
-1.74036 1
10.3067 1
8.99392 1
4.35419 1
7.0651 1
5.26975 1
6.39248 1
4.49973 1
7.26567 1
8.8747 1
6.63853 1
6.72231 1
3.92875 1
3.63761 1
8.2211 1
5.91092 1
10.3389 1
3.37558 1
6.30628 1
4.89499 1
3.72245 1
10.3954 1
5.0077 1
7.05422 1
1.85921 1
6.82733 1
5.71173 1
0.424923 1
-4.47062 1
11.0837 1
5.10272 1
7.18505 1
-3.28617 1
3.48002 1
0.82077 1
0.226569 1
3.19754 1
14.7557 1
-0.531496 1
4.92055 1
9.32367 1
1.4133 1
5.11898 1
0.275368 1
3.74623 1
5.31119 1
7.21621 1
4.19052 1
12.9232 1
0.367511 1
6.16322 1
8.08397 1
5.00722 1
4.23223 1
2.33576 1
6.14653 1
10.15 1
3.67871 1
3.71683 1
7.4047 1
5.44667 1
3.73235 1
6.73759 1
6.8946 1
4.48178 1
8.74052 1
5.27601 1
5.85931 1
4.18388 1
7.8562 1
5.78608 1
6.44022 1
4.20578 1
5.8334 1
-4.18938 1
4.97009 1
3.44843 1
-1.38831 1
4.24741 1
4.09561 1
4.45266 1
6.9972 1
3.27035 1
5.98844 1
7.06844 1
9.06743 1
6.61167 1
1.35984 1
4.24719 1
5.66546 1
5.01105 1
-0.399946 1
4.69568 1
-0.65463 1
2.51895 1
13.1044 1
4.92231 1
8.31783 1
6.28501 1
-0.739394 1
6.14108 1
6.0695 1
7.76901 1
4.07182 1
10.5284 1
1.25775 1
8.22285 1
5.45368 1
7.77946 1
5.75868 1
6.52318 1
8.66458 1
10.2524 1
8.27173 1
12.1892 1
6.69277 1
7.8081 1
4.95833 1
-1.38326 1
10.2941 1
12.7273 1
7.32498 1
7.4309 1
8.17637 1
6.26525 1
12.8964 1
5.72007 1
6.48978 1
1.50131 1
2.50246 1
5.9293 1
6.84509 1
2.3841 1
10.6677 1
5.128 1
4.6703 1
4.37521 1
5.5456 1
5.62124 1
4.36739 1
5.11075 1
9.52651 1
3.82632 1
10.4106 1
8.23815 1
6.17576 1
0.822277 1
4.66758 1
14.3926 1
3.31213 1
4.52737 1
3.16004 1
1.22994 1
2.61187 1
5.45812 1
4.11734 1
0.129831 1
7.1815 1
7.49106 1
4.40176 1
6.67992 1
2.72882 1
5.95498 1
5.41312 1
2.44429 1
2.75393 1
6.99473 1
-0.845502 1
5.45456 1
7.799 1
6.34575 1
-2.49879 1
3.70591 1
4.80616 1
5.08266 1
6.95708 1
4.09835 1
3.19656 1
5.4299 1
1.80402 1
14.7093 1
4.16584 1
10.4782 1
6.08862 1
8.70734 1
1.11304 1
5.14545 1
8.9388 1
7.02476 1
8.27825 1
7.16012 1
5.35937 1
2.53802 1
5.02021 1
6.42396 1
8.01181 1
7.61386 1
2.86404 1
5.434 1
9.77464 1
11.2334 1
7.30742 1
7.34485 1
6.91887 1
0.168146 1
7.23389 1
4.63287 1
2.01348 1
7.00885 1
8.3078 1
0.414688 1
6.58734 1
1.26208 1
-3.8479 1
-4.34894 1
6.03791 1
6.36804 1
5.19411 1
4.24054 1
5.34836 1
2.4072 1
2.35887 1
-3.51774 1
4.88606 1
6.19248 1
6.87532 1
3.41414 1
6.49135 1
6.51937 1
-0.0052682 1
8.6801 1
2.05946 1
6.17994 1
3.74893 1
-4.78494 1
5.59528 1
4.31734 1
13.2384 1
3.34156 1
8.88207 1
8.49698 1
1.89654 1
6.5873 1
4.67715 1
8.33315 1
10.0703 1
6.46958 1
4.05778 1
3.4134 1
5.70092 1
3.86977 1
2.72118 1
11.6788 1
4.54267 1
1.458 1
4.36723 1
5.5072 1
5.77201 1
5.65604 1
8.97115 1
3.70839 1
5.43096 1
5.10065 1
8.59247 1
12.9321 1
5.80735 1
-0.464755 1
9.00446 1
5.21107 1
6.47761 1
6.49103 1
3.56857 1
-3.2598 1
4.4907 1
9.83528 1
1.26798 1
8.54532 1
7.70525 1
5.37197 1
7.63996 1
7.91292 1
8.58868 1
5.13162 1
6.5864 1
4.40704 1
9.83184 1
4.86221 1
10.2462 1
6.99638 1
13.5035 1
6.5169 1
5.67847 1
8.00993 1
11.8515 1
4.53886 1
4.37235 1
-2.02374 1
7.03709 1
4.57813 1
3.35515 1
5.43271 1
4.59439 1
7.77045 1
5.14855 1
6.06994 1
5.40013 1
11.3678 1
14.7863 1
4.58573 1
4.4928 1
7.03295 1
4.63147 1
6.21988 1
1.59399 1
5.74196 1
4.67834 1
5.25738 1
5.78981 1
3.18754 1
7.49875 1
9.2846 1
6.23548 1
12.9561 1
2.94786 1
6.13925 1
7.51334 1
6.0279 1
5.4588 1
3.0315 1
12.68 1
12.0784 1
-1.05935 1
-0.351878 1
10.0539 1
-1.97553 1
11.2146 1
6.70163 1
6.70532 1
-0.196856 1
3.20437 1
7.05342 1
4.86554 1
2.51625 1
13.2691 1
-0.993893 1
5.91795 1
9.79404 1
5.68187 1
2.86465 1
8.78039 1
7.02911 1
12.1073 1
5.7665 1
11.9332 1
-1.26071 1
9.89755 1
3.88945 1
6.4589 1
1.76833 1
6.57771 1
5.64384 1
4.06799 1
-3.32944 1
3.95257 1
4.69939 1
5.18146 1
5.32311 1
6.96446 1
6.00234 1
4.08593 1
5.29916 1
9.66089 1
6.68616 1
4.75803 1
4.92272 1
2.44259 1
12.3652 1
3.87364 1
4.93468 1
-1.04179 1
5.77293 1
7.07526 1
3.22629 1
6.61002 1
7.54893 1
1.29596 1
1.59291 1
3.11382 1
7.99486 1
3.0906 1
7.56647 1
6.75193 1
3.8952 1
8.79675 1
9.33667 1
5.46566 1
0.983387 1
5.00873 1
9.91145 1
10.878 1
4.06831 1
3.62544 1
4.11904 1
4.9777 1
-1.65916 1
2.66161 1
4.61487 1
8.1927 1
10.2056 1
-2.4072 1
3.36592 1
-0.411733 1
7.26323 1
4.30137 1
8.38611 1
3.75798 1
3.04539 1
6.28517 1
2.52632 1
5.9667 1
3.90949 1
7.84778 1
6.2667 1
5.73065 1
8.61628 1
4.59768 1
6.1024 1
2.89831 1
3.73036 1
-1.05192 1
6.12169 1
8.66484 1
7.01573 1
-2.68133 1
4.78312 1
1.08192 1
10.5842 1
5.15378 1
5.76947 1
8.05599 1
6.86533 1
-2.59363 1
3.81236 1
3.77799 1
4.14309 1
3.7379 1
7.00328 1
1.89043 1
8.49319 1
4.82256 1
0.241648 1
9.01593 1
3.29757 1
4.01803 1
2.86689 1
-3.36176 1
8.99642 1
12.0097 1
6.53111 1
11.3383 1
2.74845 1
6.3873 1
7.04094 1
6.27531 1
5.3006 1
5.92327 1
8.30879 1
4.04279 1
7.67329 1
2.72493 1
1.41152 1
-0.0218628 1
9.56801 1
4.10288 1
-0.619265 1
5.38095 1
10.6567 1
0.790806 1
9.94292 1
5.30754 1
7.55129 1
1.80356 1
4.979 1
6.44849 1
14.2607 1
10.279 1
8.99534 1
5.29408 1
6.89397 1
0.137623 1
5.12873 1
5.22431 1
8.24106 1
-2.02173 1
4.24124 1
6.62367 1
4.78122 1
14.1435 1
5.93447 1
-1.36514 1
4.55454 1
-0.157852 1
10.587 1
5.8739 1
4.49573 1
9.0016 1
6.44974 1
5.80617 1
5.21028 1
4.94087 1
4.40975 1
6.64256 1
4.33848 1
-1.75781 1
6.83723 1
8.57792 1
5.80192 1
0.505143 1
9.19124 1
6.31128 1
11.0543 1
7.01694 1
9.03787 1
5.61755 1
2.55782 1
4.8516 1
-0.18971 1
8.02596 1
4.91071 1
12.0361 1
3.51944 1
9.35103 1
2.91452 1
10.0582 1
0.48731 1
7.91282 1
9.35408 1
9.50274 1
6.1956 1
4.54017 1
7.19388 1
9.91805 1
4.87312 1
5.40698 1
5.57037 1
5.74378 1
5.69568 1
7.34958 1
8.68755 1
0.535725 1
6.88555 1
5.68122 1
0.179086 1
5.44836 1
4.09418 1
3.53667 1
-0.114976 1
6.26585 1
4.79944 1
6.545 1
-1.93135 1
10.9195 1
1.08431 1
7.10812 1
8.42944 1
5.91966 1
13.4305 1
8.2637 1
1.18858 1
4.22789 1
8.37666 1
5.20216 1
12.7923 1
8.01648 1
1.78272 1
6.21806 1
10.3792 1
5.95214 1
5.84196 1
4.98091 1
5.4615 1
9.03918 1
12.0556 1
6.6357 1
7.39883 1
6.95323 1
-2.49052 1
11.8214 1
-2.57264 1
6.51192 1
4.64626 1
10.9087 1
4.9934 1
6.34742 1
-0.0989025 1
3.16843 1
3.99793 1
-4.51808 1
8.38296 1
5.88989 1
-2.11076 1
5.69547 1
0.621226 1
5.4951 1
-0.371314 1
7.01579 1
1.87314 1
5.57268 1
5.77095 1
7.13579 1
-1.94845 1
7.9747 1
2.79791 1
4.91388 1
5.00537 1
12.1514 1
8.42205 1
5.65433 1
6.82625 1
5.82765 1
1.65753 1
-1.9562 1
5.79891 1
5.6118 1
7.45175 1
5.27784 1
-3.07441 1
9.71327 1
5.87633 1
2.47223 1
13.444 1
4.59845 1
7.75718 1
5.32609 1
3.93866 1
-1.51877 1
11.546 1
7.4681 1
11.1691 1
4.6158 1
4.4117 1
11.6619 1
3.35123 1
3.32881 1
6.64059 1
5.96088 1
10.3567 1
9.03625 1
4.53468 1
3.53422 1
4.39826 1
4.89725 1
4.92424 1
8.01285 1
3.53502 1
7.0672 1
9.44158 1
6.29285 1
1.25648 1
4.93845 1
-3.48029 1
0.100281 1
4.47575 1
6.20885 1
11.3584 1
3.0698 1
5.14328 1
5.23566 1
5.95446 1
2.84378 1
5.66832 1
5.32913 1
-2.12141 1
1.00391 1
4.41506 1
5.56413 1
2.25984 1
5.09462 1
5.02832 1
0.653475 1
5.49743 1
-1.40092 1
0.0952267 1
3.27175 1
2.9238 1
2.19215 1
1.44271 1
4.9691 1
6.92844 1
4.95765 1
3.32181 1
10.3859 1
5.37393 1
6.29868 1
9.69459 1
6.86353 1
3.30799 1
2.10761 1
4.01516 1
7.05368 1
5.53183 1
9.16337 1
1.34576 1
6.21817 1
11.743 1
-0.340449 1
1.67961 1
3.66423 1
2.26529 1
-0.436128 1
0.621963 1
-2.31249 1
6.89698 1
2.56538 1
3.23447 1
0.805314 1
2.16543 1
7.30018 1
-3.30734 1
5.13794 1
3.54503 1
2.86258 1
11.284 1
6.07935 1
8.34071 1
3.41398 1
7.28094 1
1.37107 1
11.4927 1
3.49307 1
5.78039 1
6.9028 1
1.3114 1
4.66725 1
12.3856 1
4.65257 1
-2.16771 1
0.901914 1
7.98349 1
10.0753 1
3.31662 1
12.5734 1
4.06874 1
-1.39954 1
3.33756 1
8.83822 1
5.20865 1
3.09581 1
11.4591 1
5.34907 1
4.27021 1
3.77871 1
-2.34834 1
0.359912 1
6.21013 1
9.08652 1
3.71316 1
5.76673 1
5.77846 1
11.243 1
6.22567 1
1.63196 1
3.87568 1
-4.09648 1
12.5134 1
-1.15796 1
9.0785 1
8.66506 1
1.26109 1
8.89173 1
5.26191 1
2.14948 1
8.93229 1
2.20451 1
7.20882 1
1.96672 1
9.42419 1
3.50938 1
4.32094 1
5.14723 1
9.14042 1
4.16979 1
14.4415 1
14.0426 1
6.0881 1
4.36063 1
6.94843 1
3.77932 1
12.5379 1
3.96163 1
12.6158 1
9.49485 1
4.72799 1
5.876 1
-0.783897 1
12.2933 1
4.00945 1
5.78944 1
-0.223745 1
5.05696 1
6.78877 1
1.79787 1
4.11657 1
9.16255 1
3.40841 1
6.21335 1
2.34829 1
6.96837 1
5.86158 1
9.46048 1
4.98658 1
14.2485 1
6.11496 1
4.00445 1
0.209087 1
2.87224 1
-1.67632 1
6.6207 1
9.64827 1
-0.864735 1
3.7435 1
9.81676 1
8.24121 1
8.67387 1
13.6425 1
11.8911 1
2.0561 1
6.54897 1
7.84867 1
2.56108 1
3.40178 1
-0.129346 1
3.75238 1
5.72496 1
3.50691 1
4.25939 1
5.69778 1
7.13084 1
9.34868 1
9.90463 1
5.17478 1
7.57926 1
6.2759 1
2.7397 1
3.4103 1
6.81497 1
2.84928 1
4.79715 1
8.15663 1
5.73734 1
3.69037 1
9.31529 1
9.45263 1
1.27473 1
8.56865 1
4.23773 1
2.55302 1
4.3878 1
2.20644 1
5.43214 1
4.43378 1
8.95964 1
4.9489 1
7.91034 1
-1.26055 1
8.09737 1
7.06689 1
1.8764 1
5.61942 1
8.55189 1
5.3131 1
1.6101 1
5.22133 1
14.2149 1
4.92396 1
5.35324 1
2.22468 1
7.17376 1
9.91119 1
6.63187 1
5.57655 1
-2.39518 1
6.31465 1
1.69549 1
6.53638 1
7.69671 1
6.72631 1
0.62104 1
9.45692 1
6.61905 1
-2.04345 1
1.88857 1
2.0198 1
4.60285 1
5.21771 1
4.59845 1
6.35166 1
11.6139 1
-0.153118 1
11.7356 1
2.94895 1
0.180537 1
10.8265 1
6.82494 1
12.2699 1
8.02674 1
4.48296 1
5.12077 1
2.96798 1
4.04305 1
5.86678 1
12.6085 1
6.1632 1
5.5057 1
8.94732 1
9.33707 1
6.71406 1
5.37054 1
10.5911 1
3.08298 1
5.22856 1
6.43848 1
5.72917 1
10.7051 1
2.65479 1
3.7441 1
2.91767 1
0.0340662 1
10.1074 1
4.9054 1
8.63602 1
3.43284 1
6.35858 1
12.1099 1
7.3865 1
4.87688 1
11.9553 1
2.00931 1
2.33424 1
6.75119 1
10.0277 1
5.95933 1
5.866 1
-4.00999 1
4.35758 1
1.4872 1
5.41212 1
5.64479 1
10.8669 1
7.67163 1
5.02524 1
12.0815 1
7.0097 1
7.23133 1
5.80123 1
11.5354 1
7.12825 1
-2.29836 1
3.28527 1
5.00763 1
3.18614 1
12.8792 1
3.81944 1
-1.76149 1
-0.07427 1
3.68616 1
8.3916 1
3.44821 1
4.07898 1
-0.672713 1
5.0594 1
6.34689 1
5.42707 1
4.16619 1
6.03954 1
5.04031 1
6.88994 1
3.17347 1
8.3644 1
10.4369 1
7.13578 1
10.1503 1
6.87302 1
-2.25377 1
-1.60376 1
11.4646 1
-3.37172 1
5.13696 1
1.63367 1
-3.22272 1
7.56467 1
8.00992 1
8.78473 1
3.6156 1
2.37964 1
6.1929 1
8.55624 1
3.17625 1
6.95895 1
4.32105 1
12.6628 1
-2.33918 1
5.72211 1
5.72749 1
8.9677 1
9.87086 1
5.0684 1
8.76756 1
-0.283927 1
5.50954 1
6.48699 1
14.1978 1
1.66826 1
-0.381392 1
6.44998 1
7.49944 1
6.36242 1
6.52637 1
6.74594 1
2.39008 1
5.65446 1
4.61356 1
3.12719 1
3.76352 1
-0.368381 1
6.98179 1
-3.14394 1
2.97122 1
1.65844 1
10.6987 1
6.79585 1
5.90115 1
11.6803 1
5.6947 1
1.45384 1
4.48444 1
6.96401 1
3.59166 1
5.98054 1
10.4269 1
12.8249 1
4.60363 1
8.45062 1
6.2474 1
5.51688 1
3.69114 1
3.85511 1
0.425001 1
7.71142 1
3.67309 1
9.06576 1
4.04887 1
-2.13478 1
7.92324 1
3.64334 1
5.54051 1
-0.80613 1
-1.46797 1
13.0339 1
3.77098 1
5.37486 1
4.3602 1
7.62034 1
3.77142 1
2.30275 1
5.77965 1
4.08297 1
4.62214 1
2.35516 1
1.97378 1
2.96388 1
1.2411 1
5.39032 1
4.87562 1
-3.41585 1
8.56101 1
9.4412 1
6.46166 1
-2.01635 1
7.58594 1
4.37765 1
7.58523 1
-1.60547 1
7.56899 1
4.87377 1
8.08598 1
5.10425 1
7.91922 1
3.73041 1
4.62346 1
1.03884 1
9.7824 1
3.42991 1
4.48757 1
7.54733 1
8.46958 1
6.15952 1
5.08103 1
4.7101 1
9.6701 1
2.85165 1
8.39043 1
7.25795 1
6.17749 1
10.71 1
5.34363 1
13.4862 1
5.93947 1
3.43889 1
3.49304 1
9.01331 1
10.2217 1
0.813703 1
4.93106 1
11.7181 1
-0.469183 1
1.43229 1
4.45739 1
4.62265 1
6.34098 1
8.68665 1
9.24762 1
6.50354 1
12.0502 1
5.35565 1
0.929143 1
3.54489 1
4.2194 1
7.47185 1
7.09616 1
8.23039 1
5.46284 1
-0.474559 1
6.25952 1
6.84522 1
4.91906 1
5.17872 1
2.76517 1
4.36743 1
6.30583 1
6.46938 1
4.96905 1
5.4565 1
5.15224 1
6.42914 1
7.47678 1
11.2098 1
14.4152 1
5.58558 1
2.8809 1
0.312184 1
3.51603 1
9.28235 1
4.65482 1
5.67882 1
8.01746 1
4.24109 1
1.99301 1
3.98057 1
7.96064 1
11.0734 1
-2.66098 1
12.9496 1
7.96112 1
8.6779 1
5.21157 1
-2.85402 1
1.33245 1
6.67049 1
0.862369 1
4.70316 1
5.59514 1
1.2957 1
3.12909 1
4.56585 1
3.09479 1
8.15831 1
5.45786 1
11.8353 1
4.92937 1
2.80775 1
8.84036 1
5.23606 1
1.69779 1
-0.859162 1
6.62909 1
5.28447 1
-4.75685 1
1.29918 1
5.43349 1
5.64671 1
4.27658 1
7.9367 1
2.26377 1
2.23994 1
5.50266 1
4.68113 1
6.45283 1
5.03538 1
3.01143 1
-1.5574 1
2.22441 1
14.3773 1
3.46339 1
7.81805 1
7.5714 1
6.82954 1
5.10985 1
-4.56648 1
7.18803 1
9.85536 1
5.88585 1
4.37173 1
6.60088 1
6.13507 1
4.0832 1
4.34467 1
2.20934 1
3.87438 1
-3.82096 1
-0.290097 1
4.81886 1
8.60914 1
9.60579 1
-1.92313 1
5.12069 1
9.66575 1
4.20432 1
10.2263 1
10.9244 1
2.10539 1
3.52246 1
10.0464 1
-4.65313 1
-2.31232 1
6.48904 1
6.83343 1
6.97006 1
-0.0638862 1
5.86241 1
7.74256 1
7.09826 1
6.30205 1
5.50706 1
-4.59543 1
4.79091 1
6.09225 1
7.33703 1
4.3646 1
4.45768 1
5.7936 1
3.27496 1
-2.48101 1
6.41191 1
6.53857 1
-0.35458 1
-0.026538 1
9.05911 1
1.98191 1
3.7709 1
-2.10267 1
4.1031 1
5.70825 1
7.0256 1
8.29596 1
6.87106 1
2.68286 1
2.73131 1
8.85399 1
1.51377 1
5.52067 1
6.97937 1
3.9906 1
9.41059 1
-4.75242 1
12.3607 1
5.90232 1
5.08061 1
5.97347 1
10.122 1
7.32855 1
3.41461 1
10.1968 1
6.00223 1
6.05328 1
5.18301 1
3.59809 1
5.34082 1
3.89915 1
5.61275 1
3.56198 1
6.43254 1
-3.24755 1
8.80255 1
7.30061 1
8.99042 1
2.79575 1
9.42973 1
9.83654 1
6.28154 1
3.23895 1
1.63473 1
4.38334 1
4.255 1
5.05692 1
3.62131 1
2.74694 1
9.58294 1
2.45366 1
1.88493 1
6.0963 1
-2.83519 1
2.32477 1
3.46576 1
7.04251 1
7.26378 1
4.38804 1
7.42055 1
6.2069 1
4.89147 1
3.20996 1
2.15678 1
6.96842 1
6.69583 1
8.85844 1
12.3152 1
9.539 1
6.85315 1
11.8849 1
-2.82493 1
8.19825 1
6.647 1
5.28834 1
8.2625 1
2.83263 1
1.23173 1
4.30833 1
5.08603 1
0.683346 1
5.60599 1
5.46807 1
7.83355 1
6.57956 1
8.09364 1
13.9995 1
6.89251 1
1.60092 1
-1.0822 1
2.04717 1
0.184368 1
5.71436 1
4.53126 1
4.11428 1
6.68654 1
10.176 1
10.0194 1
6.12757 1
4.48903 1
8.56638 1
5.30214 1
5.56047 1
10.0016 1
7.62681 1
-1.92274 1
2.74267 1
7.99644 1
1.19105 1
2.03331 1
12.1978 1
5.86157 1
2.63971 1
5.68823 1
5.41981 1
1.45808 1
10.3969 1
4.64952 1
0.99428 1
1.51893 1
4.66082 1
4.96512 1
7.39334 1
4.19732 1
8.58429 1
5.45132 1
6.351 1
6.00752 1
0.965559 1
5.16799 1
-1.23611 1
4.57128 1
3.48395 1
3.48416 1
-0.390065 1
5.33312 1
2.19232 1
9.62204 1
6.31065 1
10.7798 1
4.84987 1
5.84227 1
0.193561 1
2.90376 1
5.41043 1
6.74177 1
9.06016 1
-1.20748 1
-1.80963 1
6.78794 1
4.0566 1
6.63811 1
9.58431 1
7.30522 1
4.14308 1
3.74402 1
8.93063 1
3.39893 1
3.18086 1
7.48926 1
7.31984 1
6.12098 1
3.96572 1
6.54329 1
6.45416 1
7.76577 1
-3.33659 1
4.81246 1
8.453 1
2.85603 1
7.09256 1
-3.91651 1
5.08466 1
4.13902 1
-4.41109 1
6.17854 1
6.06032 1
5.516 1
8.48947 1
2.07685 1
4.5918 1
4.09527 1
4.60887 1
1.59551 1
10.4645 1
1.71105 1
5.67436 1
3.04547 1
12.269 1
7.5999 1
12.5034 1
4.87687 1
5.72885 1
7.3451 1
1.63237 1
6.11424 1
-0.053337 1
3.60286 1
3.14023 1
5.40288 1
3.11625 1
1.13017 1
5.16196 1
4.71089 1
4.96115 1
7.90779 1
8.01868 1
4.67251 1
10.9025 1
5.27991 1
0.152038 1
0.367148 1
9.21076 1
6.69412 1
5.3887 1
5.66103 1
4.83176 1
3.40482 1
9.20544 1
8.2443 1
11.9615 1
7.10868 1
5.02973 1
12.5328 1
5.94729 1
8.34357 1
7.10904 1
-3.61206 1
14.2698 1
2.87103 1
4.70477 1
-3.08602 1
8.19799 1
4.4996 1
1.93731 1
2.21989 1
2.66083 1
4.7525 1
8.98061 1
6.18476 1
4.40669 1
5.60394 1
5.40939 1
4.43794 1
1.93016 1
6.67905 1
1.58925 1
7.42781 1
6.67078 1
7.15529 1
8.99069 1
-0.303409 1
4.2779 1
3.44716 1
4.96882 1
5.49458 1
0.0143854 1
12.661 1
3.18049 1
8.43769 1
7.48639 1
10.6753 1
4.86148 1
6.99645 1
4.90832 1
2.31158 1
3.43586 1
5.03271 1
7.08533 1
6.62805 1
4.5866 1
5.03078 1
5.98779 1
11.154 1
8.58486 1
1.89968 1
6.30329 1
-2.29992 1
1.55235 1
5.70618 1
10.4822 1
13.786 1
6.31035 1
5.96544 1
3.47725 1
4.2044 1
1.94284 1
5.79868 1
6.9817 1
6.20962 1
6.99789 1
3.93155 1
11.8791 1
3.01976 1
5.6973 1
0.896283 1
2.00246 1
3.41264 1
7.63893 1
7.37483 1
2.31308 1
10.5889 1
0.0218022 1
8.15107 1
5.20598 1
3.01069 1
6.28535 1
0.835906 1
-0.855203 1
5.95594 1
4.06982 1
5.02187 1
8.77333 1
6.40203 1
6.1106 1
4.93771 1
2.18959 1
6.44442 1
6.97573 1
3.48101 1
5.94285 1
8.71849 1
6.18512 1
0.104851 1
4.38316 1
8.38165 1
0.375724 1
2.98314 1
10.0923 1
4.83302 1
6.8082 1
10.8205 1
8.55985 1
3.74685 1
5.00345 1
5.4348 1
0.490838 1
6.21446 1
12.1619 1
12.6883 1
5.19648 1
8.65778 1
5.42254 1
0.490334 1
5.75682 1
10.9948 1
9.31836 1
-2.34268 1
8.02014 1
8.71708 1
6.48149 1
6.33364 1
3.07576 1
4.46083 1
4.57676 1
7.87127 1
-4.28428 1
6.48418 1
2.23064 1
5.98932 1
4.77839 1
7.89663 1
-0.695653 1
5.75117 1
5.14255 1
2.68505 1
6.33318 1
5.93656 1
2.35012 1
5.9449 1
-0.759074 1
0.713425 1
11.1 1
4.93212 1
4.93372 1
3.92342 1
5.9326 1
3.87292 1
5.77685 1
4.66749 1
8.46111 1
5.69333 1
2.74337 1
5.2158 1
-0.0166088 1
5.64157 1
2.16921 1
3.69888 1
4.89341 1
8.78833 1
1.92649 1
4.91865 1
5.2505 1
7.12973 1
4.69628 1
8.52774 1
2.19634 1
-1.74067 1
9.80232 1
6.97674 1
2.97921 1
6.04455 1
11.3605 1
7.56717 1
1.03443 1
3.68873 1
5.99516 1
4.88115 1
7.39976 1
2.69786 1
8.50403 1
4.62679 1
-0.80996 1
2.90113 1
1.48603 1
10.3404 1
3.35009 1
4.18354 1
9.79896 1
4.91606 1
3.82505 1
5.48353 1
5.57194 1
5.86763 1
8.28858 1
5.29502 1
7.96368 1
5.69635 1
10.9823 1
4.50253 1
0.59673 1
7.75764 1
8.26282 1
3.02018 1
3.27139 1
4.293 1
7.35841 1
4.30413 1
5.26765 1
4.42884 1
11.6513 1
5.29939 1
7.66316 1
3.62563 1
7.96849 1
5.57023 1
4.71792 1
12.3132 1
6.13118 1
5.84485 1
2.28295 1
3.6407 1
2.20759 1
1.00781 1
5.92661 1
4.00866 1
7.67816 1
0.353373 1
-1.39505 1
5.41812 1
2.47252 1
7.1848 1
10.4473 1
6.1947 1
12.8866 1
5.82894 1
0.607402 1
4.92917 1
5.33619 1
5.65548 1
7.86396 1
7.93979 1
11.2312 1
5.41939 1
3.65785 1
-4.18768 1
3.66858 1
6.62029 1
1.51756 1
4.95331 1
5.94159 1
-4.54163 1
6.90302 1
4.21385 1
5.73119 1
7.77086 1
2.54712 1
3.41233 1
9.64022 1
3.47615 1
5.25969 1
6.27731 1
0.477505 1
3.26712 1
2.6647 1
3.88426 1
10.4236 1
6.12473 1
6.65439 1
8.83543 1
4.98628 1
4.49614 1
5.08387 1
4.57698 1
7.5265 1
7.17407 1
13.2815 1
5.62736 1
2.95768 1
9.34625 1
4.95332 1
0.0030633 1
2.60035 1
5.16529 1
2.96355 1
5.52524 1
7.78078 1
7.95254 1
8.43494 1
6.02908 1
-0.115157 1
11.441 1
7.65171 1
4.82227 1
9.08012 1
4.16395 1
3.24925 1
3.27929 1
6.35688 1
3.94814 1
7.68103 1
5.71235 1
6.60497 1
7.07049 1
7.0198 1
5.58546 1
7.90065 1
6.83183 1
3.99866 1
2.35131 1
8.63717 1
12.3077 1
7.97077 1
2.13011 1
4.66528 1
11.6698 1
5.36327 1
5.69061 1
2.60242 1
2.24305 1
-2.19625 1
3.9343 1
6.27522 1
6.53533 1
8.10463 1
7.94218 1
9.8157 1
3.61917 1
2.57218 1
4.20349 1
12.3083 1
4.02497 1
4.79554 1
3.89436 1
6.67864 1
-0.806676 1
1.46153 1
5.32173 1
8.83412 1
6.51581 1
5.32868 1
4.92307 1
5.21589 1
5.60714 1
7.14425 1
6.17824 1
1.94084 1
3.51914 1
3.9506 1
5.38088 1
2.48817 1
2.79093 1
2.28823 1
8.63337 1
4.04375 1
5.14298 1
9.81169 1
2.21596 1
5.02947 1
-1.02651 1
2.77156 1
3.50871 1
3.34309 1
6.49911 1
3.99938 1
4.33193 1
-0.438442 1
0.689921 1
8.67828 1
4.9203 1
9.32027 1
10.2829 1
8.52475 1
1.59961 1
0.311127 1
4.25455 1
6.3699 1
4.6138 1
-4.07793 1
6.27437 1
6.61611 1
4.71662 1
-1.80546 1
-0.341195 1
6.46246 1
8.50977 1
6.36575 1
6.93013 1
7.61828 1
5.90658 1
5.87147 1
5.0307 1
3.19497 1
4.7995 1
-2.6979 1
8.3026 1
6.7672 1
-3.24573 1
1.78005 1
6.85981 1
7.57941 1
7.39285 1
7.5248 1
3.71999 1
3.86917 1
13.3552 1
3.92556 1
8.77086 1
7.89421 1
5.31126 1
11.8808 1
6.26176 1
4.32338 1
8.0492 1
1.9081 1
10.6345 1
7.88199 1
1.46938 1
10.8564 1
6.04484 1
8.55867 1
6.74551 1
1.16161 1
5.43878 1
2.69682 1
3.98576 1
12.3866 1
6.69453 1
7.83837 1
3.20968 1
2.71118 1
13.8661 1
12.7236 1
10.1638 1
3.90582 1
9.23414 1
7.03342 1
4.98762 1
3.85015 1
3.34452 1
3.12342 1
5.09803 1
6.11913 1
4.47038 1
4.66574 1
12.1142 1
9.82458 1
5.87864 1
4.73696 1
3.68279 1
-0.289057 1
3.2936 1
5.77702 1
7.62801 1
4.01341 1
7.36089 1
5.73435 1
5.67319 1
5.75139 1
5.79582 1
4.22866 1
5.04912 1
8.68347 1
5.95998 1
8.41655 1
8.34263 1
8.05185 1
3.17429 1
7.38176 1
4.70515 1
11.7798 1
5.66983 1
4.82604 1
8.50258 1
4.48468 1
-2.10751 1
6.11737 1
4.3787 1
10.4077 1
7.73961 1
3.2099 1
7.46622 1
5.33082 1
-2.37059 1
3.91309 1
-2.73527 1
7.30292 1
8.80117 1
-0.889866 1
2.51269 1
6.04035 1
11.9644 1
6.83339 1
6.79514 1
4.38272 1
3.82249 1
-2.25648 1
14.2053 1
-1.19575 1
13.6451 1
7.98628 1
7.41487 1
3.14501 1
10.9728 1
1.6376 1
5.83681 1
6.73841 1
3.39003 1
5.82713 1
3.06334 1
6.19096 1
14.7872 1
3.94502 1
2.08991 1
5.104 1
9.55106 1
8.23371 1
9.23375 1
9.23205 1
12.6693 1
-1.12175 1
7.19087 1
7.04814 1
5.68489 1
5.85229 1
4.05679 1
-3.54131 1
2.49864 1
5.94438 1
-1.23779 1
0.650905 1
4.98963 1
7.86762 1
6.90897 1
8.94837 1
2.51332 1
5.26655 1
1.72712 1
3.29219 1
5.23693 1
-0.0564881 1
8.01433 1
2.46836 1
9.54464 1
2.50176 1
5.44663 1
4.77462 1
5.75627 1
-3.6096 1
7.24417 1
7.1391 1
5.96138 1
5.69743 1
7.47728 1
6.65677 1
8.71799 1
8.39466 1
5.09491 1
5.80023 1
2.39942 1
9.61381 1
4.58893 1
4.54366 1
7.86754 1
2.74691 1
6.26076 1
4.33508 1
4.31218 1
3.99959 1
4.08308 1
-0.654737 1
3.08201 1
5.11821 1
7.41807 1
5.31212 1
12.0952 1
-1.04181 1
7.0492 1
-2.47199 1
4.23195 1
10.0205 1
2.49126 1
5.01969 1
5.37787 1
8.09065 1
4.96812 1
5.14813 1
1.63073 1
4.68332 1
7.04865 1
1.49883 1
2.01055 1
1.81283 1
4.25252 1
7.40271 1
10.5914 1
1.33271 1
4.06689 1
9.22962 1
10.2213 1
6.98803 1
3.93685 1
4.50809 1
7.55958 1
9.43867 1
10.7291 1
4.62194 1
3.96895 1
5.68713 1
2.52156 1
4.93275 1
3.11704 1
3.39629 1
3.40163 1
5.78279 1
4.07087 1
13.8377 1
14.8254 1
3.8785 1
4.44542 1
2.30261 1
2.38963 1
3.4249 1
6.36664 1
-1.3513 1
11.571 1
2.48594 1
7.03218 1
13.1465 1
2.52739 1
8.01861 1
6.36662 1
3.98244 1
9.25662 1
-0.358364 1
14.4058 1
3.59372 1
8.83595 1
5.32039 1
5.28975 1
3.37323 1
-0.720675 1
-2.61586 1
3.84749 1
10.6812 1
5.3285 1
6.78612 1
5.29514 1
5.3481 1
10.9361 1
6.18425 1
12.1134 1
4.46499 1
-1.27622 1
3.1353 1
3.84884 1
5.9165 1
7.09553 1
6.93861 1
-2.81684 1
5.48049 1
10.4756 1
6.15826 1
6.80583 1
6.89482 1
-2.24488 1
4.53001 1
4.92478 1
5.66935 1
9.94032 1
4.97842 1
8.61663 1
6.71683 1
8.17845 1
-0.675297 1
7.43697 1
6.48116 1
7.53854 1
7.22439 1
4.04808 1
9.52299 1
3.26866 1
13.4396 1
4.76485 1
4.25157 1
7.94223 1
4.41501 1
6.38519 1
-0.802437 1
3.73272 1
8.69516 1
3.94505 1
-0.410662 1
0.64308 1
9.14105 1
2.01857 1
1.22837 1
5.78588 1
10.9781 1
6.26708 1
1.67622 1
9.55174 1
8.9825 1
2.98887 1
14.6288 1
3.88599 1
4.30313 1
5.94582 1
-1.17901 1
4.89385 1
2.90539 1
1.34708 1
5.34131 1
-2.21064 1
1.95626 1
11.9011 1
4.45883 1
-0.757243 1
-0.655034 1
2.56989 1
5.99024 1
6.21372 1
6.47799 1
0.260751 1
6.73992 1
1.86529 1
4.70513 1
-1.0192 1
7.98518 1
4.23359 1
6.59592 1
3.38249 1
13.913 1
6.26165 1
-1.33998 1
5.81387 1
4.6974 1
6.01482 1
4.69798 1
9.05311 1
5.6309 1
7.65748 1
-1.16447 1
8.20547 1
9.5982 1
2.03865 1
2.72287 1
5.11923 1
3.64459 1
1.72359 1
2.2268 1
9.57079 1
0.859826 1
5.25189 1
11.5438 1
5.36604 1
6.46263 1
1.15627 1
6.24771 1
6.23056 1
6.27304 1
-2.12969 1
4.8466 1
4.48806 1
5.9247 1
7.78674 1
4.82495 1
0.611209 1
4.32206 1
12.1284 1
9.80004 1
7.66496 1
4.66254 1
-0.182088 1
4.36092 1
14.7478 1
6.27882 1
2.31527 1
9.32455 1
9.37075 1
4.65865 1
11.5856 1
4.10309 1
5.45538 1
6.933 1
6.56706 1
0.992557 1
-0.386525 1
10.6183 1
2.10475 1
-1.55575 1
-1.38525 1
9.77133 1
3.48351 1
5.32873 1
1.32459 1
2.39431 1
12.7514 1
5.461 1
4.87963 1
3.68187 1
5.56174 1
5.30052 1
2.84969 1
4.89846 1
8.57176 1
6.78036 1
12.2744 1
4.46738 1
6.9122 1
3.73897 1
2.78461 1
6.38556 1
4.21872 1
6.08438 1
5.41568 1
9.15381 1
5.34743 1
7.85075 1
-2.26591 1
1.59976 1
7.76746 1
7.80098 1
6.50479 1
5.08139 1
6.79512 1
9.45767 1
6.80985 1
6.42857 1
13.2568 1
4.80854 1
2.11618 1
7.05344 1
4.69499 1
5.40304 1
3.33668 1
8.33861 1
7.56966 1
9.95308 1
5.81586 1
6.4962 1
6.19053 1
7.45324 1
13.899 1
14.5149 1
6.65928 1
-0.824678 1
5.03321 1
6.30813 1
-2.90868 1
4.69371 1
10.7263 1
2.21538 1
5.51944 1
8.40769 1
5.79002 1
6.56358 1
0.0262265 1
3.31879 1
13.6633 1
6.36013 1
8.12215 1
2.27656 1
7.5409 1
4.84433 1
9.31117 1
-2.4243 1
4.3416 1
1.64588 1
-3.95326 1
4.18014 1
7.36076 1
3.28919 1
3.70934 1
5.52879 1
6.74799 1
-0.465087 1
10.8061 1
10.4009 1
9.76879 1
4.59222 1
9.43864 1
4.01273 1
6.29686 1
3.72661 1
12.9214 1
8.94618 1
5.13543 1
4.65252 1
5.29663 1
3.65181 1
3.9487 1
5.87524 1
6.65491 1
4.70754 1
3.41634 1
4.01045 1
4.32276 1
7.53385 1
3.31681 1
4.3485 1
5.76885 1
2.94601 1
4.7546 1
4.84378 1
4.81328 1
3.05727 1
11.6979 1
5.45742 1
10.6375 1
-1.03647 1
6.0626 1
6.80802 1
6.6435 1
7.08967 1
2.70332 1
7.04254 1
5.65359 1
14.4485 1
6.83908 1
4.57961 1
8.23279 1
9.44951 1
4.77854 1
12.7992 1
4.9186 1
5.33217 1
3.32673 1
-2.21035 1
6.38499 1
5.2 1
0.584074 1
7.78521 1
2.38147 1
4.19198 1
8.42619 1
1.67213 1
8.28347 1
14.7527 1
10.0842 1
4.08456 1
-2.48454 1
13.8213 1
7.66606 1
7.82203 1
5.54506 1
11.2387 1
3.08211 1
4.94777 1
0.576121 1
5.55592 1
0.268398 1
7.40301 1
8.74525 1
6.05571 1
11.2076 1
6.80491 1
8.14235 1
3.32674 1
5.43185 1
8.68081 1
6.08534 1
-2.0951 1
4.42998 1
3.37165 1
5.85481 1
5.03865 1
6.16451 1
12.8007 1
7.75528 1
6.81963 1
10.2416 1
-2.95789 1
3.12475 1
14.8119 1
5.26511 1
-1.40872 1
-2.09605 1
8.25846 1
4.49746 1
9.72044 1
5.89133 1
4.9411 1
0.205976 1
1.98598 1
6.45592 1
6.56732 1
2.1747 1
1.22128 1
10.1392 1
-1.90743 1
-2.63644 1
3.57832 1
3.18943 1
8.54906 1
5.11806 1
12.1827 1
5.76494 1
4.81503 1
7.0985 1
3.52646 1
1.90037 1
1.06018 1
7.02745 1
4.6871 1
6.22792 1
3.12518 1
5.14602 1
-1.56903 1
5.58295 1
11.8187 1
2.1048 1
6.74266 1
8.82516 1
4.55833 1
9.77779 1
0.543439 1
13.5565 1
4.93159 1
5.52305 1
6.18129 1
5.75751 1
0.238206 1
-1.38026 1
14.4317 1
9.87589 1
0.453216 1
3.95303 1
7.23345 1
8.24521 1
5.31057 1
5.77972 1
4.77909 1
6.62362 1
6.33691 1
5.18086 1
0.353332 1
1.60867 1
0.152522 1
7.7621 1
7.01292 1
4.99781 1
7.10704 1
10.7392 1
-4.69106 1
6.55293 1
-1.70965 1
2.16765 1
8.5087 1
14.6478 1
4.66065 1
3.09803 1
4.26785 1
10.2881 1
4.28729 1
1.5242 1
2.72297 1
3.92151 1
8.73479 1
6.68964 1
5.78241 1
8.92986 1
3.32373 1
7.12703 1
9.73136 1
12.9104 1
8.00365 1
5.73111 1
10.9199 1
3.82177 1
8.40897 1
3.53473 1
5.56254 1
8.47674 1
4.09829 1
4.30438 1
7.95164 1
10.2163 1
4.09281 1
1.10197 1
4.61581 1
6.97647 1
14.2227 1
5.43231 1
10.9656 1
3.03209 1
2.50879 1
5.24071 1
8.26866 1
6.2378 1
2.72567 1
4.35298 1
14.6725 1
9.02223 1
5.66516 1
3.03803 1
4.00894 1
-0.962809 1
5.63534 1
7.20129 1
-1.01682 1
4.60894 1
2.66241 1
1.61003 1
-3.88674 1
0.471996 1
-1.76791 1
2.40695 1
13.2511 1
13.8846 1
6.24555 1
5.49073 1
3.80163 1
7.35917 1
10.8049 1
5.99402 1
6.66582 1
6.87033 1
6.99006 1
5.25395 1
1.97225 1
8.30864 1
-0.326057 1
12.2865 1
7.46428 1
3.5655 1
6.44488 1
9.15202 1
10.3919 1
6.15196 1
6.19485 1
4.91236 1
3.8785 1
6.18484 1
7.6992 1
4.40804 1
5.6142 1
9.86855 1
5.34581 1
7.07493 1
6.8555 1
5.84812 1
8.05592 1
4.36828 1
-0.864281 1
4.09538 1
7.7594 1
-1.99299 1
6.49203 1
2.91078 1
-2.51931 1
6.86798 1
5.44864 1
5.21748 1
0.65586 1
4.33852 1
5.78994 1
12.1325 1
4.82533 1
-1.78452 1
2.74155 1
5.66095 1
2.07616 1
1.46232 1
2.1555 1
6.60324 1
6.55882 1
-0.805522 1
6.40935 1
8.73954 1
-2.77093 1
4.11144 1
2.64991 1
12.8574 1
2.13117 1
6.64472 1
4.55264 1
-1.00989 1
-3.19509 1
5.1202 1
12.5297 1
0.674294 1
4.38044 1
12.06 1
3.73996 1
5.1151 1
5.46108 1
5.11195 1
10.8406 1
5.32912 1
4.67677 1
3.51609 1
6.918 1
6.72471 1
6.37809 1
6.18217 1
0.478292 1
4.2638 1
3.65008 1
9.83769 1
10.2963 1
8.58665 1
4.57911 1
6.22017 1
3.10814 1
7.71429 1
5.47944 1
0.699109 1
7.85434 1
-2.49135 1
-2.99364 1
9.54275 1
4.6493 1
3.55137 1
7.66802 1
7.8261 1
7.63477 1
3.90889 1
2.88167 1
7.00563 1
1.62128 1
1.50504 1
9.05842 1
5.20469 1
7.53871 1
13.7574 1
7.58175 1
6.16031 1
7.38462 1
3.8849 1
8.20806 1
5.42344 1
5.62627 1
2.7297 1
0.214225 1
-0.36933 1
7.24389 1
8.91982 1
9.02508 1
-1.71084 1
2.02861 1
2.96923 1
3.66417 1
2.64606 1
0.87215 1
-2.76665 1
3.00125 1
4.70639 1
9.95399 1
10.3799 1
11.4158 1
3.80842 1
2.83912 1
8.0145 1
8.67656 1
5.60187 1
3.23411 1
4.56109 1
-0.578367 1
3.78021 1
5.62832 1
6.99484 1
4.17091 1
12.6247 1
5.68574 1
-3.98229 1
6.92526 1
2.90695 1
6.98628 1
-1.30339 1
3.33715 1
7.99603 1
9.72396 1
5.509 1
3.37072 1
5.82686 1
-0.88219 1
6.61345 1
1.14228 1
2.05158 1
-4.54484 1
3.8796 1
3.17852 1
4.43027 1
9.08918 1
7.82611 1
5.51802 1
4.00486 1
4.27831 1
9.58325 1
6.89291 1
2.64445 1
10.8576 1
5.05922 1
3.43393 1
13.0119 1
12.5155 1
4.46469 1
2.59754 1
2.58141 1
10.7205 1
2.0793 1
1.66192 1
-1.1241 1
4.71531 1
2.64878 1
11.0336 1
3.52006 1
4.83894 1
5.31545 1
2.70968 1
9.89248 1
5.69086 1
7.64214 1
4.10828 1
2.84738 1
5.30681 1
5.25215 1
5.54271 1
4.62352 1
7.45053 1
2.41644 1
3.85656 1
3.76891 1
11.8691 1
8.02828 1
0.694016 1
6.04059 1
7.82041 1
13.0801 1
6.4572 1
6.43524 1
6.02551 1
0.712826 1
7.16098 1
3.9976 1
1.30608 1
5.72201 1
5.46107 1
6.83892 1
5.73442 1
10.7158 1
7.32087 1
5.22891 1
12.4325 1
-2.64663 1
0.294363 1
6.99396 1
3.92151 1
5.20043 1
13.9911 1
4.67715 1
8.50825 1
5.71148 1
4.26942 1
5.17264 1
13.7878 1
8.84615 1
5.25989 1
3.37917 1
5.29956 1
1.94479 1
7.37398 1
4.09949 1
5.71086 1
-2.50309 1
3.34166 1
7.38896 1
5.91149 1
4.79909 1
5.40127 1
7.85898 1
9.12957 1
8.69778 1
-2.98021 1
3.89141 1
10.2025 1
13.7452 1
6.72316 1
11.5851 1
5.73101 1
6.69834 1
8.25817 1
7.45235 1
13.0586 1
-0.384534 1
3.7729 1
4.59209 1
4.48768 1
4.59305 1
12.6493 1
2.22852 1
12.3588 1
3.07645 1
0.346853 1
14.2502 1
4.67845 1
-1.92457 1
7.62025 1
6.05804 1
7.08089 1
8.8021 1
4.58169 1
7.22422 1
5.21618 1
10.9283 1
4.38261 1
3.39361 1
2.86618 1
4.78354 1
5.31896 1
3.5361 1
6.09796 1
6.6081 1
3.81588 1
6.53568 1
7.43757 1
3.81046 1
7.95409 1
5.43269 1
7.14815 1
5.07892 1
13.381 1
5.58801 1
6.99625 1
4.59159 1
11.4186 1
9.13551 1
9.17465 1
3.36121 1
6.03398 1
4.16469 1
3.78835 1
5.11095 1
6.01394 1
1.87385 1
3.56529 1
3.57246 1
13.0302 1
12.5497 1
3.11047 1
6.95197 1
3.34685 1
4.8091 1
8.31658 1
8.00242 1
-0.701949 1
3.45679 1
11.908 1
4.30939 1
4.28134 1
-0.29159 1
7.30163 1
5.65975 1
-3.41581 1
12.0313 1
8.85152 1
5.20354 1
-0.859565 1
6.0949 1
8.39062 1
5.01531 1
6.0294 1
4.55747 1
6.56947 1
9.91931 1
6.46274 1
7.06074 1
12.036 1
14.7295 1
2.33074 1
8.47064 1
7.80835 1
4.68359 1
3.54715 1
8.22587 1
12.5155 1
9.17353 1
5.27412 1
2.47975 1
6.84738 1
-2.6157 1
10.6472 1
0.200733 1
4.25469 1
3.74207 1
13.2977 1
12.8947 1
9.01201 1
5.82586 1
7.91027 1
7.54979 1
6.64662 1
0.195115 1
3.38974 1
12.8045 1
8.94188 1
1.12417 1
0.729782 1
10.7 1
5.52732 1
6.29301 1
6.05429 1
6.47016 1
4.13516 1
5.6167 1
3.8893 1
5.27244 1
4.85451 1
1.30924 1
2.82934 1
3.60077 1
-4.05976 1
-0.027406 1
9.47757 1
4.28832 1
6.01554 1
7.32824 1
5.60907 1
5.95023 1
6.89364 1
5.17038 1
5.85441 1
2.63662 1
6.60544 1
7.94058 1
0.222339 1
4.56548 1
10.7506 1
1.15426 1
7.28378 1
10.4784 1
4.62333 1
5.13409 1
5.90932 1
3.09411 1
8.7472 1
5.75707 1
10.2411 1
3.41547 1
1.03613 1
6.75767 1
-2.72284 1
8.53889 1
6.11742 1
4.78253 1
9.06444 1
5.52709 1
-0.0929283 1
2.98436 1
4.63434 1
6.74624 1
5.66732 1
5.89536 1
5.45585 1
2.74488 1
4.93852 1
-2.92909 1
2.18125 1
8.63067 1
5.59008 1
6.44754 1
4.23147 1
2.5302 1
12.2106 1
4.68308 1
6.0964 1
14.6825 1
6.40451 1
6.13976 1
3.68431 1
7.09636 1
5.69415 1
4.68342 1
6.58515 1
0.920077 1
1.71609 1
8.0269 1
4.30544 1
11.9165 1
11.1678 1
4.68985 1
4.39212 1
12.3267 1
2.01609 1
7.52668 1
6.15226 1
0.878757 1
2.91422 1
2.67043 1
13.0559 1
5.19361 1
13.9932 1
8.82777 1
2.53537 1
4.71777 1
2.76424 1
-0.883842 1
4.95345 1
4.6041 1
5.7678 1
11.616 1
3.06576 1
10.5698 1
3.35774 1
3.57931 1
-3.20442 1
-0.395206 1
10.7033 1
3.69343 1
5.93932 1
4.36211 1
-4.80046 1
3.25178 1
-0.146173 1
4.31339 1
3.52224 1
6.55369 1
5.77972 1
3.40248 1
4.98404 1
6.3873 1
9.45755 1
6.27269 1
7.0229 1
6.32493 1
3.28899 1
6.25646 1
3.7435 1
10.2218 1
5.8388 1
3.16168 1
11.7709 1
4.60181 1
8.16173 1
4.08479 1
7.98816 1
4.30123 1
5.33677 1
0.00407592 1
5.01544 1
6.71977 1
9.70221 1
0.78009 1
7.58017 1
-0.504357 1
7.52788 1
2.23104 1
4.9017 1
5.48147 1
4.01208 1
3.57963 1
3.15023 1
5.12676 1
4.33754 1
5.6952 1
1.40357 1
9.31752 1
0.581041 1
5.08102 1
0.825141 1
4.40652 1
5.40405 1
4.03719 1
7.45057 1
7.51799 1
4.27646 1
8.34782 1
1.64301 1
4.96591 1
6.7574 1
4.21774 1
6.07294 1
5.23391 1
13.4778 1
9.99384 1
5.22609 1
5.45504 1
4.76755 1
4.68257 1
4.25298 1
5.19868 1
2.80392 1
7.4332 1
3.44378 1
7.20176 1
-4.15153 1
2.11567 1
-4.3113 1
4.15715 1
-1.03675 1
-3.30469 1
8.90613 1
3.62898 1
14.2116 1
9.42988 1
6.2679 1
4.7118 1
3.67408 1
4.15548 1
11.4761 1
7.24931 1
5.61808 1
-1.68493 1
8.42229 1
6.00769 1
9.31772 1
6.99371 1
5.90776 1
5.26521 1
6.7315 1
5.49252 1
4.28607 1
7.65568 1
6.62033 1
3.57278 1
3.39558 1
-1.27647 1
1.9656 1
3.97753 1
4.23297 1
4.78826 1
8.74793 1
3.64089 1
6.03112 1
6.23389 1
6.0054 1
7.05532 1
3.88778 1
6.72274 1
2.33919 1
5.2328 1
-3.89767 1
-4.48632 1
4.50551 1
3.3729 1
-1.35762 1
7.50477 1
3.00458 1
1.67211 1
3.99524 1
6.09224 1
2.09418 1
7.21296 1
5.91004 1
0.806663 1
5.84483 1
2.9104 1
8.77377 1
-1.07619 1
5.27051 1
8.64904 1
3.50936 1
-3.43749 1
0.28732 1
2.09225 1
2.35186 1
6.46451 1
8.54412 1
6.0218 1
4.50113 1
4.77597 1
6.2039 1
1.76863 1
4.94805 1
10.2603 1
13.9363 1
3.7572 1
6.54055 1
3.0571 1
6.83029 1
5.19616 1
7.75121 1
10.6316 1
5.41644 1
-2.28961 1
6.04961 1
2.0872 1
-1.10313 1
5.10702 1
4.47842 1
3.68797 1
6.54671 1
5.72418 1
3.64977 1
-3.33274 1
3.96833 1
3.22859 1
8.57496 1
4.11245 1
-4.80604 1
0.775524 1
6.51646 1
1.85848 1
-1.98745 1
0.6238 1
2.55363 1
-0.0706408 1
6.07047 1
4.60075 1
6.64636 1
5.78987 1
14.6578 1
0.527699 1
9.20808 1
3.34209 1
-4.40541 1
4.99771 1
8.48979 1
8.8946 1
7.70919 1
6.82431 1
4.53373 1
5.03472 1
2.26656 1
7.96467 1
4.46956 1
6.32928 1
2.58537 1
1.18312 1
0.0141869 1
0.984674 1
5.84349 1
5.93408 1
6.86199 1
4.66876 1
6.52954 1
8.97864 1
7.3626 1
2.65329 1
3.48595 1
8.02883 1
6.26003 1
2.36051 1
5.94681 1
6.47275 1
6.80463 1
2.14274 1
4.388 1
4.95237 1
9.14491 1
6.53442 1
12.2549 1
2.0889 1
-0.350232 1
-0.845825 1
-0.695085 1
5.28866 1
7.42591 1
5.73213 1
-0.823112 1
4.63345 1
3.96412 1
6.58228 1
3.46815 1
5.10221 1
5.06631 1
5.40687 1
7.27733 1
3.51509 1
5.51507 1
3.31885 1
12.0392 1
6.28255 1
8.67572 1
7.2358 1
6.03939 1
6.25705 1
3.61638 1
2.00366 1
-1.9112 1
6.83795 1
1.01489 1
4.503 1
3.74517 1
10.8056 1
-2.66874 1
8.08274 1
11.4276 1
4.78828 1
4.88085 1
7.0611 1
5.52971 1
3.12418 1
4.31448 1
5.71424 1
9.80273 1
14.2329 1
1.54797 1
0.276723 1
6.14652 1
4.96057 1
-4.86543 1
10.3493 1
2.51584 1
3.17214 1
5.34195 1
8.82719 1
3.15208 1
1.13425 1
2.14337 1
11.9579 1
5.76419 1
3.87488 1
3.14375 1
5.87016 1
8.88716 1
5.48397 1
2.15686 1
7.444 1
0.655742 1
3.6828 1
-4.05144 1
8.6016 1
7.38167 1
5.5187 1
-1.28555 1
6.25346 1
3.80204 1
13.4238 1
2.16239 1
2.7825 1
4.6277 1
-0.496312 1
11.988 1
7.6804 1
5.44209 1
7.90133 1
14.4813 1
-1.64597 1
2.71547 1
10.2831 1
13.788 1
6.84441 1
12.3906 1
-0.012781 1
3.23782 1
10.7933 1
4.01231 1
6.90476 1
8.14536 1
7.31874 1
8.22517 1
1.31145 1
5.89456 1
7.17325 1
7.2975 1
7.2235 1
0.928243 1
6.14001 1
6.32798 1
6.82147 1
-4.35659 1
5.86412 1
3.73298 1
4.50503 1
9.0293 1
6.01676 1
3.23895 1
2.43457 1
-2.62405 1
6.49209 1
5.0377 1
12.9183 1
6.80617 1
4.91091 1
1.73235 1
2.89583 1
6.5716 1
0.288166 1
5.4177 1
6.36527 1
2.42841 1
6.66165 1
5.71221 1
-1.55691 1
7.21587 1
8.48856 1
3.01131 1
5.74958 1
10.7667 1
2.00775 1
6.01408 1
-0.646235 1
7.11182 1
3.25448 1
9.27088 1
0.309139 1
6.95333 1
6.63338 1
9.90111 1
4.86972 1
5.87154 1
3.93009 1
6.36832 1
9.12484 1
5.47981 1
1.82725 1
6.47578 1
4.32452 1
3.74345 1
0.633296 1
4.79043 1
3.12461 1
1.14531 1
5.60756 1
-4.03438 1
7.64743 1
4.73823 1
5.59396 1
7.75464 1
1.64455 1
4.24926 1
4.08478 1
6.33071 1
-0.176716 1
8.43915 1
7.65882 1
2.51483 1
5.11653 1
5.30082 1
1.1763 1
9.17016 1
4.04771 1
1.05391 1
-1.66548 1
7.8035 1
6.36114 1
2.25153 1
8.1933 1
4.46814 1
3.40194 1
10.4129 1
5.97602 1
7.52079 1
9.88167 1
1.9141 1
5.7721 1
5.89319 1
6.43322 1
3.73063 1
5.07385 1
8.25225 1
7.37182 1
5.21934 1
-0.0428611 1
4.43285 1
8.52719 1
4.21526 1
5.22628 1
7.93632 1
6.49476 1
3.74795 1
5.06782 1
6.83323 1
0.727512 1
4.6706 1
5.08263 1
6.06219 1
4.68038 1
6.05167 1
6.74816 1
4.32612 1
3.72361 1
5.54131 1
3.45753 1
0.814324 1
5.72053 1
4.34954 1
0.4278 1
5.10583 1
6.61927 1
6.45314 1
5.05408 1
-0.466356 1
13.804 1
5.16365 1
1.47693 1
12.2535 1
7.11272 1
-3.35013 1
0.469739 1
10.8713 1
5.08293 1
12.8878 1
4.22816 1
1.37914 1
11.6239 1
6.46737 1
8.54896 1
5.54913 1
5.79915 1
5.60218 1
4.68109 1
2.98614 1
5.8552 1
11.3508 1
6.95207 1
9.5146 1
-3.20155 1
5.43882 1
6.94427 1
7.32125 1
6.99868 1
1.94493 1
6.66012 1
7.06281 1
5.79556 1
1.07736 1
10.0926 1
5.21809 1
3.79456 1
11.6756 1
8.84206 1
-2.84253 1
8.70015 1
3.63347 1
4.62313 1
7.76248 1
2.5066 1
1.32855 1
3.79139 1
10.5697 1
5.88325 1
1.96057 1
3.51741 1
6.57623 1
5.40536 1
6.76813 1
11.169 1
7.16929 1
6.35991 1
1.0102 1
5.72461 1
5.54293 1
10.3025 1
1.63752 1
4.17907 1
6.47865 1
5.60847 1
4.42659 1
8.522 1
7.69633 1
5.53719 1
4.73008 1
9.82087 1
12.2666 1
6.72914 1
4.22022 1
-2.41037 1
4.28118 1
6.22856 1
3.83536 1
7.43773 1
3.29258 1
8.34629 1
5.40347 1
0.582632 1
1.27346 1
3.22992 1
6.88399 1
8.15327 1
12.8133 1
6.05813 1
6.7298 1
0.488032 1
1.52977 1
9.33563 1
5.38247 1
9.07542 1
9.17694 1
10.7159 1
3.82749 1
9.88851 1
7.70444 1
7.28373 1
4.64374 1
5.52865 1
5.55661 1
13.7578 1
6.41616 1
7.0525 1
-0.233774 1
0.894978 1
4.4836 1
-1.75109 1
2.45986 1
6.6325 1
6.83692 1
9.78826 1
2.51554 1
4.71213 1
10.8936 1
0.78709 1
3.13559 1
2.10229 1
4.00021 1
7.69458 1
2.99003 1
9.6602 1
-3.70835 1
8.62612 1
4.8022 1
7.72759 1
1.71931 1
8.00452 1
5.60275 1
11.6655 1
7.51354 1
2.44116 1
3.36178 1
7.4593 1
11.7001 1
1.8753 1
0.173623 1
1.50218 1
5.83813 1
5.19368 1
8.42968 1
2.02303 1
11.2916 1
2.73703 1
4.31303 1
2.62586 1
11.1104 1
4.52786 1
6.70663 1
11.1292 1
5.86888 1
3.55916 1
9.9248 1
3.85677 1
6.24262 1
6.75684 1
3.87974 1
3.1245 1
7.50013 1
8.7155 1
3.4001 1
13.7647 1
3.08903 1
8.62235 1
7.87385 1
7.01258 1
5.02876 1
2.83104 1
1.6298 1
11.1514 1
5.36682 1
4.94411 1
-0.0356055 1
7.18382 1
3.48885 1
6.05564 1
-2.21148 1
1.35003 1
6.25077 1
6.74578 1
3.22765 1
13.485 1
6.90537 1
6.89439 1
4.76541 1
4.25839 1
6.5041 1
7.34611 1
6.72847 1
7.13242 1
4.99995 1
3.50237 1
7.61649 1
3.26065 1
0.945697 1
9.04083 1
6.67752 1
5.99179 1
3.54716 1
5.8883 1
8.20327 1
8.35946 1
6.51756 1
6.82516 1
11.0203 1
5.44943 1
2.32982 1
7.63046 1
4.44279 1
7.92298 1
0.622486 1
4.07611 1
7.78624 1
-1.78619 1
11.5256 1
-2.19145 1
5.10153 1
9.41053 1
0.654204 1
5.95435 1
12.7913 1
4.00042 1
5.85326 1
4.67649 1
5.70574 1
5.11107 1
5.43598 1
9.77006 1
12.9631 1
10.5244 1
0.250007 1
6.7777 1
12.0748 1
4.00543 1
7.56352 1
3.42128 1
3.23376 1
4.61404 1
2.56447 1
5.08732 1
6.77459 1
8.29131 1
5.12904 1
6.38779 1
-3.26814 1
5.46934 1
4.29991 1
14.1077 1
0.359863 1
8.93003 1
5.83888 1
5.11573 1
6.1897 1
6.9792 1
5.82398 1
4.91191 1
5.56124 1
6.52063 1
3.97008 1
1.71092 1
5.95955 1
3.69827 1
5.02359 1
6.71705 1
4.24432 1
7.9824 1
12.2737 1
7.9287 1
0.580385 1
1.81063 1
4.11974 1
3.0267 1
5.79093 1
-2.8988 1
-2.118 1
2.87841 1
2.88032 1
7.81094 1
4.66541 1
7.39032 1
1.38562 1
13.6734 1
5.18198 1
-2.20736 1
6.92249 1
9.52303 1
2.87382 1
6.17456 1
6.99746 1
3.4545 1
2.10797 1
6.56739 1
7.52334 1
-3.50847 1
10.807 1
5.59743 1
5.37797 1
6.51771 1
2.33844 1
-4.31744 1
4.6414 1
5.54289 1
14.7306 1
10.0048 1
5.22664 1
5.18609 1
3.85697 1
5.63379 1
5.17245 1
6.28912 1
-1.51448 1
5.63941 1
4.32741 1
5.12914 1
6.29214 1
6.30197 1
12.6505 1
3.9928 1
6.62203 1
2.51656 1
4.19853 1
5.61275 1
6.97235 1
7.08578 1
6.95319 1
7.35591 1
5.33426 1
5.90747 1
5.6941 1
-4.03345 1
8.72968 1
-4.58142 1
5.35657 1
6.13881 1
4.73007 1
2.69236 1
5.33094 1
2.0086 1
7.60048 1
9.58317 1
9.21453 1
4.66282 1
5.07782 1
9.48182 1
-4.03314 1
14.2081 1
5.14321 1
5.47749 1
7.29406 1
3.75648 1
7.00302 1
6.85046 1
6.92514 1
7.97804 1
6.36268 1
7.59299 1
-0.908003 1
3.48229 1
4.90624 1
6.66889 1
5.15623 1
13.7093 1
8.90437 1
-1.6585 1
2.40323 1
10.4253 1
3.20868 1
5.1055 1
8.28246 1
3.03551 1
6.77221 1
1.80378 1
-4.20266 1
7.24723 1
6.05498 1
4.03267 1
6.05931 1
4.62907 1
8.07825 1
0.620166 1
7.25584 1
5.53571 1
3.17614 1
1.71296 1
4.95184 1
3.30901 1
9.45621 1
-2.85242 1
4.28639 1
4.37264 1
4.186 1
9.34582 1
10.868 1
3.47947 1
5.46744 1
6.12437 1
5.84763 1
13.5858 1
8.72237 1
6.22307 1
-0.227301 1
3.90312 1
5.42499 1
6.09657 1
7.48592 1
6.30687 1
6.44139 1
8.24851 1
-1.8945 1
5.74632 1
4.5594 1
6.64482 1
-0.00676757 1
9.55926 1
6.31496 1
10.3684 1
3.36633 1
0.200559 1
10.7296 1
0.797123 1
6.97239 1
9.88749 1
5.86184 1
11.1206 1
5.16573 1
7.76035 1
7.09812 1
4.85576 1
4.88963 1
3.30351 1
0.929782 1
4.66901 1
7.59726 1
2.69147 1
6.19411 1
3.88814 1
4.24687 1
12.113 1
2.77872 1
5.52067 1
6.70354 1
6.5593 1
-0.262261 1
7.44022 1
11.6867 1
3.35585 1
4.3889 1
2.69327 1
7.32568 1
6.42482 1
3.79 1
1.55701 1
7.87602 1
10.2334 1
-0.696369 1
-3.45483 1
7.22386 1
5.06744 1
-0.73583 1
3.15499 1
3.06916 1
8.32469 1
6.25264 1
-3.91352 1
5.23859 1
0.261901 1
6.81362 1
4.01525 1
7.53418 1
5.80796 1
4.02159 1
-3.17438 1
6.97773 1
5.33142 1
3.91759 1
4.71889 1
4.74711 1
2.39082 1
4.11301 1
8.42384 1
5.07727 1
4.56662 1
6.19513 1
7.51797 1
5.85656 1
0.302068 1
6.74686 1
12.5954 1
5.50711 1
8.31713 1
2.46975 1
4.19459 1
8.48126 1
0.696243 1
4.59811 1
5.10654 1
3.50379 1
4.69727 1
6.56963 1
4.4029 1
4.92872 1
8.03648 1
1.86818 1
3.61583 1
3.26886 1
5.287 1
2.74204 1
-4.11163 1
3.3838 1
11.9242 1
9.16316 1
7.70138 1
2.9734 1
6.07045 1
5.17243 1
6.87195 1
5.41831 1
4.79609 1
1.33133 1
1.88431 1
3.04348 1
3.77686 1
2.4523 1
4.96565 1
3.43245 1
6.84912 1
-1.42189 1
4.37962 1
2.43506 1
12.103 1
7.97222 1
5.69351 1
-1.80678 1
14.3438 1
3.29764 1
4.71823 1
0.44044 1
2.17194 1
8.7007 1
2.04982 1
7.30839 1
5.73161 1
5.73906 1
1.55426 1
4.25642 1
3.07782 1
9.62043 1
4.20161 1
4.64309 1
12.7579 1
3.3871 1
5.70137 1
13.7492 1
5.29059 1
4.91793 1
11.0408 1
12.6812 1
8.74377 1
5.85869 1
-4.78832 1
5.67532 1
1.11052 1
5.10264 1
4.59234 1
3.40167 1
1.28504 1
7.16083 1
3.21983 1
9.58192 1
4.92549 1
8.18127 1
5.31515 1
6.08786 1
4.81738 1
-0.198346 1
10.6487 1
2.73789 1
3.95599 1
0.41208 1
2.8682 1
6.04495 1
1.37944 1
3.82816 1
1.97697 1
9.07437 1
-3.11424 1
2.29956 1
3.4452 1
8.00056 1
2.28537 1
6.00218 1
5.21444 1
6.90098 1
4.3727 1
-1.69923 1
8.2307 1
6.34131 1
3.59739 1
11.7712 1
3.14147 1
-3.8322 1
10.8554 1
6.68043 1
9.66486 1
8.0628 1
10.9815 1
9.16765 1
8.10497 1
3.74688 1
5.78693 1
6.25355 1
6.85508 1
5.43649 1
11.8121 1
13.7978 1
0.421081 1
10.2039 1
1.58594 1
0.627538 1
3.18924 1
-4.04835 1
1.61855 1
5.76859 1
6.15443 1
5.92235 1
9.03097 1
6.73614 1
5.00706 1
5.88546 1
9.72442 1
3.80869 1
5.42735 1
3.69032 1
2.57663 1
7.3937 1
5.01049 1
6.7224 1
4.99956 1
2.40944 1
9.07819 1
5.27211 1
1.71106 1
8.33417 1
4.86199 1
6.0495 1
-0.105813 1
4.42056 1
2.03905 1
5.17035 1
8.10341 1
6.90404 1
2.77774 1
1.14216 1
11.2074 1
9.08241 1
6.45687 1
3.85116 1
6.67913 1
6.61094 1
5.05749 1
5.51329 1
1.36108 1
3.8667 1
2.8293 1
3.31163 1
-0.788266 1
4.20652 1
7.02388 1
8.13598 1
3.60507 1
3.78294 1
3.07497 1
1.03131 1
3.02182 1
5.68938 1
4.46611 1
7.61483 1
9.06396 1
2.81456 1
4.15447 1
12.6038 1
5.62635 1
5.79916 1
-1.93659 1
6.22063 1
7.07821 1
5.33776 1
2.50867 1
6.31265 1
7.12786 1
4.89575 1
-1.90391 1
1.4813 1
5.23022 1
4.9764 1
4.72935 1
-3.54756 1
3.45275 1
4.03662 1
-3.58041 1
3.4654 1
2.55137 1
13.1327 1
6.53974 1
1.50745 1
2.70538 1
6.46008 1
0.903626 1
9.5439 1
3.0871 1
-1.55337 1
3.92476 1
9.52423 1
13.0832 1
3.47808 1
4.10755 1
6.16519 1
4.38384 1
8.97298 1
3.52795 1
6.42589 1
2.35694 1
5.18468 1
3.80619 1
8.96205 1
6.42682 1
4.76104 1
6.46707 1
13.3925 1
3.46477 1
13.5733 1
-0.0326136 1
3.97907 1
4.53454 1
5.49937 1
-0.142149 1
6.15566 1
5.99161 1
2.80995 1
8.21094 1
3.61533 1
9.13708 1
-1.96191 1
-3.45838 1
12.2885 1
2.9386 1
3.22421 1
13.359 1
5.55461 1
13.6667 1
6.26768 1
-1.93748 1
9.88698 1
-3.30905 1
8.4763 1
-0.499035 1
2.59841 1
2.54768 1
5.19266 1
3.67376 1
9.48454 1
8.48057 1
11.282 1
6.35186 1
0.829636 1
3.88027 1
2.73446 1
3.99336 1
4.1838 1
6.84509 1
4.01283 1
5.48779 1
2.85566 1
6.36687 1
2.20235 1
9.79133 1
3.69732 1
5.9676 1
0.515257 1
6.43615 1
5.10368 1
5.35273 1
1.17943 1
12.5138 1
-1.2635 1
5.14365 1
6.74238 1
7.60829 1
3.08738 1
1.2456 1
5.20971 1
4.68954 1
6.40999 1
-1.3126 1
-4.47122 1
0.758085 1
10.1577 1
-0.595462 1
6.23118 1
6.65011 1
8.24164 1
12.5161 1
6.22871 1
-0.861973 1
1.40053 1
1.11836 1
3.22755 1
4.19882 1
2.08472 1
4.99062 1
-1.16766 1
7.21557 1
6.56157 1
7.47903 1
3.57146 1
6.40588 1
6.34964 1
2.48163 1
5.73288 1
9.65429 1
3.46275 1
4.81219 1
-3.95416 1
1.09399 1
3.32293 1
13.0819 1
7.81532 1
8.10525 1
4.20285 1
6.40553 1
5.95394 1
5.50571 1
6.68673 1
4.02854 1
3.38055 1
5.77805 1
3.862 1
3.42901 1
4.52583 1
4.6015 1
7.18389 1
8.47423 1
5.5273 1
6.69723 1
5.63924 1
6.33923 1
2.22716 1
10.361 1
0.382474 1
-0.163624 1
1.65696 1
5.21873 1
6.30369 1
9.05072 1
2.02399 1
-0.0788234 1
-1.22156 1
6.83384 1
8.62318 1
6.21383 1
6.27837 1
7.07284 1
3.24696 1
9.59306 1
1.15494 1
-2.14389 1
2.06123 1
6.67961 1
3.69902 1
7.96252 1
3.16515 1
3.41159 1
3.8561 1
6.9347 1
5.25239 1
4.54501 1
1.00788 1
6.38894 1
4.24094 1
-0.0848296 1
3.6378 1
4.01252 1
0.828917 1
4.9519 1
7.38758 1
4.09299 1
5.59639 1
-2.15416 1
7.02767 1
1.84009 1
12.7166 1
4.37289 1
5.45757 1
6.41164 1
5.31048 1
-1.44527 1
7.66007 1
5.11888 1
3.48193 1
2.63137 1
8.16297 1
5.84879 1
13.4258 1
5.62642 1
5.84874 1
5.42509 1
2.11831 1
4.39356 1
1.12042 1
3.62692 1
3.12401 1
1.75412 1
10.1596 1
2.00019 1
1.33825 1
7.65877 1
3.54445 1
3.23654 1
5.41863 1
7.58998 1
7.29749 1
-0.394242 1
2.48379 1
6.52738 1
-2.74251 1
6.33481 1
3.72419 1
4.99589 1
1.28182 1
0.497399 1
6.32843 1
6.6895 1
12.9021 1
6.43667 1
0.434715 1
10.7149 1
4.08288 1
8.89416 1
7.52086 1
-3.81542 1
-0.182181 1
10.0643 1
1.30311 1
6.2586 1
6.14431 1
4.60754 1
2.37949 1
11.9611 1
0.680174 1
8.88516 1
7.55536 1
5.70729 1
6.21831 1
6.24372 1
5.39198 1
9.11813 1
7.92983 1
-2.14031 1
7.93164 1
5.70317 1
5.60834 1
8.42833 1
5.43653 1
6.53646 1
6.61053 1
8.38186 1
4.61998 1
11.8679 1
4.84514 1
5.41581 1
8.33482 1
5.12743 1
6.86284 1
2.39234 1
5.83669 1
6.5923 1
5.64515 1
7.78724 1
3.55501 1
4.29698 1
7.05467 1
6.79586 1
-2.9316 1
2.46618 1
7.12531 1
6.28586 1
10.1939 1
-0.336395 1
6.01682 1
-0.0936678 1
5.4185 1
12.24 1
5.83001 1
2.47905 1
7.01063 1
4.12471 1
4.51372 1
7.11415 1
6.41911 1
6.52457 1
3.72 1
8.73912 1
-4.54734 1
2.03919 1
5.1064 1
-0.319636 1
5.55759 1
1.58954 1
3.6985 1
8.34499 1
3.86471 1
4.80295 1
0.91597 1
4.9189 1
2.75096 1
4.06375 1
7.92134 1
2.39493 1
8.45029 1
7.99124 1
0.513212 1
1.80894 1
4.95641 1
3.01251 1
11.0184 1
-3.05298 1
2.70824 1
5.03886 1
6.84739 1
-0.704885 1
0.289427 1
8.37338 1
2.19803 1
7.157 1
4.73975 1
6.71739 1
10.263 1
9.97763 1
3.72122 1
4.5086 1
5.16207 1
2.34903 1
8.01566 1
9.16297 1
4.76911 1
5.07833 1
4.11232 1
2.9313 1
12.841 1
5.5974 1
0.717398 1
12.1043 1
5.49488 1
6.07668 1
3.68787 1
7.8116 1
6.29645 1
3.85367 1
6.18651 1
4.07462 1
0.78431 1
4.40033 1
4.99232 1
5.09386 1
6.53623 1
4.23296 1
1.15854 1
10.0852 1
1.55956 1
3.21073 1
3.77032 1
2.61508 1
0.0893129 1
3.97146 1
1.79474 1
10.0219 1
8.17689 1
6.53632 1
7.42859 1
8.76143 1
6.70993 1
6.88528 1
5.93389 1
6.07654 1
-0.206884 1
4.95144 1
-0.396437 1
4.2436 1
4.37205 1
7.65434 1
8.53358 1
1.92769 1
4.51442 1
3.16659 1
5.90325 1
-1.70191 1
-0.182646 1
5.40736 1
3.40966 1
5.94796 1
10.1961 1
-4.47517 1
6.45876 1
1.00788 1
7.26404 1
7.59523 1
5.88611 1
2.29997 1
3.2335 1
5.15681 1
7.16403 1
2.39221 1
-2.90657 1
14.6068 1
8.23673 1
7.08338 1
9.93747 1
6.22021 1
8.38718 1
2.75582 1
4.34502 1
2.93343 1
3.24668 1
6.04787 1
0.00627086 1
8.41545 1
11.813 1
14.1268 1
9.76587 1
3.87179 1
7.27739 1
7.32202 1
-4.49854 1
5.04489 1
0.262841 1
10.6759 1
5.00125 1
-0.886995 1
5.84726 1
0.241567 1
6.39588 1
7.69706 1
5.7995 1
6.95742 1
5.12549 1
4.75046 1
4.93517 1
-1.68374 1
4.10586 1
4.09758 1
0.293542 1
4.23821 1
7.86997 1
6.72878 1
5.17699 1
5.49338 1
5.08277 1
5.37226 1
5.07882 1
4.1862 1
5.96205 1
7.70182 1
6.26736 1
4.08519 1
6.71652 1
4.43404 1
6.67599 1
4.2363 1
5.67102 1
0.964895 1
0.508687 1
4.33892 1
11.6638 1
8.53598 1
1.96774 1
7.30496 1
-3.07664 1
3.62515 1
5.44508 1
3.2029 1
6.82065 1
5.89596 1
3.59213 1
5.18614 1
6.80689 1
5.82887 1
4.68094 1
13.4155 1
7.51312 1
6.53784 1
3.86751 1
5.36795 1
5.79112 1
2.32984 1
11.9127 1
4.62543 1
7.70469 1
6.08866 1
0.696978 1
5.94817 1
-3.73516 1
7.2537 1
2.7505 1
6.85635 1
0.536985 1
8.45766 1
8.44971 1
3.13258 1
1.61561 1
6.31232 1
2.14905 1
0.669038 1
-0.809559 1
-1.18554 1
3.77766 1
2.94474 1
4.71209 1
4.51897 1
10.9339 1
4.91823 1
5.26754 1
5.88381 1
5.48207 1
2.48706 1
8.69327 1
3.01051 1
5.39363 1
4.51006 1
3.64294 1
4.40407 1
7.88088 1
5.34409 1
1.28163 1
7.85402 1
6.99933 1
12.9585 1
5.25593 1
3.2791 1
3.5826 1
8.83082 1
8.52299 1
11.5102 1
2.63171 1
-0.703828 1
8.81918 1
4.84575 1
5.58237 1
12.0549 1
-2.45958 1
-0.769808 1
5.78737 1
5.88431 1
7.10839 1
3.40422 1
8.88013 1
2.51269 1
1.65758 1
5.75397 1
10.1725 1
8.16061 1
5.10564 1
5.27275 1
-1.48979 1
5.12912 1
13.8967 1
10.2548 1
0.338383 1
8.43125 1
-0.0987053 1
7.63755 1
-3.85441 1
2.47821 1
0.882554 1
13.3914 1
3.0729 1
11.922 1
3.02861 1
3.58904 1
11.2721 1
6.071 1
5.02608 1
3.10788 1
5.96187 1
5.46326 1
2.44708 1
6.9398 1
3.18881 1
0.93991 1
4.96821 1
9.34495 1
4.51886 1
3.79467 1
-1.04411 1
3.15062 1
13.2308 1
1.96605 1
6.13811 1
11.2885 1
3.71195 1
3.76289 1
3.85148 1
4.29179 1
0.567386 1
10.7459 1
5.84856 1
2.94008 1
2.36084 1
6.28572 1
6.51844 1
3.94074 1
10.0278 1
3.86621 1
2.00573 1
6.33063 1
0.846095 1
7.19025 1
7.74942 1
6.04496 1
8.43236 1
13.3055 1
7.14015 1
9.74983 1
9.98692 1
4.01895 1
7.74246 1
14.403 1
9.99947 1
1.18716 1
4.4394 1
11.6537 1
6.12899 1
5.58352 1
4.14061 1
-1.71307 1
6.20182 1
6.98136 1
5.59675 1
4.3211 1
0.217592 1
3.62203 1
3.54338 1
2.95416 1
5.69116 1
4.03005 1
6.61243 1
6.33057 1
14.3703 1
4.55188 1
11.9748 1
1.84048 1
4.79416 1
4.12752 1
1.60727 1
5.42198 1
5.09962 1
2.268 1
6.14898 1
5.49673 1
-4.07982 1
0.529318 1
6.57319 1
8.14696 1
1.21043 1
5.88597 1
-1.31086 1
5.79435 1
3.23873 1
12.6761 1
3.01622 1
3.73535 1
3.5322 1
5.4799 1
3.60872 1
1.02487 1
-1.27897 1
6.80828 1
6.43892 1
5.57754 1
2.76648 1
6.43509 1
0.610061 1
5.38199 1
4.9922 1
3.33479 1
1.22814 1
0.0230669 1
7.03838 1
7.59012 1
2.06838 1
7.96435 1
9.55928 1
8.64468 1
2.2406 1
1.69101 1
2.64136 1
5.93343 1
9.56785 1
5.00141 1
7.23846 1
6.36356 1
3.21333 1
8.73523 1
4.43436 1
9.66245 1
4.60909 1
2.78001 1
2.99153 1
8.63722 1
2.27665 1
3.33197 1
0.662412 1
3.87557 1
0.73041 1
9.76376 1
4.00461 1
11.9089 1
4.36827 1
0.42887 1
1.45222 1
1.91662 1
6.88422 1
5.50881 1
0.330307 1
3.60463 1
4.88804 1
4.96218 1
7.86197 1
7.43373 1
-0.829652 1
9.85804 1
12.3169 1
5.15057 1
5.73228 1
5.39832 1
8.6613 1
2.29099 1
4.55357 1
-0.181837 1
7.28898 1
8.45217 1
2.00457 1
7.29334 1
4.33875 1
4.50914 1
1.29922 1
13.6171 1
6.46971 1
4.30473 1
3.35733 1
3.02467 1
14.0658 1
7.49258 1
2.05095 1
2.24483 1
7.16458 1
0.790004 1
6.1525 1
9.19833 1
5.21251 1
0.146242 1
2.69644 1
8.63053 1
7.56881 1
13.1903 1
6.09711 1
6.69766 1
-1.81912 1
4.17782 1
7.09814 1
4.55303 1
5.321 1
4.54122 1
9.95797 1
2.82076 1
7.92013 1
8.97352 1
7.08434 1
-2.52938 1
5.20437 1
5.44602 1
7.47766 1
4.74951 1
6.78739 1
6.04412 1
1.7933 1
1.90975 1
4.4246 1
10.0342 1
7.40103 1
4.06929 1
3.90325 1
12.9795 1
10.0155 1
9.81018 1
5.8816 1
3.43427 1
6.7711 1
-4.17909 1
6.25512 1
4.54398 1
5.16599 1
6.30782 1
5.17929 1
-0.602578 1
-0.935415 1
8.56916 1
7.50652 1
-3.36764 1
2.87399 1
7.57066 1
10.7183 1
1.65607 1
-3.68069 1
4.36573 1
2.26468 1
10.9871 1
6.50774 1
4.01013 1
10.1754 1
6.33036 1
6.78991 1
1.75219 1
13.1137 1
13.9326 1
4.92344 1
8.73896 1
5.04474 1
1.07115 1
5.84956 1
7.16687 1
2.70994 1
6.99788 1
2.02866 1
5.57889 1
7.94978 1
5.57277 1
8.46828 1
5.2802 1
8.0045 1
10.9997 1
5.44624 1
4.00037 1
4.4955 1
3.61469 1
4.70196 1
5.13499 1
0.446284 1
5.90874 1
2.7134 1
0.623718 1
0.651182 1
14.824 1
5.42641 1
11.3887 1
8.47464 1
9.16118 1
4.45437 1
8.79107 1
0.0199065 1
13.8784 1
4.76116 1
4.0508 1
-2.50022 1
2.1762 1
2.36847 1
6.81714 1
2.55033 1
6.89795 1
1.93678 1
0.472795 1
5.66597 1
2.71484 1
-3.50774 1
4.79231 1
3.42326 1
7.79319 1
1.72996 1
5.82255 1
-1.50238 1
0.649721 1
4.96846 1
6.81838 1
4.53285 1
5.0453 1
10.2995 1
5.18788 1
3.74618 1
6.0063 1
6.91301 1
3.86554 1
1.07759 1
-4.48198 1
4.53995 1
1.4492 1
7.33254 1
6.18037 1
7.34003 1
0.498172 1
6.00965 1
5.65858 1
12.6276 1
4.11698 1
2.89472 1
2.18637 1
2.44384 1
6.08491 1
5.12998 1
1.22553 1
6.33052 1
9.01875 1
7.75081 1
5.6656 1
13.0894 1
3.13959 1
10.0006 1
2.14261 1
6.28759 1
2.92403 1
0.996201 1
5.33682 1
9.90586 1
4.27929 1
6.59977 1
3.31385 1
3.51908 1
5.9112 1
-0.574792 1
7.67371 1
4.10346 1
9.93129 1
4.92545 1
4.11828 1
8.47285 1
4.22776 1
3.95019 1
5.349 1
5.30186 1
8.54797 1
5.52371 1
4.00135 1
4.65134 1
5.14702 1
5.74609 1
-4.79803 1
5.11863 1
4.25581 1
-0.0403435 1
6.94294 1
6.58433 1
14.5332 1
13.1624 1
5.18117 1
0.143317 1
6.1124 1
11.3317 1
7.57815 1
3.22178 1
7.6483 1
4.47084 1
1.21649 1
6.49118 1
5.07965 1
5.11781 1
6.5536 1
5.23956 1
2.53944 1
5.39704 1
6.26188 1
1.07991 1
3.80165 1
7.87999 1
5.69386 1
4.31678 1
6.1339 1
1.46394 1
8.7492 1
5.18324 1
-4.42232 1
5.50458 1
6.44811 1
0.0327371 1
9.42272 1
2.69193 1
0.0766868 1
8.06061 1
8.1843 1
0.642485 1
5.62044 1
3.83031 1
-1.5257 1
7.1164 1
6.4054 1
5.06684 1
-1.96122 1
-2.57883 1
8.46752 1
6.11578 1
5.98173 1
5.16543 1
6.09993 1
3.44624 1
3.03768 1
3.53675 1
3.37716 1
2.96388 1
9.76153 1
-0.657975 1
3.10112 1
7.17715 1
5.16519 1
-4.76978 1
5.03509 1
4.63538 1
6.68652 1
6.36455 1
6.04684 1
4.46134 1
4.0949 1
5.75746 1
4.93617 1
-1.48573 1
0.495857 1
4.90575 1
4.09205 1
5.06974 1
3.0853 1
3.30777 1
0.799964 1
-2.56591 1
7.08209 1
6.7093 1
-0.223575 1
2.66057 1
10.5889 1
4.93228 1
6.29385 1
2.16565 1
3.28405 1
3.72784 1
6.55909 1
3.26432 1
-0.512551 1
13.2258 1
1.30624 1
6.47958 1
2.64844 1
4.38574 1
6.99552 1
5.28997 1
5.72578 1
10.7168 1
3.48783 1
11.0001 1
9.45064 1
1.33013 1
5.52174 1
3.98967 1
2.21752 1
5.00382 1
5.60822 1
3.67802 1
5.21512 1
6.46685 1
6.54601 1
-4.38352 1
5.722 1
8.24483 1
2.47256 1
6.28613 1
4.43404 1
6.41798 1
4.81062 1
5.38062 1
5.20617 1
4.66762 1
9.93417 1
2.89842 1
-2.39757 1
8.02609 1
5.31244 1
9.64942 1
4.35479 1
8.53007 1
2.72798 1
5.29199 1
3.33878 1
10.8216 1
11.7382 1
8.12382 1
7.01836 1
6.69697 1
-2.43948 1
6.944 1
5.16898 1
3.10697 1
6.48334 1
9.10108 1
4.07143 1
7.90781 1
5.60142 1
9.3287 1
8.17951 1
6.2536 1
7.09854 1
12.4516 1
3.06271 1
5.48427 1
7.27604 1
3.45961 1
5.49345 1
1.86014 1
11.2112 1
-3.45218 1
5.12517 1
5.25689 1
5.27364 1
0.313218 1
3.38726 1
9.94174 1
3.64518 1
4.6968 1
6.93606 1
8.45296 1
6.07395 1
7.3049 1
6.07481 1
7.71788 1
5.07538 1
7.09927 1
3.83377 1
5.74818 1
7.19721 1
-0.439314 1
2.22234 1
-0.513866 1
-4.19134 1
0.854585 1
-0.10257 1
1.16449 1
7.49058 1
4.8672 1
5.32093 1
0.681793 1
6.4472 1
12.3186 1
2.47264 1
4.8215 1
8.70252 1
5.78556 1
-0.879035 1
-4.21456 1
6.38729 1
4.36654 1
3.64077 1
-1.70919 1
-1.82709 1
2.05278 1
-2.73857 1
8.25778 1
6.82291 1
0.681412 1
3.14511 1
5.79315 1
5.30904 1
10.727 1
1.77793 1
5.66146 1
7.60793 1
3.99873 1
1.70502 1
6.25695 1
7.06309 1
4.6311 1
9.15766 1
9.8855 1
7.74259 1
8.9018 1
-4.52037 1
8.35405 1
1.6942 1
4.04012 1
9.51085 1
2.36776 1
-1.43568 1
9.64516 1
6.57797 1
5.87476 1
1.12749 1
6.88225 1
9.71755 1
2.43924 1
12.4299 1
8.17655 1
7.45506 1
4.91445 1
5.84918 1
3.9738 1
3.99813 1
3.01098 1
5.50793 1
2.02213 1
4.0443 1
13.1511 1
5.05808 1
6.13122 1
12.4363 1
4.61909 1
9.86683 1
4.97958 1
12.1574 1
6.97276 1
6.08195 1
8.27636 1
7.54717 1
0.506839 1
6.6992 1
6.20144 1
5.39174 1
4.26961 1
6.84732 1
7.0449 1
5.48614 1
7.53615 1
5.38011 1
5.22881 1
3.96191 1
7.62121 1
7.26543 1
5.4852 1
11.8473 1
7.65647 1
3.68914 1
6.27633 1
3.95529 1
4.97233 1
2.7957 1
5.71603 1
2.41127 1
4.45118 1
4.43509 1
10.7459 1
2.31228 1
9.88703 1
6.4432 1
2.38657 1
4.36507 1
4.6462 1
-0.330669 1
4.96714 1
2.82692 1
4.72154 1
7.18832 1
5.10048 1
5.42489 1
1.88956 1
4.68742 1
1.08877 1
1.41867 1
5.78037 1
3.21199 1
6.15112 1
6.88709 1
6.71212 1
6.1684 1
4.72606 1
3.83584 1
5.20847 1
7.10138 1
5.69246 1
3.62695 1
5.56046 1
3.51019 1
4.89186 1
6.47772 1
7.64947 1
8.65365 1
2.87169 1
2.93411 1
1.46505 1
5.947 1
4.25015 1
0.495949 1
6.91504 1
0.168643 1
8.23823 1
4.20317 1
7.66456 1
2.49474 1
3.76533 1
5.0792 1
3.74236 1
-2.37082 1
6.41783 1
5.67051 1
4.11118 1
6.10882 1
14.0888 1
1.74802 1
8.01344 1
13.8397 1
0.390189 1
1.12421 1
2.84903 1
2.02842 1
5.10088 1
4.00319 1
0.173902 1
1.61197 1
2.16902 1
7.70812 1
4.86805 1
6.48008 1
3.32902 1
3.56356 1
8.04738 1
2.09833 1
7.22877 1
6.01097 1
11.8491 1
0.0934843 1
6.71676 1
6.77574 1
8.09116 1
5.14534 1
11.8639 1
3.73559 1
2.53557 1
0.0361599 1
4.30337 1
11.5007 1
6.77071 1
5.7501 1
13.6602 1
4.63503 1
7.25958 1
9.42518 1
6.03443 1
6.66497 1
2.81963 1
5.89277 1
4.31628 1
5.93096 1
8.4937 1
-2.52067 1
8.35055 1
2.78744 1
10.7398 1
1.37617 1
6.7398 1
4.38284 1
6.2354 1
9.6478 1
-2.16461 1
5.98351 1
-2.58396 1
10.8543 1
5.19838 1
-4.85299 1
8.73363 1
5.07306 1
4.54458 1
5.13198 1
5.25571 1
14.1133 1
4.34743 1
11.1349 1
3.87581 1
14.6208 1
8.90933 1
8.32639 1
3.59777 1
5.80829 1
4.17404 1
8.19556 1
8.72546 1
3.59022 1
6.75912 1
3.60146 1
5.81797 1
6.76553 1
6.2333 1
4.44593 1
6.37863 1
6.15707 1
7.56414 1
7.58747 1
6.87681 1
6.13724 1
6.52632 1
3.33074 1
-1.55819 1
7.21758 1
7.77074 1
5.07756 1
6.8296 1
-0.155778 1
4.23532 1
-0.405299 1
7.16301 1
-4.46672 1
2.13776 1
3.90009 1
8.31845 1
2.72358 1
3.96748 1
6.23626 1
6.20521 1
6.69596 1
-2.98229 1
6.69591 1
1.62702 1
11.2263 1
6.02394 1
5.71848 1
5.90434 1
9.4814 1
8.38992 1
0.601657 1
1.42971 1
4.71659 1
6.75563 1
6.33323 1
6.94444 1
3.65637 1
7.12172 1
3.24138 1
2.46315 1
4.5317 1
4.51234 1
8.40296 1
5.56837 1
4.71757 1
6.30482 1
6.2224 1
3.93199 1
4.16547 1
4.16283 1
11.9695 1
3.95672 1
10.5666 1
-2.95118 1
-0.978285 1
4.27975 1
5.42585 1
-4.24823 1
9.99675 1
-0.866104 1
6.21732 1
2.47167 1
-0.493199 1
-0.366246 1
5.99464 1
5.19257 1
10.4151 1
3.05531 1
9.60481 1
7.54555 1
4.74904 1
9.47904 1
3.85689 1
3.0492 1
5.43222 1
10.0753 1
6.3222 1
4.52349 1
1.00875 1
5.74388 1
8.45193 1
3.84221 1
3.72927 1
8.31536 1
3.7329 1
-2.22186 1
-4.22108 1
-0.821635 1
4.65576 1
8.50934 1
1.03694 1
5.71505 1
3.84167 1
10.1301 1
6.29524 1
5.34317 1
6.32969 1
6.00582 1
7.72282 1
7.56242 1
0.552569 1
-0.999879 1
8.58291 1
3.21622 1
8.30027 1
5.72952 1
0.456145 1
7.61362 1
1.32565 1
2.19263 1
3.8614 1
12.032 1
6.80155 1
2.79837 1
5.844 1
10.8805 1
7.35991 1
5.29559 1
7.8205 1
8.4693 1
6.7069 1
7.18086 1
12.4593 1
5.36208 1
9.12023 1
5.35261 1
5.15375 1
6.77397 1
2.75141 1
11.4807 1
5.35264 1
9.36237 1
2.80891 1
10.4973 1
3.54389 1
6.76264 1
5.72917 1
14.3576 1
1.51956 1
2.49964 1
9.98251 1
6.31732 1
-4.18598 1
12.7846 1
9.50946 1
4.66913 1
6.41828 1
6.51872 1
0.645256 1
-2.53018 1
10.3017 1
-0.145668 1
3.71868 1
3.21712 1
5.92469 1
7.52643 1
1.45395 1
14.5424 1
0.405617 1
8.59045 1
5.28259 1
5.03667 1
3.39126 1
6.39402 1
3.44317 1
10.0983 1
2.81078 1
6.65568 1
5.86157 1
5.90122 1
2.04781 1
-0.0337853 1
4.69443 1
9.57775 1
4.31514 1
0.103517 1
5.95019 1
12.8553 1
11.1105 1
4.62197 1
-0.348883 1
-1.65129 1
8.02086 1
6.82379 1
5.9391 1
11.8522 1
4.60738 1
5.43769 1
5.86159 1
7.65362 1
-0.364857 1
4.84803 1
3.157 1
12.9035 1
10.5601 1
4.97228 1
-1.21617 1
4.01337 1
5.24128 1
4.64228 1
-1.75132 1
11.2433 1
0.944691 1
6.37355 1
5.16538 1
6.57322 1
5.38342 1
5.16308 1
13.7188 1
9.74843 1
9.51316 1
7.1272 1
1.81707 1
8.01215 1
7.73421 1
4.80954 1
10.8519 1
-0.21475 1
2.82147 1
5.59577 1
1.71362 1
3.68226 1
3.82376 1
5.63027 1
6.31868 1
3.65123 1
3.76388 1
11.625 1
-1.02726 1
12.2839 1
11.4872 1
5.91554 1
1.18082 1
3.43131 1
10.6244 1
4.08705 1
-1.34579 1
4.2522 1
-1.55902 1
7.32243 1
9.95537 1
3.46431 1
7.2305 1
5.23965 1
4.61416 1
0.545643 1
8.24579 1
6.79468 1
5.47633 1
7.47679 1
10.5787 1
10.1164 1
2.25284 1
11.2423 1
1.16029 1
0.493533 1
6.43122 1
5.59285 1
0.554894 1
8.86499 1
6.15773 1
5.39778 1
5.48788 1
-4.35757 1
6.89561 1
6.75847 1
5.07543 1
7.99084 1
14.1348 1
10.4304 1
6.65267 1
8.43329 1
1.21997 1
4.95605 1
5.09968 1
0.89828 1
6.48128 1
4.33264 1
6.62038 1
4.25999 1
4.39073 1
13.3 1
9.04731 1
5.94654 1
8.7537 1
1.01791 1
4.75019 1
9.37553 1
5.11781 1
9.93009 1
4.63243 1
5.51586 1
7.32604 1
4.38512 1
10.7171 1
5.64527 1
-1.3075 1
8.6366 1
11.0508 1
11.3974 1
4.56227 1
4.94855 1
13.6164 1
10.805 1
3.9144 1
5.39741 1
6.98842 1
-3.1918 1
9.98186 1
2.74259 1
6.02328 1
7.74212 1
6.39029 1
4.46276 1
10.5399 1
7.55313 1
5.84656 1
12.3837 1
7.67846 1
6.62557 1
10.9751 1
6.97693 1
6.11311 1
-4.8285 1
6.28289 1
0.790949 1
4.04934 1
2.00832 1
-2.28391 1
12.6771 1
6.73679 1
7.8509 1
7.69938 1
11.5153 1
-1.1023 1
5.27619 1
6.10687 1
4.31588 1
-0.493717 1
7.59683 1
4.76647 1
-4.25649 1
1.16245 1
4.85193 1
4.87205 1
10.7987 1
5.14329 1
6.32798 1
4.03969 1
5.7851 1
-2.01823 1
-0.00983439 1
6.20975 1
7.54705 1
11.619 1
6.81666 1
1.97371 1
-3.68591 1
9.54002 1
1.78834 1
8.60932 1
4.77349 1
2.60483 1
6.99592 1
14.7532 1
4.94651 1
5.47734 1
4.5025 1
8.44388 1
7.13749 1
4.25299 1
5.39213 1
7.96232 1
2.76728 1
5.31747 1
5.46308 1
10.8222 1
9.88372 1
7.46087 1
4.77787 1
1.53198 1
4.91021 1
6.87533 1
9.11909 1
0.548415 1
7.95584 1
12.398 1
1.61472 1
5.27627 1
4.09451 1
7.04807 1
11.5832 1
5.39937 1
4.2997 1
5.47831 1
9.87534 1
4.4878 1
6.49469 1
1.37412 1
9.22289 1
-0.375151 1
5.17412 1
5.95474 1
5.15823 1
4.97674 1
4.95843 1
10.7749 1
0.488685 1
1.45412 1
6.37744 1
3.51088 1
-3.04422 1
8.87255 1
6.99709 1
6.06241 1
2.50915 1
4.33316 1
7.25613 1
5.24065 1
2.19124 1
12.9351 1
6.58142 1
3.83139 1
6.68128 1
5.86283 1
-0.745885 1
3.69759 1
4.98554 1
10.6137 1
8.00172 1
6.00529 1
4.8749 1
4.59874 1
5.74909 1
11.8596 1
5.86695 1
8.86385 1
0.313373 1
3.2525 1
10.4203 1
4.96775 1
8.34121 1
4.16866 1
2.28111 1
7.82062 1
5.81557 1
-0.44565 1
14.6111 1
1.83107 1
6.27906 1
-2.44009 1
6.06023 1
13.5323 1
3.90209 1
5.04085 1
6.1895 1
12.8303 1
1.05013 1
5.78345 1
10.6171 1
7.37367 1
0.66281 1
7.49285 1
2.42364 1
0.74746 1
3.97627 1
3.83365 1
10.054 1
4.97455 1
6.668 1
5.67399 1
9.07429 1
6.40633 1
5.14861 1
5.67916 1
-0.0336333 1
6.68226 1
-1.02669 1
2.90017 1
-1.17755 1
1.64546 1
6.28133 1
8.01512 1
8.38529 1
9.06988 1
0.618849 1
3.16671 1
7.12507 1
7.1778 1
9.25732 1
-2.55033 1
-4.49862 1
5.9156 1
5.36335 1
4.22757 1
9.25344 1
6.75142 1
6.59192 1
3.3626 1
4.74048 1
6.62833 1
7.05906 1
3.82616 1
5.40172 1
5.6326 1
-2.42679 1
-3.61711 1
4.71043 1
6.04785 1
7.37362 1
13.0613 1
5.10135 1
2.7078 1
7.41887 1
6.52684 1
8.151 1
2.90118 1
6.79255 1
9.81484 1
10.2374 1
3.83541 1
3.26934 1
2.97382 1
4.18992 1
1.39227 1
6.24362 1
5.14246 1
3.93612 1
2.5095 1
6.04025 1
6.06382 1
9.04472 1
8.33745 1
10.9739 1
9.59236 1
9.32276 1
-3.23216 1
6.81525 1
2.98875 1
3.72361 1
1.43084 1
5.77448 1
3.76682 1
1.38506 1
5.52466 1
3.09136 1
9.98652 1
1.57332 1
7.5964 1
7.95084 1
2.67901 1
2.14793 1
3.61742 1
7.14271 1
5.64078 1
0.135564 1
8.70234 1
5.18431 1
3.36134 1
5.75367 1
4.57783 1
6.01009 1
10.0795 1
10.5977 1
5.24177 1
11.8367 1
7.05404 1
8.55242 1
12.7248 1
7.32236 1
3.65149 1
3.31396 1
-0.0999774 1
-3.53822 1
8.39385 1
7.93196 1
3.1414 1
-0.147111 1
4.28998 1
9.45858 1
7.6606 1
9.84588 1
5.38125 1
0.0758022 1
7.54337 1
-3.00549 1
0.64949 1
4.74414 1
7.72793 1
1.18287 1
6.32578 1
2.01918 1
5.12912 1
8.2713 1
6.93747 1
7.10935 1
5.44133 1
-1.51895 1
4.33924 1
0.29636 1
3.50841 1
3.15068 1
6.32511 1
4.70971 1
-0.98913 1
3.36071 1
3.80864 1
4.26453 1
7.23825 1
5.3516 1
3.06566 1
6.51068 1
5.02335 1
5.01709 1
8.23432 1
6.95095 1
3.10216 1
10.4901 1
4.09983 1
1.64205 1
5.85963 1
1.14631 1
5.57062 1
7.44938 1
7.66373 1
2.25044 1
3.59506 1
1.97737 1
5.46543 1
-1.149 1
0.98259 1
5.78153 1
-2.49599 1
14.599 1
4.65804 1
6.33594 1
3.47759 1
-2.46144 1
7.86371 1
8.82267 1
3.66347 1
8.90277 1
3.4365 1
1.17523 1
2.35345 1
4.20554 1
5.29402 1
0.49109 1
3.337 1
0.853555 1
8.13633 1
9.71142 1
5.3981 1
1.58101 1
5.11634 1
4.86189 1
4.71197 1
5.49703 1
7.00357 1
2.41743 1
6.04102 1
6.09603 1
5.22038 1
7.31199 1
-0.984832 1
-3.19396 1
6.01892 1
8.36658 1
6.01888 1
7.01292 1
5.02959 1
9.68037 1
8.53457 1
7.03826 1
6.48348 1
9.26425 1
4.43079 1
4.74715 1
4.06418 1
0.512247 1
5.21412 1
7.22634 1
14.1177 1
7.32886 1
-0.64379 1
6.69904 1
2.1747 1
5.43569 1
9.80038 1
4.55377 1
10.7233 1
7.66142 1
9.49557 1
12.9715 1
4.18864 1
-1.31626 1
9.80823 1
5.2222 1
4.52794 1
3.40657 1
11.917 1
6.52841 1
0.305616 1
12.9446 1
7.96497 1
5.77541 1
0.0209739 1
1.8711 1
8.72337 1
5.165 1
2.84484 1
5.18914 1
11.9494 1
2.91813 1
6.3157 1
4.61986 1
6.07958 1
3.93159 1
-1.54775 1
3.84258 1
5.28329 1
7.47837 1
4.51887 1
-2.8328 1
5.71954 1
4.34092 1
7.25753 1
8.26021 1
10.7488 1
8.05154 1
3.68559 1
5.81433 1
3.99679 1
2.49881 1
3.1644 1
5.377 1
6.21299 1
5.45759 1
3.11681 1
6.32241 1
5.14094 1
10.0626 1
4.15018 1
5.69108 1
4.39124 1
4.83034 1
4.8203 1
2.46394 1
7.00258 1
5.36092 1
-0.856679 1
10.2649 1
1.94817 1
5.42216 1
5.70834 1
5.56064 1
7.63502 1
5.39618 1
14.3199 1
6.61755 1
5.30625 1
2.1299 1
10.0563 1
3.90848 1
13.6455 1
7.44932 1
6.37598 1
4.62054 1
0.522913 1
4.31034 1
7.34618 1
9.58962 1
0.200986 1
3.96843 1
6.60901 1
3.61155 1
4.6663 1
5.18067 1
-0.418042 1
6.09189 1
7.98518 1
5.04278 1
14.4531 1
12.7493 1
5.31233 1
14.6682 1
-0.864509 1
13.0101 1
0.266988 1
6.64999 1
4.99646 1
7.33413 1
6.9198 1
1.99195 1
3.49845 1
7.05471 1
11.8077 1
7.41156 1
2.40367 1
7.74815 1
4.03416 1
10.28 1
8.72131 1
5.31476 1
2.46177 1
2.06094 1
6.10458 1
-0.0960014 1
8.93651 1
6.29443 1
3.73486 1
12.6078 1
4.74385 1
13.9821 1
4.3015 1
5.04705 1
0.470425 1
6.83623 1
6.70345 1
13.0831 1
3.97249 1
1.65201 1
5.28638 1
3.00222 1
8.00258 1
0.674152 1
8.15815 1
2.69232 1
8.2591 1
8.0085 1
3.36358 1
1.26109 1
6.20674 1
4.96576 1
10.6859 1
-1.21812 1
6.50147 1
2.82836 1
5.65332 1
2.09663 1
4.63727 1
4.85259 1
7.72715 1
5.02116 1
-0.136772 1
4.37408 1
4.08697 1
6.44869 1
11.1212 1
0.939644 1
1.77053 1
1.37784 1
-4.50433 1
9.22733 1
2.04446 1
4.29543 1
2.29104 1
1.45926 1
5.31855 1
-0.391722 1
3.46678 1
12.8626 1
9.67022 1
9.28508 1
5.05586 1
4.76913 1
5.87805 1
5.50566 1
4.24902 1
5.40495 1
3.21303 1
2.72111 1
6.92883 1
12.5944 1
4.54105 1
3.26152 1
8.79566 1
4.24328 1
3.44035 1
4.67605 1
5.4471 1
6.01605 1
2.18198 1
4.75714 1
6.27329 1
3.89783 1
7.19881 1
9.29758 1
8.27476 1
2.24506 1
4.56222 1
3.76009 1
9.66123 1
5.88966 1
10.713 1
4.53377 1
12.7984 1
5.07309 1
5.9021 1
10.6734 1
5.11892 1
3.08612 1
-0.331246 1
8.32346 1
9.91106 1
5.34896 1
6.1741 1
4.54252 1
5.50556 1
2.68616 1
6.71751 1
6.23712 1
6.94091 1
9.27159 1
-1.0897 1
1.42518 1
1.16525 1
5.82529 1
4.57899 1
9.3527 1
10.2288 1
5.89435 1
2.30758 1
1.80981 1
2.65405 1
6.20248 1
-3.91846 1
10.5541 1
5.15921 1
5.67514 1
1.31369 1
2.38704 1
3.36447 1
5.33753 1
5.02597 1
4.8273 1
7.4062 1
4.61288 1
5.14616 1
8.4159 1
4.03167 1
1.76653 1
-2.06501 1
-2.75151 1
7.13547 1
4.75777 1
6.76521 1
8.74797 1
5.20513 1
11.6558 1
2.80839 1
11.1124 1
3.56451 1
-0.8294 1
6.43525 1
6.38359 1
5.50058 1
2.00596 1
-0.943207 1
4.58853 1
5.51702 1
1.12759 1
-2.0914 1
4.21663 1
1.73633 1
6.20726 1
7.03038 1
6.439 1
7.01467 1
8.22561 1
4.08646 1
1.4973 1
6.43648 1
8.42208 1
1.88888 1
6.02416 1
2.47713 1
6.41937 1
13.1951 1
6.20804 1
4.9045 1
8.8332 1
0.560719 1
8.19833 1
8.64838 1
8.4676 1
6.36724 1
6.61924 1
9.7541 1
10.6854 1
5.70127 1
8.30858 1
12.1076 1
-3.76695 1
5.75679 1
3.39454 1
7.88851 1
6.88851 1
7.10059 1
5.3154 1
1.91164 1
5.5893 1
6.41832 1
7.43125 1
4.31719 1
7.53401 1
6.0842 1
1.48056 1
-1.00019 1
6.99057 1
1.73208 1
4.01526 1
-1.69144 1
14.6716 1
-4.64966 1
4.97239 1
11.4413 1
6.47507 1
5.63019 1
-4.49776 1
6.02308 1
-0.236897 1
6.18898 1
6.94576 1
-2.93355 1
5.19589 1
-1.69681 1
-3.56332 1
6.10855 1
9.7627 1
8.99045 1
5.07115 1
8.60354 1
1.97076 1
0.0815157 1
1.8942 1
5.01549 1
5.96039 1
11.7934 1
3.71147 1
1.62359 1
0.427618 1
-0.661772 1
-1.29239 1
8.99707 1
4.54637 1
8.69112 1
8.68389 1
-1.58711 1
4.53065 1
3.01841 1
5.68898 1
-2.08944 1
14.3344 1
9.65981 1
8.67011 1
11.0151 1
6.83632 1
-3.05518 1
2.75118 1
6.01752 1
4.34041 1
2.4619 1
3.54886 1
-0.91739 1
2.18746 1
4.35463 1
11.1755 1
8.14553 1
12.187 1
1.27653 1
3.49702 1
6.23057 1
2.39956 1
8.71927 1
0.422125 1
3.96609 1
6.78024 1
4.94647 1
11.596 1
2.2209 1
4.29996 1
12.6655 1
3.26083 1
5.05634 1
7.20113 1
2.55441 1
7.3714 1
0.692092 1
5.44844 1
4.22238 1
8.36208 1
3.05693 1
-0.587063 1
8.80204 1
10.8512 1
3.20477 1
4.06391 1
14.0523 1
7.55657 1
5.12084 1
3.64011 1
2.0109 1
5.22595 1
6.75249 1
7.74667 1
6.40157 1
7.58951 1
5.66788 1
3.38675 1
6.18312 1
10.0196 1
7.48391 1
7.84127 1
6.23066 1
5.78146 1
4.33443 1
5.73349 1
7.23058 1
-0.964878 1
5.72141 1
9.64306 1
2.70645 1
5.52956 1
6.38279 1
6.52226 1
-0.00143382 1
5.72344 1
4.21082 1
4.75717 1
5.5064 1
7.26207 1
5.23538 1
2.1429 1
5.47305 1
4.94128 1
4.86576 1
3.36534 1
4.45264 1
2.11507 1
11.2866 1
2.24769 1
4.79149 1
-0.129782 1
5.92949 1
5.37852 1
2.14621 1
2.74976 1
4.1491 1
5.78269 1
12.1857 1
5.75009 1
7.14927 1
8.30183 1
5.71118 1
1.17068 1
5.69531 1
8.12365 1
8.0519 1
5.57473 1
13.6716 1
5.6918 1
3.79041 1
7.7549 1
5.32814 1
8.99629 1
11.7448 1
4.45802 1
7.26248 1
10.0147 1
3.80744 1
13.2964 1
9.86177 1
0.98621 1
4.77542 1
9.20764 1
-0.56327 1
5.30128 1
7.62377 1
2.37152 1
2.00963 1
8.78535 1
4.73213 1
9.45923 1
6.9338 1
6.6619 1
8.25205 1
3.90071 1
5.49385 1
9.14123 1
13.1 1
7.8002 1
6.30649 1
7.11557 1
8.96257 1
12.2589 1
5.04709 1
0.822871 1
8.4097 1
4.44552 1
7.2062 1
5.08793 1
-4.20782 1
4.5431 1
3.73474 1
4.05381 1
2.29247 1
2.90021 1
8.71899 1
6.53922 1
3.02316 1
5.62157 1
4.89943 1
7.79071 1
8.19124 1
-1.54021 1
-4.69014 1
1.21149 1
5.93984 1
13.4011 1
2.29829 1
4.9115 1
8.47731 1
7.77941 1
4.14255 1
14.4898 1
5.55694 1
6.52899 1
0.464701 1
2.92552 1
5.5674 1
6.9079 1
2.99943 1
4.82714 1
5.56056 1
3.3322 1
6.18948 1
4.50201 1
3.63691 1
4.2687 1
4.72865 1
5.70289 1
5.57173 1
3.07678 1
5.45917 1
-0.407777 1
3.04863 1
6.13957 1
6.71806 1
6.07838 1
8.4133 1
3.03765 1
3.58289 1
4.8058 1
7.09919 1
13.2934 1
7.19297 1
5.12103 1
-2.57013 1
5.63623 1
5.67975 1
0.23499 1
8.33798 1
-1.84579 1
9.33552 1
4.79269 1
4.64922 1
7.36619 1
4.97221 1
4.68007 1
7.34322 1
5.9458 1
8.66018 1
3.09901 1
5.63706 1
6.04338 1
2.62442 1
7.74867 1
8.76353 1
12.1525 1
6.01614 1
12.1517 1
-0.036274 1
3.96666 1
4.80817 1
6.95733 1
3.54845 1
3.31312 1
9.36326 1
8.52009 1
4.80973 1
-1.58336 1
3.25986 1
5.44092 1
6.50895 1
1.56841 1
4.61109 1
11.3187 1
5.77611 1
7.96928 1
5.68909 1
9.59826 1
5.88761 1
0.912676 1
11.9174 1
5.99464 1
6.35882 1
-3.41023 1
1.29642 1
1.18507 1
4.267 1
2.36205 1
6.49142 1
5.87461 1
3.39505 1
-3.01815 1
3.65154 1
4.09474 1
8.72058 1
10.7595 1
3.55438 1
-3.49796 1
4.17383 1
5.5858 1
0.897435 1
3.65141 1
0.186424 1
8.00829 1
4.54155 1
5.68089 1
9.40786 1
6.23907 1
4.54796 1
3.7793 1
4.39131 1
3.00655 1
4.94191 1
6.19294 1
9.00192 1
8.65885 1
12.9191 1
-1.57633 1
6.1963 1
10.1973 1
5.39901 1
3.52705 1
-4.35995 1
0.473785 1
5.41521 1
-2.35134 1
-2.1316 1
5.86285 1
1.29187 1
5.67566 1
5.40889 1
5.7726 1
7.58364 1
11.9887 1
0.250219 1
6.55409 1
14.1755 1
8.96208 1
3.27605 1
10.7441 1
9.0085 1
2.92729 1
4.81989 1
4.71523 1
-0.580557 1
9.31645 1
7.82558 1
8.67356 1
3.89228 1
7.6393 1
3.80748 1
8.23557 1
5.86686 1
6.04887 1
6.07837 1
10.5695 1
-3.57053 1
8.61688 1
8.89948 1
5.23291 1
12.3656 1
11.6918 1
6.45928 1
4.13134 1
-3.00352 1
5.19509 1
6.46693 1
4.93306 1
6.58695 1
8.66357 1
7.40565 1
4.76958 1
12.2258 1
5.26251 1
4.17291 1
4.99643 1
4.47701 1
9.96426 1
3.19907 1
-2.90212 1
3.41863 1
4.59281 1
5.88444 1
5.38787 1
9.79497 1
9.06816 1
6.99068 1
6.04473 1
6.82298 1
8.22638 1
1.57696 1
2.18311 1
1.14252 1
11.592 1
4.45423 1
8.70949 1
8.54268 1
-4.06899 1
7.60593 1
5.08059 1
8.9718 1
7.05251 1
8.56058 1
8.68976 1
5.37912 1
2.01885 1
10.5837 1
5.33817 1
12.8549 1
8.6668 1
-0.0924493 1
6.2764 1
14.1352 1
6.04868 1
7.87451 1
2.50722 1
-0.0839746 1
4.33367 1
4.54568 1
1.69036 1
-0.545227 1
6.32236 1
3.15315 1
6.58073 1
2.09541 1
-3.01814 1
6.34843 1
4.14545 1
11.8347 1
6.56383 1
8.51453 1
6.20735 1
8.04581 1
5.12629 1
3.74991 1
13.2353 1
14.0825 1
4.45622 1
4.09678 1
5.96075 1
0.450493 1
-3.84489 1
7.88525 1
7.5788 1
3.3466 1
5.54451 1
6.47338 1
14.2571 1
-0.490957 1
9.51017 1
-0.578108 1
-0.606337 1
4.16416 1
2.73175 1
8.3532 1
14.6741 1
2.90391 1
2.05252 1
2.48353 1
6.99071 1
4.45294 1
8.27741 1
5.06191 1
4.12031 1
2.8805 1
9.02908 1
6.67975 1
5.52797 1
4.65192 1
1.06797 1
5.45675 1
2.60775 1
7.15417 1
-0.105342 1
12.0194 1
5.11965 1
5.70428 1
4.09963 1
11.7314 1
9.33655 1
8.88791 1
1.6398 1
-1.64008 1
0.751815 1
6.18835 1
-0.635428 1
9.62254 1
5.73553 1
6.38758 1
4.51475 1
6.30987 1
5.57412 1
6.02236 1
5.86579 1
0.361446 1
4.68707 1
1.34354 1
1.21492 1
6.4613 1
2.15803 1
5.59051 1
7.25097 1
3.65329 1
0.457273 1
6.14948 1
8.86282 1
3.7901 1
10.9859 1
6.14419 1
8.35945 1
2.23329 1
1.09142 1
6.56396 1
6.26087 1
6.44883 1
5.05664 1
5.17766 1
8.10597 1
5.50397 1
5.87344 1
3.89222 1
14.722 1
6.2637 1
10.4426 1
5.67988 1
5.14923 1
10.3085 1
4.25711 1
-0.936534 1
6.27367 1
6.95749 1
12.0689 1
5.92558 1
5.54963 1
4.02693 1
12.4287 1
3.50091 1
6.3457 1
-3.14199 1
7.85236 1
5.76462 1
5.39507 1
-4.78896 1
6.62401 1
11.4169 1
5.74224 1
2.38395 1
9.33333 1
4.72696 1
10.506 1
7.3787 1
3.80058 1
12.719 1
4.71436 1
-3.27063 1
9.89986 1
7.48824 1
7.05809 1
5.81571 1
6.01321 1
7.62047 1
1.65421 1
5.02191 1
7.1576 1
8.13838 1
14.842 1
5.06638 1
7.83252 1
5.96143 1
6.46146 1
6.61203 1
-3.49504 1
5.29782 1
8.68143 1
8.30823 1
7.58052 1
11.1004 1
6.72963 1
6.87585 1
2.42074 1
9.16433 1
1.62761 1
8.7883 1
0.292455 1
5.61718 1
7.92134 1
3.0671 1
3.82779 1
6.69671 1
2.87146 1
-4.4569 1
2.23769 1
5.89044 1
8.04992 1
2.78966 1
3.67941 1
5.50922 1
2.26291 1
6.16503 1
5.89502 1
5.31147 1
2.08318 1
-1.80343 1
6.83359 1
4.87579 1
8.97766 1
7.12693 1
3.38458 1
6.12859 1
0.161653 1
2.94637 1
12.0288 1
3.56065 1
7.01903 1
7.41178 1
9.32095 1
7.86465 1
3.03714 1
11.2112 1
3.37757 1
4.97856 1
3.11201 1
5.3667 1
4.15411 1
3.19748 1
5.29198 1
6.94232 1
6.72952 1
1.72227 1
4.02693 1
6.68774 1
7.65453 1
10.6746 1
3.7497 1
10.5531 1
7.12233 1
2.87244 1
8.78943 1
3.85443 1
-4.75104 1
6.83718 1
12.3696 1
4.52397 1
8.07331 1
7.19914 1
4.31035 1
5.44287 1
7.01258 1
8.63521 1
7.57964 1
-4.23184 1
6.23171 1
7.07021 1
8.34772 1
2.87375 1
1.69027 1
4.79028 1
2.37449 1
2.82604 1
7.42888 1
7.93139 1
-0.453096 1
7.0186 1
1.57048 1
7.9031 1
5.30187 1
9.17474 1
7.57455 1
5.41732 1
5.73452 1
6.13277 1
10.3618 1
-2.98875 1
7.64741 1
8.15371 1
5.77981 1
2.11533 1
7.74914 1
7.2689 1
6.85445 1
6.03339 1
4.99658 1
2.78383 1
1.9864 1
-3.75288 1
8.35233 1
-4.41098 1
2.52773 1
1.1133 1
3.18942 1
3.51045 1
4.34981 1
8.0835 1
8.77488 1
3.53185 1
3.62277 1
6.48412 1
3.52598 1
7.18037 1
-0.679513 1
5.89422 1
2.4691 1
7.72075 1
1.24408 1
5.92325 1
5.76552 1
4.94102 1
6.89368 1
-4.35127 1
4.5475 1
5.29636 1
5.76035 1
5.59774 1
5.86425 1
-0.442356 1
5.98202 1
4.86279 1
8.99043 1
-2.94984 1
3.29222 1
1.87139 1
6.39905 1
3.1649 1
-3.76231 1
5.23643 1
3.98506 1
5.71869 1
7.82393 1
6.01423 1
-4.1449 1
7.67455 1
7.48406 1
5.27744 1
2.18438 1
3.15162 1
4.39505 1
4.35239 1
3.61433 1
5.92899 1
5.2804 1
5.99561 1
5.59946 1
9.61655 1
6.87786 1
8.40417 1
8.1798 1
2.755 1
7.96129 1
5.16509 1
8.66651 1
6.26641 1
1.42804 1
8.00192 1
-0.828999 1
6.59662 1
-0.264985 1
-1.15073 1
6.78274 1
2.69798 1
6.49505 1
6.04942 1
8.42023 1
5.27789 1
7.87627 1
10.912 1
12.7434 1
4.21145 1
4.98674 1
9.41073 1
7.98976 1
-2.61217 1
-2.14269 1
7.93639 1
5.26127 1
5.93107 1
5.28366 1
10.4728 1
-1.5338 1
1.40054 1
9.58564 1
11.0936 1
7.86384 1
5.87088 1
9.04361 1
4.88703 1
3.45053 1
2.67123 1
4.3599 1
4.72202 1
2.88648 1
4.62082 1
5.97473 1
0.114303 1
9.7289 1
14.1455 1
5.94145 1
6.2524 1
13.989 1
2.68763 1
9.73621 1
7.40552 1
5.62504 1
1.14705 1
7.35911 1
-0.514801 1
9.33696 1
2.75603 1
3.7409 1
-3.96359 1
4.9085 1
3.49874 1
4.17858 1
13.4311 1
5.76788 1
1.76018 1
3.7207 1
6.04071 1
6.34306 1
8.98279 1
11.7177 1
2.31536 1
4.75364 1
7.78124 1
3.47486 1
2.4218 1
8.97759 1
5.11062 1
2.34598 1
-0.631147 1
6.27193 1
-3.0899 1
2.99912 1
9.92467 1
6.86602 1
8.10236 1
3.1723 1
10.1999 1
-1.1269 1
5.63289 1
6.21313 1
5.17702 1
6.52862 1
5.61125 1
0.0870832 1
4.79734 1
5.61711 1
0.393219 1
-0.828457 1
-4.17742 1
5.87836 1
3.35463 1
1.83962 1
6.28127 1
-4.38343 1
7.73691 1
5.10917 1
7.90986 1
3.44884 1
3.47764 1
12.1044 1
6.22352 1
1.62338 1
4.57908 1
0.663906 1
3.94009 1
9.93579 1
10.9081 1
5.57916 1
5.38008 1
-1.12878 1
4.88079 1
1.1005 1
9.31606 1
8.13581 1
7.51382 1
9.66906 1
7.64169 1
5.63997 1
3.66888 1
3.33483 1
-2.63819 1
5.14968 1
6.55648 1
3.84555 1
9.90508 1
5.23082 1
9.32138 1
7.45761 1
6.48385 1
6.98918 1
7.70108 1
6.50053 1
6.17328 1
5.18363 1
4.59806 1
4.60442 1
3.20673 1
3.92175 1
2.77577 1
7.0003 1
-1.84524 1
1.33913 1
5.20692 1
4.29177 1
7.98694 1
-0.53221 1
4.224 1
5.56778 1
5.90093 1
5.75923 1
4.67487 1
9.36721 1
2.05938 1
1.5334 1
3.7808 1
5.43091 1
1.3209 1
-4.54384 1
1.88343 1
7.36895 1
6.76436 1
4.01494 1
7.10234 1
5.84801 1
-2.54689 1
5.26378 1
3.91077 1
5.91066 1
10.6765 1
-2.64309 1
9.84443 1
4.5634 1
4.64523 1
11.4028 1
3.23336 1
7.21285 1
11.6244 1
9.93105 1
4.22894 1
7.68355 1
4.81789 1
5.90806 1
-3.12544 1
7.8899 1
10.2375 1
5.62705 1
3.72212 1
1.68415 1
2.76775 1
5.34996 1
3.72416 1
-2.14701 1
4.29295 1
4.5548 1
-0.163985 1
4.38704 1
7.39653 1
3.07428 1
1.23966 1
4.7531 1
7.51508 1
4.97956 1
7.51324 1
4.21112 1
4.58272 1
4.90896 1
5.62422 1
-0.273433 1
4.6058 1
-0.932357 1
5.61046 1
13.9983 1
7.07351 1
10.2351 1
5.36858 1
1.77093 1
-2.16757 1
8.10471 1
3.28131 1
4.19548 1
4.83003 1
3.17396 1
3.37869 1
7.80357 1
4.75606 1
7.23685 1
5.73328 1
11.6632 1
4.08831 1
0.950125 1
8.81932 1
4.18921 1
12.3326 1
7.75249 1
3.97101 1
-0.179423 1
4.64821 1
4.64062 1
0.358251 1
13.5789 1
1.7829 1
8.64949 1
0.455752 1
-1.44178 1
5.0216 1
4.70159 1
0.83916 1
4.73408 1
-0.380171 1
13.9441 1
6.03063 1
4.61386 1
4.39554 1
9.35769 1
0.147464 1
3.38143 1
4.85096 1
7.37494 1
3.7756 1
5.65428 1
4.04002 1
5.87424 1
-3.02768 1
3.70001 1
3.11243 1
12.3215 1
4.55155 1
9.89715 1
7.22374 1
7.30413 1
8.73308 1
4.13918 1
6.41465 1
-0.559655 1
3.93252 1
7.03824 1
5.50174 1
0.281156 1
6.99853 1
6.31345 1
5.70979 1
7.75736 1
6.10525 1
6.21289 1
4.73046 1
-4.26165 1
4.2638 1
6.06351 1
2.0981 1
7.18407 1
6.05866 1
5.63384 1
11.7337 1
5.35781 1
6.31388 1
4.32139 1
3.52306 1
6.02654 1
5.35082 1
5.0053 1
10.7384 1
11.1301 1
1.2495 1
6.31709 1
4.3598 1
4.41413 1
4.56693 1
3.86016 1
4.78301 1
11.6075 1
11.9893 1
1.6213 1
0.634644 1
3.72052 1
10.4808 1
-4.70241 1
2.10824 1
12.2376 1
5.44906 1
0.872739 1
8.73033 1
2.18677 1
5.55404 1
8.00286 1
4.71266 1
9.52667 1
2.9804 1
-0.166602 1
2.82766 1
11.5333 1
5.68129 1
6.12514 1
7.3708 1
-0.290615 1
0.785567 1
6.31512 1
12.3337 1
3.8173 1
11.6 1
3.63682 1
-3.84657 1
7.44031 1
2.65264 1
5.48181 1
2.41792 1
-0.82847 1
6.55448 1
4.09344 1
11.4214 1
4.46923 1
6.51157 1
8.72008 1
5.73716 1
-3.57401 1
7.46794 1
9.42426 1
5.79076 1
4.19955 1
6.28774 1
10.2385 1
4.09642 1
1.64318 1
6.07465 1
4.4147 1
12.4977 1
4.797 1
9.46518 1
7.32665 1
4.95492 1
4.46245 1
4.27339 1
-3.91018 1
7.70725 1
5.9505 1
5.2228 1
1.64405 1
10.1157 1
7.61494 1
3.22627 1
11.2242 1
1.50067 1
5.30727 1
2.72131 1
4.64822 1
9.57782 1
5.57987 1
3.53033 1
3.83491 1
5.79504 1
6.04613 1
-0.223061 1
6.36734 1
5.91982 1
3.72735 1
10.7259 1
6.45527 1
10.1013 1
2.94138 1
-1.39397 1
9.97345 1
6.18743 1
7.02785 1
12.9446 1
13.4277 1
6.03448 1
5.05431 1
6.56166 1
6.59815 1
3.65603 1
5.88376 1
4.3211 1
-0.458654 1
7.49635 1
9.6894 1
7.59197 1
5.22198 1
7.67813 1
9.40639 1
4.82448 1
7.56 1
10.3962 1
-2.30012 1
-3.79238 1
6.84881 1
5.445 1
4.59671 1
3.80742 1
2.01057 1
11.6543 1
3.8157 1
1.19403 1
3.65953 1
-1.20918 1
5.77259 1
6.50247 1
3.92133 1
6.14184 1
5.08043 1
0.517651 1
5.36626 1
5.88533 1
-3.77472 1
4.05719 1
5.65819 1
5.79205 1
4.33314 1
6.84818 1
5.49791 1
6.23598 1
4.67403 1
6.66067 1
3.97661 1
5.88445 1
13.2856 1
-4.31058 1
0.493682 1
6.55673 1
7.9503 1
-0.38668 1
5.14335 1
3.37018 1
6.38519 1
7.85452 1
-4.49784 1
4.06299 1
3.21807 1
7.56697 1
9.83017 1
5.88927 1
3.27014 1
5.07906 1
4.15383 1
7.86265 1
12.4989 1
4.75825 1
8.90612 1
4.02924 1
3.48821 1
5.77472 1
3.99866 1
5.12755 1
6.00674 1
9.3876 1
5.58186 1
5.68836 1
7.76725 1
5.70215 1
9.28003 1
5.0947 1
3.89988 1
5.05671 1
3.47128 1
1.99917 1
3.30051 1
6.31289 1
6.28046 1
9.56414 1
7.1907 1
4.70006 1
7.29346 1
13.1896 1
3.76318 1
2.27199 1
4.18866 1
1.89859 1
7.02024 1
7.27208 1
4.92747 1
1.23062 1
6.26785 1
8.82298 1
6.58703 1
5.83777 1
4.26015 1
5.85762 1
4.36308 1
4.54707 1
2.34583 1
6.48113 1
12.9803 1
5.227 1
-0.443472 1
5.03543 1
6.1554 1
6.48326 1
6.54844 1
7.3112 1
4.93942 1
-2.92013 1
12.6432 1
4.14579 1
3.32785 1
7.04525 1
3.87746 1
13.7627 1
-1.69248 1
1.43764 1
-2.42728 1
4.9728 1
13.1184 1
7.07602 1
5.34295 1
5.61702 1
7.16816 1
4.48725 1
5.97404 1
5.58199 1
9.48935 1
5.11011 1
10.3776 1
4.01392 1
8.04638 1
5.06806 1
2.90827 1
9.61082 1
-4.74962 1
7.68988 1
5.97952 1
-2.30908 1
7.05719 1
6.21393 1
7.58527 1
1.66242 1
4.5527 1
12.665 1
7.21276 1
7.77143 1
7.11362 1
1.30711 1
6.88779 1
5.63037 1
3.85384 1
10.2671 1
3.57047 1
5.9715 1
2.58632 1
4.4661 1
6.02522 1
0.049346 1
5.53645 1
5.41474 1
5.60479 1
6.8823 1
2.55594 1
3.26849 1
8.5481 1
5.01477 1
4.45596 1
5.65766 1
5.06441 1
2.11566 1
4.56072 1
4.16955 1
5.2056 1
8.67974 1
7.48286 1
11.6452 1
6.67323 1
6.23557 1
1.2685 1
1.5681 1
14.2206 1
4.24682 1
6.12532 1
1.44839 1
7.46798 1
4.82451 1
2.32862 1
5.13404 1
-2.72156 1
4.64041 1
1.779 1
4.32424 1
10.0125 1
4.67667 1
6.21588 1
12.5842 1
-2.05196 1
8.34204 1
9.38183 1
6.97024 1
-0.65746 1
-0.862304 1
2.48768 1
7.49634 1
7.49363 1
7.0065 1
5.87449 1
4.92906 1
8.8092 1
5.28799 1
1.1623 1
6.4373 1
4.15017 1
3.68495 1
14.5499 1
3.29015 1
3.00261 1
4.81869 1
4.14193 1
0.65514 1
4.05003 1
9.57816 1
7.22891 1
7.60825 1
6.03131 1
5.30151 1
-2.95215 1
5.31415 1
11.0617 1
4.40101 1
5.41074 1
-4.81046 1
4.62897 1
4.81611 1
-4.35467 1
4.62916 1
5.93061 1
3.78168 1
6.12401 1
6.73293 1
6.45283 1
6.63974 1
6.32953 1
7.40064 1
5.68926 1
5.33496 1
4.20457 1
5.57647 1
2.20257 1
7.59388 1
7.22295 1
12.369 1
4.06472 1
12.596 1
1.45388 1
4.78093 1
-4.60777 1
8.8086 1
7.57539 1
2.08669 1
6.07307 1
-0.24595 1
9.38578 1
7.62746 1
-2.58165 1
9.76504 1
1.29366 1
7.53938 1
4.14784 1
4.76009 1
2.74189 1
1.21821 1
4.00843 1
5.72717 1
5.68858 1
4.92293 1
7.61337 1
-0.455135 1
12.6797 1
3.83815 1
-1.79566 1
-0.811843 1
6.53133 1
5.46627 1
3.12728 1
4.29262 1
0.288013 1
5.90802 1
4.886 1
8.97942 1
9.00912 1
7.30252 1
5.71813 1
6.38768 1
10.2173 1
3.17976 1
3.87972 1
3.5911 1
10.5321 1
3.68051 1
6.89111 1
5.25366 1
13.3032 1
6.28857 1
0.805937 1
6.83692 1
6.56536 1
6.51939 1
5.64553 1
-2.08294 1
7.99569 1
5.087 1
-3.30149 1
6.20293 1
4.22624 1
5.15315 1
7.40882 1
5.48875 1
0.612605 1
8.10253 1
1.78993 1
6.62108 1
2.25341 1
7.22596 1
8.87321 1
4.91715 1
8.41245 1
5.18628 1
-0.596438 1
5.85207 1
6.45266 1
7.68738 1
0.665331 1
6.04955 1
3.21616 1
7.0916 1
8.83348 1
5.52387 1
4.822 1
14.5012 1
7.413 1
3.27058 1
8.68301 1
3.65719 1
3.47082 1
4.45317 1
7.00528 1
-2.84665 1
8.57231 1
3.84682 1
7.0657 1
2.97108 1
13.8303 1
2.35049 1
2.40726 1
8.11373 1
7.42628 1
9.78945 1
6.88417 1
5.17194 1
11.4578 1
5.99753 1
-0.925224 1
7.25813 1
4.53559 1
6.45809 1
6.44838 1
3.66885 1
5.99252 1
2.3268 1
3.92269 1
4.73614 1
6.60085 1
4.47008 1
-0.677161 1
8.56417 1
5.31822 1
9.03175 1
3.76287 1
7.10538 1
6.89337 1
5.63033 1
2.82125 1
13.7491 1
7.2752 1
5.18986 1
1.66239 1
1.16798 1
4.95458 1
7.84257 1
5.75533 1
-4.47195 1
4.27261 1
6.78237 1
0.439924 1
4.95788 1
1.60007 1
6.69969 1
3.85119 1
5.27125 1
10.317 1
-0.148053 1
5.59955 1
6.58962 1
6.79827 1
5.41663 1
7.70596 1
3.72545 1
9.24868 1
9.19198 1
10.8432 1
9.5953 1
12.228 1
2.4786 1
5.24196 1
2.25853 1
5.4415 1
4.3377 1
3.59233 1
12.6736 1
2.75248 1
9.68723 1
2.78807 1
6.62 1
6.48126 1
9.49435 1
13.4691 1
2.63162 1
7.75517 1
1.68199 1
5.97941 1
0.660101 1
6.23132 1
5.99115 1
9.25896 1
-2.44591 1
-1.47409 1
7.59467 1
6.52948 1
6.37785 1
3.41384 1
3.33473 1
4.51764 1
2.32319 1
5.12082 1
5.32136 1
5.75233 1
3.25072 1
6.77608 1
3.16855 1
4.41179 1
6.21693 1
2.56932 1
6.14546 1
7.187 1
2.83624 1
-2.74371 1
9.67217 1
6.85121 1
-0.0579292 1
5.60786 1
2.07161 1
8.03161 1
5.87156 1
4.87963 1
6.53623 1
3.79545 1
