6.67621 1
8.52014 1
6.405 1
6.63227 1
6.47792 1
8.30241 1
12.4975 1
13.1958 1
4.57368 1
4.52951 1
3.53817 1
-2.0052 1
3.46481 1
0.309447 1
6.71032 1
3.81845 1
4.35026 1
3.77832 1
9.07696 1
5.39211 1
4.49269 1
4.98239 1
4.23732 1
8.06523 1
4.12507 1
12.4033 1
5.78273 1
4.95626 1
10.9795 1
3.54001 1
6.50699 1
11.2152 1
3.98455 1
3.57594 1
4.31392 1
13.3631 1
1.89626 1
3.733 1
4.39937 1
6.48361 1
4.59157 1
5.41958 1
10.5553 1
5.25525 1
0.215399 1
12.109 1
9.56774 1
5.84219 1
-0.899724 1
14.7106 1
0.504868 1
-3.24514 1
5.66394 1
8.54597 1
10.2367 1
4.52578 1
3.79701 1
5.60716 1
1.17782 1
3.40282 1
8.13224 1
8.13784 1
8.02763 1
8.26791 1
7.30189 1
4.56195 1
0.369088 1
5.30618 1
7.36653 1
7.88509 1
8.23633 1
5.73324 1
5.54541 1
7.4913 1
5.25146 1
4.77389 1
5.00469 1
2.94648 1
3.83072 1
4.1949 1
5.02735 1
4.08149 1
6.48265 1
4.32523 1
4.30703 1
4.20942 1
6.90402 1
7.95794 1
-2.52858 1
2.33832 1
3.27777 1
4.9807 1
3.66383 1
-1.46238 1
3.11262 1
5.46221 1
5.74449 1
5.83809 1
6.45957 1
5.41452 1
2.59839 1
7.37343 1
8.21517 1
4.42522 1
1.33598 1
7.09238 1
4.95309 1
3.48776 1
6.61872 1
13.4785 1
3.65703 1
5.18638 1
1.07412 1
5.35961 1
6.0792 1
5.54793 1
6.03765 1
4.08808 1
10.8148 1
9.14973 1
3.64972 1
9.85636 1
-1.88833 1
2.82858 1
-0.205602 1
3.31856 1
6.44726 1
-3.61093 1
4.78618 1
5.57626 1
5.23624 1
-0.32149 1
5.06381 1
4.06749 1
1.57847 1
4.59149 1
6.20305 1
8.67736 1
5.3904 1
5.1829 1
6.63457 1
3.28528 1
5.64041 1
7.95699 1
4.07438 1
5.7923 1
5.40872 1
4.22411 1
9.13955 1
1.8942 1
6.07772 1
9.0482 1
3.72296 1
1.86654 1
6.06075 1
3.36896 1
-4.74349 1
0.649472 1
6.15547 1
6.57663 1
9.24057 1
11.0851 1
10.3228 1
10.2668 1
6.58606 1
5.65577 1
8.52692 1
0.508853 1
3.98702 1
7.35482 1
3.08641 1
3.4562 1
9.04063 1
8.68415 1
2.12232 1
9.19183 1
1.42363 1
8.5073 1
2.52161 1
2.96512 1
4.00097 1
1.69429 1
7.22615 1
1.00298 1
7.25933 1
8.55479 1
8.10637 1
4.40082 1
3.13855 1
7.74739 1
5.37579 1
0.588396 1
3.07807 1
8.06681 1
7.31185 1
13.8653 1
3.44942 1
8.12255 1
6.50835 1
8.22194 1
5.36087 1
4.65503 1
5.54655 1
8.49894 1
1.42494 1
5.86454 1
4.17193 1
2.12006 1
-3.9704 1
2.80234 1
6.64126 1
5.55999 1
3.18066 1
5.54117 1
3.83959 1
5.99609 1
-0.518406 1
7.03702 1
1.4856 1
5.54813 1
3.68171 1
6.23062 1
8.5374 1
4.48514 1
3.35747 1
-1.13599 1
1.62788 1
3.68229 1
14.1004 1
8.93854 1
13.4918 1
0.756002 1
6.9977 1
4.02353 1
-2.1953 1
3.02187 1
4.30298 1
6.96754 1
3.22112 1
7.03324 1
9.79663 1
9.43638 1
2.92945 1
7.04901 1
10.6068 1
6.82995 1
3.62791 1
9.95645 1
10.5019 1
9.55952 1
2.10141 1
2.09558 1
2.46819 1
4.27804 1
5.13493 1
7.10568 1
13.9296 1
4.93397 1
2.42365 1
4.78015 1
-0.592982 1
1.9188 1
4.40215 1
-0.307266 1
5.40654 1
7.87957 1
0.0989508 1
9.19757 1
3.28266 1
6.97871 1
2.40262 1
-2.6046 1
5.24268 1
4.76427 1
3.0462 1
10.0466 1
0.0674447 1
4.74151 1
4.14813 1
9.92965 1
4.83683 1
5.3307 1
5.51309 1
5.43776 1
5.89968 1
1.5591 1
1.76186 1
8.47344 1
10.9408 1
7.56879 1
0.748764 1
5.20811 1
7.90584 1
6.96038 1
8.26109 1
5.27236 1
5.59151 1
3.7664 1
3.34457 1
1.48441 1
5.05924 1
8.21296 1
4.89294 1
3.3513 1
6.7225 1
12.9909 1
5.2251 1
4.13672 1
-1.18282 1
4.65861 1
6.27495 1
-0.0726704 1
5.31433 1
5.67642 1
4.16005 1
7.32752 1
4.63118 1
4.71864 1
8.5021 1
6.28152 1
8.96512 1
-0.838949 1
5.49761 1
5.57406 1
3.82834 1
1.76155 1
7.36254 1
-2.75677 1
7.29104 1
-0.214692 1
8.48042 1
14.0793 1
1.3449 1
4.57508 1
5.0532 1
1.76136 1
6.70997 1
4.29899 1
5.19227 1
9.10931 1
8.23328 1
11.103 1
4.27753 1
4.20676 1
8.53069 1
2.59816 1
5.64857 1
4.2704 1
3.32325 1
11.8681 1
6.50852 1
3.95449 1
9.0364 1
4.04661 1
3.84946 1
7.65855 1
3.29281 1
4.84429 1
7.25259 1
2.88854 1
6.47262 1
8.9423 1
4.80329 1
4.20939 1
5.84868 1
11.46 1
3.38765 1
4.98417 1
5.84768 1
11.2416 1
8.37449 1
7.09117 1
6.03443 1
1.99021 1
3.94767 1
-3.42831 1
4.01995 1
6.91972 1
1.63617 1
6.40795 1
-3.75921 1
2.17434 1
7.69504 1
5.14197 1
-1.1948 1
6.9349 1
4.19531 1
7.29733 1
4.23948 1
4.74054 1
5.46043 1
5.06056 1
0.254317 1
5.60704 1
6.83985 1
6.83891 1
3.2298 1
8.46676 1
8.88435 1
5.99167 1
5.68701 1
7.43536 1
14.5256 1
3.60057 1
4.31802 1
6.11108 1
1.73978 1
0.320579 1
5.379 1
3.90283 1
5.60466 1
5.18084 1
2.64283 1
12.0821 1
-0.356911 1
8.45621 1
2.48682 1
4.58458 1
4.54817 1
4.66683 1
5.07056 1
6.75102 1
6.02996 1
5.46391 1
5.59542 1
3.44921 1
5.85052 1
6.768 1
3.39424 1
1.01074 1
5.6272 1
5.99373 1
4.89161 1
8.04157 1
6.54697 1
7.41415 1
4.38758 1
6.97078 1
7.02949 1
3.6024 1
4.23933 1
10.9091 1
9.66752 1
3.08421 1
0.684216 1
4.18828 1
7.54588 1
9.95556 1
9.81246 1
6.59481 1
-0.946049 1
2.50942 1
11.2441 1
9.61527 1
4.47366 1
4.8769 1
2.63861 1
2.50548 1
4.13374 1
2.50322 1
6.15807 1
8.81395 1
6.15866 1
0.0766918 1
14.2209 1
1.81962 1
6.53979 1
-2.84705 1
5.15854 1
8.36897 1
-2.66669 1
7.06589 1
6.03206 1
5.3491 1
5.28293 1
3.12486 1
2.35838 1
4.43337 1
6.44641 1
4.95439 1
4.40651 1
5.03379 1
7.09763 1
2.62826 1
10.8251 1
3.81607 1
6.37771 1
5.30439 1
1.11798 1
5.15135 1
5.60118 1
3.92827 1
5.11142 1
6.1163 1
3.33772 1
3.18228 1
4.51493 1
8.82741 1
11.9269 1
1.73598 1
4.58814 1
3.8731 1
7.85134 1
7.37846 1
4.54811 1
4.69166 1
1.77356 1
0.74855 1
4.23939 1
3.77623 1
6.70625 1
5.21398 1
3.87531 1
5.55455 1
4.54123 1
5.93078 1
7.13963 1
6.64897 1
1.94368 1
-0.711835 1
4.43898 1
3.59916 1
1.91201 1
4.0934 1
6.06959 1
12.4293 1
0.522572 1
2.78777 1
4.62677 1
7.61855 1
6.49926 1
8.18475 1
4.64231 1
6.09979 1
7.00555 1
4.47978 1
4.69219 1
-3.80822 1
4.56586 1
5.08589 1
3.46725 1
14.7548 1
5.21357 1
3.74792 1
5.60063 1
4.29882 1
10.1846 1
5.61805 1
10.6042 1
7.4896 1
7.22722 1
-3.50546 1
5.82236 1
3.3892 1
1.58918 1
8.61266 1
3.07952 1
4.77859 1
-0.144961 1
5.20903 1
2.7278 1
8.69599 1
-2.05116 1
2.61028 1
6.28576 1
7.6399 1
1.98044 1
7.90744 1
6.26411 1
1.83595 1
6.02124 1
5.81459 1
0.460319 1
-1.60715 1
4.6325 1
4.62905 1
5.44308 1
7.85277 1
-2.90753 1
4.67231 1
2.89373 1
7.21645 1
14.0367 1
5.53758 1
2.34886 1
6.65606 1
2.18678 1
6.52206 1
5.03591 1
5.81262 1
3.5739 1
8.80513 1
4.83257 1
5.47874 1
5.83932 1
6.5672 1
6.24211 1
6.54099 1
6.57038 1
-4.14282 1
6.20495 1
5.36456 1
6.10673 1
3.98161 1
3.80049 1
6.55044 1
5.70224 1
5.0662 1
5.9321 1
2.15633 1
6.11772 1
-4.75707 1
3.73077 1
7.75232 1
8.63812 1
5.06495 1
1.15088 1
2.80801 1
6.99326 1
5.27685 1
7.57505 1
5.00537 1
2.83181 1
9.45982 1
4.88896 1
-0.133872 1
8.84773 1
6.52009 1
4.29013 1
6.42106 1
10.103 1
7.17303 1
3.68095 1
7.25976 1
4.1379 1
7.90565 1
4.70057 1
5.2376 1
6.62195 1
7.2663 1
5.46801 1
8.18313 1
4.02913 1
8.62671 1
3.41165 1
4.52728 1
8.7081 1
4.55279 1
2.65451 1
4.51753 1
4.08013 1
2.68435 1
6.73665 1
10.8629 1
3.13268 1
6.10943 1
7.7162 1
3.9322 1
3.66361 1
13.4333 1
1.9563 1
5.58769 1
5.53678 1
12.1333 1
7.3098 1
8.93229 1
6.46893 1
0.265221 1
-3.4162 1
3.69025 1
1.12236 1
3.38498 1
1.57687 1
2.9186 1
5.25976 1
11.0858 1
0.943875 1
4.1309 1
4.11921 1
4.50433 1
5.48716 1
-0.214249 1
11.5018 1
5.16461 1
6.14489 1
6.35072 1
-3.21583 1
6.99784 1
4.31882 1
7.59886 1
6.86007 1
4.90625 1
4.46028 1
10.4601 1
5.0231 1
-1.95444 1
10.2553 1
6.07404 1
7.23796 1
5.32795 1
1.22338 1
4.5618 1
8.61169 1
6.66579 1
4.28103 1
6.22309 1
8.10425 1
7.79249 1
5.98698 1
9.68479 1
6.99338 1
5.23119 1
0.0754844 1
2.65081 1
2.19874 1
8.1814 1
11.3549 1
4.02842 1
4.64347 1
-3.03554 1
7.53044 1
0.344094 1
7.11645 1
6.43796 1
10.1464 1
3.01537 1
6.11872 1
7.3324 1
7.32975 1
10.9744 1
2.00794 1
-4.29567 1
9.20956 1
0.171249 1
4.40321 1
5.99826 1
6.10679 1
12.2659 1
7.46293 1
6.27883 1
3.04378 1
4.13266 1
9.66278 1
4 1
5.29448 1
5.55469 1
1.9678 1
6.97055 1
5.55944 1
4.11317 1
3.55861 1
7.84833 1
7.97558 1
5.1931 1
-0.371893 1
4.58958 1
5.46341 1
1.77277 1
7.63551 1
13.7974 1
5.21859 1
6.95594 1
4.18683 1
10.8276 1
8.40623 1
8.78758 1
12.8774 1
5.52973 1
3.61373 1
4.99477 1
9.81375 1
5.54142 1
6.17421 1
4.90724 1
8.23176 1
5.66476 1
5.87396 1
3.09617 1
6.08914 1
12.7478 1
-2.31762 1
14.2014 1
7.58641 1
4.97792 1
4.61171 1
0.25013 1
5.1846 1
4.05535 1
1.71698 1
3.74778 1
5.97887 1
6.94561 1
6.36072 1
2.93192 1
6.18693 1
7.91195 1
-0.0586222 1
13.4523 1
5.53791 1
4.98873 1
6.58957 1
7.14218 1
5.41068 1
3.79243 1
2.43036 1
3.37824 1
0.669267 1
7.36088 1
0.864549 1
0.240659 1
1.1061 1
4.41617 1
7.23844 1
4.43588 1
2.39944 1
9.94402 1
2.51657 1
6.72892 1
4.50959 1
3.13135 1
2.45604 1
2.36369 1
4.47813 1
5.58243 1
3.80348 1
6.88095 1
7.42572 1
6.04455 1
7.44938 1
5.95708 1
4.30371 1
4.94813 1
7.87414 1
2.18171 1
5.07021 1
8.34268 1
7.57119 1
4.29036 1
7.94348 1
6.03859 1
5.39863 1
-2.83431 1
1.86875 1
6.43389 1
6.36319 1
11.877 1
8.2877 1
3.49742 1
1.12841 1
12.9749 1
8.26128 1
3.38445 1
8.09304 1
7.18179 1
5.83543 1
7.19664 1
7.29393 1
3.51015 1
4.46015 1
1.28724 1
1.04899 1
11.4401 1
2.39818 1
5.99691 1
9.46241 1
6.99351 1
1.58936 1
5.60163 1
6.29124 1
6.82938 1
6.31974 1
-0.757673 1
0.263764 1
5.44298 1
4.05442 1
3.90136 1
1.5863 1
5.32932 1
6.34747 1
2.2586 1
5.53717 1
1.84455 1
0.176335 1
6.64548 1
5.89194 1
5.22325 1
9.4763 1
3.37263 1
5.48482 1
4.37876 1
10.621 1
7.72409 1
-0.895251 1
5.36601 1
6.34355 1
5.83729 1
5.78572 1
1.83762 1
4.43335 1
3.30298 1
4.60273 1
9.00224 1
14.6301 1
-1.3152 1
4.66249 1
5.26022 1
4.91168 1
4.59383 1
5.86771 1
0.10601 1
3.37876 1
5.21768 1
0.423493 1
6.47662 1
6.3079 1
2.41593 1
4.38369 1
1.04899 1
3.42742 1
4.61129 1
10.0541 1
5.80112 1
8.57029 1
5.33615 1
3.63307 1
9.79497 1
2.54692 1
6.49139 1
8.71101 1
3.39857 1
8.77901 1
1.69355 1
7.16509 1
5.71235 1
10.921 1
4.57784 1
2.23833 1
9.95859 1
8.51807 1
9.74312 1
8.88492 1
6.98863 1
8.96774 1
11.5161 1
7.78645 1
-0.115796 1
-4.37388 1
-2.00782 1
11.2398 1
8.55751 1
6.12817 1
8.02278 1
6.48037 1
3.82602 1
8.56756 1
-1.29807 1
11.1509 1
3.00514 1
7.16178 1
6.11924 1
13.9201 1
-3.96953 1
6.39439 1
9.74237 1
5.65582 1
7.11687 1
5.66404 1
3.64338 1
1.38262 1
3.38584 1
7.82689 1
4.80509 1
6.31205 1
7.79467 1
5.78277 1
5.04517 1
12.287 1
5.93508 1
6.12942 1
1.15272 1
9.46637 1
6.30941 1
3.13142 1
9.65511 1
5.78172 1
5.8794 1
6.31514 1
5.11168 1
6.68839 1
10.0361 1
9.68074 1
3.28771 1
5.25999 1
4.35367 1
7.89966 1
5.41214 1
7.30187 1
6.94347 1
9.79035 1
3.80579 1
5.00503 1
5.72257 1
-3.65884 1
3.03475 1
4.34571 1
4.80757 1
6.1919 1
3.94531 1
5.80904 1
5.0633 1
6.92406 1
4.98384 1
6.1855 1
0.87895 1
6.1699 1
3.07466 1
9.26158 1
-0.873104 1
1.92018 1
14.848 1
5.20989 1
0.394421 1
11.3484 1
11.185 1
7.33003 1
8.37368 1
3.33258 1
3.38012 1
5.93833 1
8.03541 1
7.4926 1
2.36374 1
3.26809 1
5.27684 1
7.67167 1
7.88829 1
4.72342 1
2.01194 1
6.94265 1
2.43331 1
5.37142 1
4.11937 1
13.6014 1
9.1862 1
5.17629 1
6.4646 1
1.38627 1
7.79774 1
3.64581 1
12.0373 1
6.76487 1
6.84595 1
4.62533 1
6.18599 1
10.8286 1
1.17397 1
6.97071 1
8.15533 1
10.067 1
8.49403 1
6.18642 1
4.76836 1
4.63939 1
6.59791 1
-2.84556 1
9.24998 1
6.31259 1
1.35416 1
10.1094 1
5.4907 1
1.2414 1
3.63906 1
4.95607 1
11.2067 1
1.39375 1
4.3669 1
10.2741 1
5.38045 1
7.97867 1
3.24252 1
4.03401 1
-2.76281 1
-4.11664 1
3.59845 1
5.26899 1
2.51886 1
3.83049 1
4.36116 1
3.05015 1
3.33741 1
-2.23435 1
6.63617 1
3.77801 1
6.40823 1
4.80456 1
5.60881 1
5.98403 1
6.56842 1
10.6317 1
5.33651 1
10.4176 1
5.3886 1
6.8045 1
2.13228 1
4.5892 1
2.9989 1
8.4113 1
4.08773 1
8.55331 1
2.24794 1
7.07562 1
4.48381 1
5.21346 1
5.63592 1
6.34337 1
6.06683 1
4.84711 1
10.513 1
4.62929 1
4.57421 1
1.71355 1
4.32104 1
2.87496 1
3.80244 1
4.13069 1
3.1232 1
5.63125 1
1.07629 1
4.93609 1
5.81685 1
4.67998 1
3.59357 1
4.60299 1
10.6635 1
10.1567 1
9.92343 1
4.75491 1
4.95781 1
7.44616 1
12.0411 1
3.17954 1
8.56041 1
-2.56048 1
6.69604 1
11.6833 1
6.66365 1
7.22904 1
5.64282 1
4.96161 1
5.89697 1
2.85793 1
8.35443 1
6.05313 1
4.78321 1
8.06663 1
-2.25946 1
5.92204 1
4.91954 1
4.56041 1
6.22413 1
-1.62554 1
-1.41578 1
7.38663 1
3.87352 1
3.82749 1
5.84093 1
6.59173 1
9.83768 1
3.29845 1
2.37206 1
2.36156 1
7.61947 1
-0.360881 1
3.83993 1
6.5517 1
4.69803 1
9.66327 1
9.36285 1
7.07198 1
5.9701 1
3.88865 1
3.11796 1
9.4309 1
7.2573 1
4.49138 1
10.1515 1
5.17021 1
7.0706 1
4.74337 1
4.53708 1
13.5753 1
5.87997 1
9.66072 1
6.1479 1
6.93131 1
3.88828 1
4.06121 1
7.38281 1
-2.06261 1
7.33802 1
4.12293 1
6.9115 1
10.1745 1
8.75776 1
5.83066 1
3.80201 1
5.37173 1
4.8695 1
6.51345 1
6.17664 1
3.85871 1
7.57282 1
0.848038 1
7.57467 1
4.41104 1
3.87435 1
7.67195 1
4.65379 1
3.58772 1
6.51584 1
1.42173 1
7.14929 1
5.60931 1
5.83518 1
1.53875 1
0.626549 1
8.7214 1
8.55472 1
3.73744 1
0.98944 1
11.99 1
-0.866756 1
6.60853 1
4.801 1
10.3957 1
2.96079 1
4.18906 1
8.13242 1
6.24403 1
9.11683 1
2.44246 1
5.90737 1
4.86804 1
9.58919 1
7.97849 1
4.64755 1
2.56635 1
3.86185 1
6.76858 1
5.17019 1
4.72306 1
4.15101 1
5.03633 1
5.01192 1
4.79264 1
5.4527 1
2.4347 1
9.49676 1
13.6478 1
4.80446 1
2.30836 1
4.50403 1
-0.782832 1
7.82609 1
-2.04462 1
5.47513 1
5.74333 1
0.0842259 1
12.8781 1
2.41704 1
4.16534 1
9.95211 1
4.47395 1
5.10651 1
8.9865 1
4.39797 1
6.31613 1
5.39668 1
2.45671 1
11.544 1
-2.52368 1
2.8783 1
4.79564 1
6.33145 1
7.86811 1
7.27635 1
4.70739 1
5.52931 1
7.82158 1
3.06509 1
12.4945 1
6.43987 1
5.27995 1
-0.495637 1
3.15138 1
3.88351 1
2.8214 1
8.47713 1
11.6684 1
5.21421 1
2.55398 1
4.43012 1
6.14964 1
4.01024 1
5.5803 1
7.51072 1
6.07227 1
4.69624 1
4.35463 1
4.30263 1
5.88049 1
8.92012 1
5.26094 1
3.29574 1
4.6447 1
8.66697 1
0.139439 1
3.90167 1
5.26435 1
6.30793 1
6.02777 1
14.1273 1
6.10802 1
12.6334 1
4.13005 1
5.20547 1
14.611 1
3.91725 1
5.69702 1
4.03037 1
0.309641 1
8.82736 1
6.97711 1
4.55787 1
9.31788 1
-4.04933 1
1.55344 1
6.49516 1
2.27385 1
0.379478 1
5.84426 1
3.92112 1
11.1525 1
4.25794 1
2.26645 1
-1.47081 1
6.96172 1
6.70672 1
9.34233 1
3.42279 1
5.80801 1
3.95504 1
1.95163 1
10.4452 1
6.62866 1
4.18509 1
0.986581 1
2.76954 1
9.08875 1
5.74548 1
4.12399 1
12.5634 1
4.45937 1
8.58638 1
7.48339 1
4.56437 1
4.24423 1
2.89727 1
2.70294 1
12.361 1
2.25272 1
3.49216 1
4.89256 1
-3.48162 1
-3.84266 1
7.40261 1
6.46052 1
8.64824 1
3.75783 1
6.33187 1
5.32321 1
2.06031 1
5.48605 1
6.95413 1
6.65428 1
3.15282 1
6.4663 1
5.41754 1
6.43962 1
9.12798 1
5.36279 1
3.7276 1
10.7925 1
7.47903 1
1.75883 1
6.86641 1
7.25608 1
6.18691 1
6.13804 1
7.663 1
5.31635 1
6.30367 1
7.20956 1
4.54241 1
-1.08899 1
5.27632 1
5.51566 1
5.07643 1
4.54972 1
0.171202 1
4.36918 1
5.94783 1
7.31974 1
-1.3343 1
8.07417 1
4.01351 1
3.7877 1
10.979 1
7.25831 1
2.11096 1
3.80726 1
-1.25776 1
-0.497646 1
3.63127 1
5.68154 1
8.71959 1
8.20582 1
10.8973 1
7.43136 1
-1.0866 1
9.56605 1
2.83107 1
4.34089 1
1.79535 1
7.89969 1
5.13363 1
5.18507 1
5.6753 1
4.03731 1
12.0646 1
6.8692 1
6.24958 1
3.03432 1
10.2244 1
4.52096 1
4.18567 1
6.20467 1
3.32346 1
8.40749 1
4.14478 1
4.33883 1
1.38045 1
9.66922 1
-0.155411 1
4.63996 1
4.58485 1
-0.482621 1
4.31579 1
6.75046 1
3.40723 1
4.64131 1
8.21682 1
6.45093 1
8.76034 1
6.51097 1
10.9543 1
3.12159 1
4.07516 1
7.69325 1
0.529772 1
0.986194 1
1.47196 1
5.60715 1
10.3658 1
4.45017 1
7.10245 1
0.988528 1
4.61373 1
5.32855 1
11.7363 1
1.57062 1
7.68359 1
-1.26183 1
4.36772 1
8.50892 1
6.81543 1
2.59422 1
8.75354 1
3.82594 1
4.02533 1
4.36959 1
5.32941 1
5.17298 1
6.34072 1
3.70945 1
5.03726 1
5.26003 1
4.55792 1
4.73962 1
4.85569 1
6.89187 1
6.92788 1
13.1428 1
9.33686 1
6.47035 1
3.85936 1
3.05412 1
5.80694 1
6.08888 1
-1.03943 1
-0.00876816 1
0.557542 1
3.73354 1
5.8968 1
1.63996 1
4.46558 1
5.9643 1
9.19885 1
4.36625 1
1.30784 1
8.68389 1
11.1228 1
1.54498 1
4.5677 1
-2.82294 1
6.5384 1
4.84389 1
2.40774 1
1.41499 1
14.3875 1
5.89522 1
0.325713 1
5.3342 1
-0.065539 1
5.06927 1
4.70827 1
6.27763 1
6.30643 1
2.94786 1
4.67653 1
5.08833 1
-4.70999 1
6.99685 1
4.22671 1
5.82712 1
5.36531 1
7.38964 1
3.05681 1
9.80426 1
-0.56485 1
4.56312 1
8.61868 1
6.34365 1
7.21395 1
9.32212 1
-0.743527 1
4.3658 1
7.36891 1
6.03635 1
2.02466 1
3.70089 1
-2.4727 1
4.60005 1
5.92255 1
7.81516 1
5.61219 1
8.4762 1
5.67282 1
1.56467 1
10.5594 1
2.64117 1
6.28348 1
8.61502 1
3.59326 1
6.75863 1
2.17165 1
4.30173 1
-1.0001 1
6.12973 1
3.95332 1
4.61994 1
-3.47864 1
2.8004 1
8.42585 1
4.90834 1
2.92734 1
12.1437 1
7.01618 1
3.53227 1
3.90574 1
2.98056 1
5.03753 1
4.16571 1
5.74805 1
1.99032 1
0.939759 1
6.5557 1
3.59016 1
5.19349 1
7.81138 1
4.07076 1
7.40247 1
5.68075 1
4.43093 1
4.42636 1
-0.0648425 1
0.369945 1
11.1209 1
3.96506 1
7.01431 1
4.08116 1
6.28739 1
9.23471 1
3.11403 1
8.00111 1
8.99339 1
4.51687 1
-2.35822 1
7.92978 1
5.18381 1
-0.110616 1
4.12986 1
7.70864 1
6.57988 1
3.27259 1
14.543 1
4.98436 1
6.0775 1
6.25797 1
5.67658 1
3.69476 1
8.88665 1
6.3254 1
0.472632 1
3.81281 1
2.95726 1
4.24658 1
8.5046 1
14.2356 1
8.16733 1
6.84848 1
7.29634 1
-0.00434138 1
7.5601 1
6.64091 1
7.27978 1
3.53263 1
9.69442 1
9.61468 1
-2.01553 1
3.58513 1
4.40688 1
4.22119 1
1.28337 1
3.10149 1
4.36485 1
3.63513 1
11.4118 1
11.5798 1
4.02679 1
9.59015 1
2.49265 1
4.66369 1
-1.07493 1
6.70901 1
8.97307 1
5.01741 1
3.38029 1
7.06919 1
0.2806 1
9.01895 1
11.2854 1
4.43586 1
10.8756 1
4.10428 1
2.54246 1
-0.455989 1
2.38452 1
-0.862383 1
5.23135 1
1.4286 1
0.391749 1
4.88427 1
2.11056 1
5.88792 1
10.2723 1
0.853438 1
5.73131 1
6.04687 1
1.68077 1
4.229 1
4.04658 1
6.79118 1
6.89923 1
14.8532 1
4.62631 1
2.62955 1
3.93192 1
8.24949 1
6.35542 1
2.01097 1
1.51879 1
4.95033 1
4.74429 1
8.27998 1
6.0015 1
5.14606 1
5.79186 1
9.17003 1
7.8144 1
5.56171 1
7.34062 1
1.97845 1
4.78783 1
7.81798 1
7.50074 1
2.597 1
-1.23602 1
7.81442 1
1.65419 1
8.70197 1
-1.6296 1
3.74341 1
3.58115 1
-2.1018 1
2.23617 1
5.15369 1
3.99059 1
6.6538 1
6.06128 1
12.2064 1
12.6565 1
2.63717 1
1.9801 1
1.77949 1
4.3412 1
4.79082 1
8.42243 1
5.65688 1
3.37313 1
3.80698 1
6.81748 1
7.43154 1
3.5338 1
0.900308 1
3.48781 1
7.40794 1
6.30119 1
2.80195 1
10.0701 1
7.10359 1
9.45669 1
5.16715 1
7.85049 1
3.86892 1
5.10798 1
5.55757 1
7.89244 1
3.81041 1
6.08936 1
6.2 1
7.90848 1
2.73078 1
4.81087 1
5.50373 1
4.20641 1
7.11233 1
9.39647 1
5.78894 1
1.60633 1
7.88969 1
5.70193 1
8.5034 1
6.92077 1
1.92989 1
6.4641 1
3.7306 1
-1.5951 1
5.02244 1
6.54687 1
9.37385 1
2.35901 1
6.63804 1
5.45664 1
-0.647194 1
2.48204 1
8.60317 1
11.768 1
1.10836 1
12.7266 1
9.09936 1
3.23 1
4.32723 1
4.43954 1
5.77477 1
10.5572 1
5.61476 1
2.74435 1
9.14914 1
2.88095 1
6.27131 1
6.77378 1
4.19598 1
8.45633 1
10.0407 1
-0.483809 1
3.60647 1
0.256276 1
6.46674 1
5.23205 1
4.33586 1
6.00027 1
7.61741 1
5.89117 1
6.39026 1
3.97051 1
5.73808 1
6.10799 1
7.21983 1
4.46581 1
6.2747 1
6.61195 1
5.97901 1
2.94492 1
8.31745 1
9.21609 1
5.10585 1
6.47371 1
6.18286 1
5.35742 1
3.3241 1
6.00359 1
0.808543 1
5.72378 1
5.12743 1
-0.693708 1
5.82836 1
3.16772 1
6.49799 1
6.9521 1
4.15138 1
2.29585 1
9.57476 1
3.68757 1
6.27538 1
5.68942 1
4.85347 1
3.59378 1
5.83997 1
10.2602 1
0.137594 1
-4.56875 1
6.42461 1
2.32527 1
6.50825 1
1.85034 1
5.75732 1
6.67978 1
6.08685 1
4.6359 1
6.67984 1
4.99297 1
7.00719 1
6.61581 1
7.43328 1
3.90308 1
4.61213 1
0.149703 1
0.936259 1
3.59605 1
-3.57268 1
3.04026 1
8.52972 1
2.26445 1
3.58491 1
4.37458 1
4.39688 1
8.1785 1
6.08931 1
4.78786 1
4.36015 1
10.8548 1
4.83362 1
5.50847 1
8.36153 1
7.24127 1
9.5723 1
-0.0576963 1
2.69142 1
5.67057 1
7.81356 1
5.93426 1
10.7297 1
5.6892 1
-0.841398 1
10.358 1
10.169 1
8.50741 1
7.04136 1
4.4237 1
7.96709 1
3.50201 1
-0.69865 1
1.34274 1
-2.60948 1
4.72149 1
-1.63229 1
6.7341 1
3.97122 1
10.5037 1
3.02581 1
9.82172 1
4.21472 1
1.11188 1
6.11964 1
6.11075 1
6.27489 1
2.85606 1
0.893493 1
1.98678 1
4.25451 1
6.76494 1
7.2764 1
6.35444 1
4.40289 1
4.20823 1
4.95676 1
3.90645 1
6.2199 1
4.15392 1
2.32554 1
8.63171 1
5.91068 1
5.05826 1
3.1389 1
5.95002 1
13.4043 1
7.07076 1
10.6653 1
4.22941 1
0.432882 1
10.3062 1
8.20127 1
1.90376 1
7.66647 1
4.19745 1
4.01975 1
1.72028 1
1.9992 1
-3.15913 1
8.83786 1
-1.67996 1
-0.937394 1
6.57526 1
5.54432 1
3.24755 1
5.21641 1
6.50529 1
5.85162 1
6.53152 1
5.67828 1
6.30839 1
7.81828 1
-2.60023 1
9.88869 1
5.42365 1
5.55857 1
5.16563 1
4.44862 1
5.20991 1
8.51495 1
4.55851 1
-2.15713 1
5.51699 1
3.28246 1
-4.18537 1
9.4308 1
2.92631 1
2.98439 1
8.88558 1
2.84417 1
-2.29373 1
10.1476 1
3.72582 1
3.70282 1
4.15662 1
4.23362 1
3.37226 1
2.35756 1
1.33111 1
6.23766 1
5.82438 1
6.25279 1
2.81945 1
7.2767 1
5.38994 1
4.29954 1
7.05261 1
7.022 1
6.49583 1
3.4301 1
10.5008 1
1.55591 1
-3.04187 1
5.86062 1
3.82121 1
4.48667 1
8.08425 1
4.40784 1
-1.57855 1
5.82707 1
6.04283 1
8.41259 1
3.19286 1
4.55484 1
5.54723 1
7.26518 1
8.69502 1
-3.87284 1
3.10429 1
5.43055 1
3.66199 1
5.08744 1
3.20683 1
8.66531 1
6.15334 1
8.24589 1
3.29444 1
10.0422 1
7.25621 1
8.74741 1
7.73302 1
5.03571 1
2.68649 1
6.31512 1
3.87424 1
11.5244 1
4.08294 1
6.51899 1
3.2408 1
6.73805 1
2.37113 1
6.96093 1
3.48172 1
5.14085 1
4.55312 1
5.87759 1
10.2509 1
4.83712 1
9.03345 1
11.1552 1
4.96853 1
3.63538 1
1.17699 1
5.18514 1
7.50133 1
1.19705 1
5.96257 1
4.75582 1
-0.095377 1
6.83576 1
5.13553 1
5.45879 1
14.2308 1
3.78657 1
8.44396 1
4.00474 1
4.77007 1
7.8394 1
2.29086 1
7.82752 1
-0.356917 1
6.36103 1
6.93274 1
6.52404 1
4.86399 1
2.60253 1
4.58687 1
7.88818 1
6.61653 1
5.31222 1
7.35312 1
11.2184 1
5.44759 1
5.72274 1
6.04892 1
5.06963 1
5.827 1
1.27187 1
5.52021 1
4.07283 1
2.52364 1
8.10013 1
6.63053 1
6.75024 1
0.532054 1
11.651 1
5.62295 1
2.10771 1
4.98616 1
4.71934 1
9.3988 1
6.77455 1
0.812934 1
3.35094 1
5.88761 1
6.36521 1
6.08528 1
2.80289 1
7.15063 1
7.86439 1
14.8013 1
6.28631 1
6.48028 1
4.04263 1
7.10309 1
5.94044 1
8.0837 1
7.76025 1
9.64191 1
5.94848 1
7.48567 1
3.45227 1
0.479055 1
9.28427 1
3.53404 1
4.39343 1
3.22878 1
-0.304132 1
0.921875 1
4.77565 1
4.25889 1
5.78723 1
1.30468 1
10.4201 1
4.22494 1
4.89138 1
12.5009 1
2.19498 1
5.15573 1
5.54468 1
8.62978 1
4.37596 1
6.32262 1
3.23446 1
11.9604 1
4.33767 1
4.92034 1
6.00486 1
-4.25119 1
6.64918 1
-3.18015 1
4.98715 1
3.90649 1
0.0911635 1
5.23214 1
0.0525362 1
4.71372 1
3.88355 1
7.84305 1
5.12805 1
4.76152 1
5.08424 1
10.0098 1
7.26869 1
4.28877 1
4.46098 1
7.86913 1
5.87855 1
6.18523 1
7.2622 1
0.400791 1
8.01947 1
1.11718 1
1.2413 1
5.76128 1
10.042 1
6.45886 1
3.88572 1
2.71913 1
6.41487 1
1.17867 1
1.24427 1
8.23607 1
6.01531 1
8.90205 1
4.23818 1
-1.34586 1
5.66488 1
-2.8953 1
0.529061 1
-0.371652 1
4.44411 1
5.06045 1
3.24274 1
-1.04982 1
6.77729 1
3.10694 1
3.87658 1
2.0157 1
5.16443 1
5.37355 1
2.93797 1
0.837788 1
5.62478 1
4.50926 1
5.37833 1
5.62966 1
4.22976 1
7.2425 1
6.1843 1
6.86208 1
6.12188 1
0.350823 1
5.77462 1
3.79846 1
0.966809 1
-0.971048 1
2.10716 1
5.22164 1
10.0656 1
7.72929 1
1.5175 1
6.62103 1
-1.99408 1
6.26666 1
14.851 1
0.0437934 1
5.23941 1
8.00253 1
7.14024 1
5.89867 1
5.4341 1
5.38102 1
5.75851 1
4.90788 1
4.39394 1
7.16923 1
3.80299 1
2.07001 1
5.20182 1
2.35302 1
3.10236 1
6.53142 1
8.542 1
6.32022 1
6.80819 1
2.24651 1
3.01346 1
3.5641 1
10.2438 1
3.18149 1
6.16919 1
0.703915 1
3.93969 1
7.91186 1
6.8462 1
7.30149 1
9.41646 1
-2.16263 1
-1.2097 1
4.00049 1
11.9557 1
9.41531 1
6.9692 1
6.21879 1
6.33628 1
9.41987 1
7.52199 1
9.0817 1
3.48488 1
7.54044 1
3.6994 1
8.83534 1
7.19749 1
6.73407 1
2.93075 1
3.83062 1
-4.14873 1
3.63501 1
5.95314 1
0.0256885 1
5.28708 1
3.41565 1
6.10311 1
7.48075 1
5.53575 1
6.25754 1
6.17742 1
4.80784 1
3.72512 1
4.39658 1
3.59411 1
7.6597 1
7.54358 1
7.62126 1
6.02609 1
5.6532 1
4.93702 1
1.94936 1
6.76075 1
4.55037 1
6.32119 1
3.76221 1
12.1908 1
0.807872 1
-1.75021 1
2.03735 1
2.91948 1
8.89662 1
9.69176 1
8.87591 1
4.1694 1
3.67686 1
3.26398 1
8.69281 1
6.55791 1
2.39054 1
4.52816 1
5.10209 1
-0.813104 1
7.54671 1
3.1624 1
3.68244 1
3.78984 1
5.67888 1
4.04125 1
7.80911 1
2.86773 1
5.18707 1
3.47067 1
4.78599 1
6.19251 1
6.24437 1
-3.80154 1
10.0716 1
2.04873 1
2.33548 1
2.93435 1
5.35225 1
7.01434 1
4.00326 1
4.3008 1
4.50749 1
1.26506 1
1.26898 1
2.73878 1
5.74814 1
4.27913 1
-2.02014 1
1.11379 1
8.43057 1
4.47731 1
0.155585 1
-0.181961 1
3.61232 1
10.2622 1
4.10676 1
12.3865 1
13.8385 1
5.75568 1
4.46813 1
3.22049 1
7.8289 1
8.36553 1
7.49761 1
9.60889 1
4.71588 1
1.84023 1
9.67383 1
-0.577866 1
9.07525 1
5.76845 1
5.1284 1
6.7716 1
12.2865 1
7.50447 1
7.05617 1
-2.59621 1
5.75444 1
-3.27133 1
-2.96505 1
2.71965 1
5.69829 1
6.54393 1
4.00292 1
6.56293 1
5.70524 1
5.96647 1
4.2615 1
3.70902 1
3.51852 1
2.25541 1
7.7917 1
0.313452 1
3.38421 1
4.85417 1
4.7338 1
3.87365 1
3.3356 1
3.12744 1
5.05869 1
1.83681 1
4.32338 1
4.34145 1
4.18261 1
6.16645 1
0.194739 1
7.57281 1
4.03525 1
6.56365 1
5.06166 1
4.91312 1
2.93922 1
1.97935 1
6.27091 1
6.5403 1
3.50994 1
6.48487 1
5.60765 1
-1.48979 1
0.00561706 1
5.93685 1
6.43937 1
6.85774 1
3.15054 1
6.28067 1
4.99878 1
-3.12755 1
4.97127 1
6.45503 1
4.65188 1
5.7666 1
1.99044 1
5.1914 1
4.80989 1
3.89306 1
8.8801 1
10.1513 1
1.93421 1
2.62946 1
5.99584 1
5.64438 1
5.20519 1
8.03341 1
5.79631 1
6.73948 1
6.99681 1
8.1617 1
9.07109 1
8.03134 1
5.89562 1
6.43556 1
5.28693 1
5.38596 1
6.05766 1
0.601927 1
3.9368 1
6.03291 1
7.06489 1
6.64452 1
4.57 1
5.25965 1
9.19844 1
9.62033 1
3.75901 1
5.4389 1
4.70319 1
3.2243 1
3.96345 1
4.29941 1
4.68582 1
2.12033 1
12.5141 1
5.84047 1
3.43471 1
8.8764 1
5.81015 1
5.55913 1
7.02494 1
3.39182 1
-1.40078 1
4.83732 1
11.7784 1
8.1957 1
4.61341 1
6.76882 1
8.39281 1
5.85027 1
14.2363 1
6.62755 1
3.5007 1
4.39073 1
2.30287 1
6.88879 1
-2.34839 1
7.42388 1
13.4505 1
3.10808 1
4.59717 1
4.72945 1
9.14135 1
4.82026 1
12.8742 1
6.56285 1
2.66957 1
5.87242 1
5.00391 1
3.95582 1
5.6398 1
6.41897 1
6.3373 1
6.59189 1
-2.22781 1
2.52274 1
5.69421 1
4.15868 1
1.09566 1
7.10762 1
5.18883 1
2.52696 1
3.62352 1
5.99557 1
10.9222 1
-1.25916 1
-3.8765 1
1.63243 1
6.64289 1
8.55909 1
4.51391 1
1.19774 1
5.0029 1
0.871128 1
4.92068 1
3.67477 1
7.76532 1
8.84379 1
10.6252 1
5.36307 1
5.54111 1
5.21728 1
14.4063 1
-1.13886 1
8.90186 1
5.77759 1
-0.244605 1
1.73505 1
7.23342 1
3.35997 1
11.9442 1
7.02212 1
4.71906 1
-4.26731 1
7.84322 1
2.76252 1
1.23542 1
0.320075 1
10.7659 1
2.98393 1
6.60659 1
3.76952 1
3.41012 1
6.00889 1
4.07727 1
4.43987 1
4.04714 1
3.38436 1
-4.27659 1
2.67978 1
1.68524 1
5.47605 1
9.29368 1
4.771 1
4.74793 1
2.85685 1
3.52037 1
0.0487399 1
6.00059 1
-3.45852 1
9.79449 1
0.885974 1
3.02563 1
5.04752 1
1.5173 1
5.74345 1
9.2498 1
3.59848 1
6.81457 1
6.77447 1
4.72768 1
4.01112 1
4.79926 1
5.2537 1
4.2106 1
5.86101 1
8.85689 1
5.74111 1
5.13467 1
5.27216 1
3.59949 1
5.07463 1
11.3202 1
7.6155 1
-4.36448 1
8.50321 1
7.82532 1
3.99872 1
2.40037 1
4.34915 1
9.64715 1
5.56386 1
6.2099 1
2.1932 1
4.3052 1
4.7912 1
-3.45969 1
4.7952 1
5.02413 1
1.64902 1
6.41371 1
4.42141 1
4.53175 1
11.7287 1
-4.62113 1
5.62639 1
3.3034 1
0.90913 1
6.32667 1
14.6134 1
-3.65796 1
11.4174 1
7.21605 1
1.47303 1
-0.485997 1
1.88803 1
7.7862 1
0.958119 1
2.02594 1
7.68562 1
5.46119 1
7.52211 1
4.07858 1
11.2746 1
6.08863 1
1.32086 1
3.50413 1
5.28452 1
6.36454 1
12.1449 1
7.40896 1
5.72249 1
2.87053 1
2.42324 1
10.5369 1
10.371 1
6.08146 1
10.9972 1
8.86832 1
2.21402 1
5.87665 1
6.55005 1
2.07001 1
6.52771 1
3.47898 1
6.52908 1
4.18659 1
1.68247 1
4.05737 1
12.2524 1
1.83782 1
2.44118 1
6.89386 1
7.0251 1
6.9077 1
5.18154 1
5.7401 1
4.48797 1
-1.16501 1
6.47868 1
0.977267 1
4.53087 1
6.08632 1
5.27402 1
-0.832783 1
5.04372 1
4.97923 1
11.9879 1
7.28667 1
10.1515 1
11.5342 1
3.03012 1
4.44167 1
14.7925 1
5.41203 1
9.13716 1
11.6738 1
6.39177 1
2.79492 1
2.99405 1
3.13215 1
7.73001 1
0.182515 1
7.04812 1
4.41413 1
3.61934 1
-0.657842 1
4.01979 1
2.73793 1
4.87189 1
11.6283 1
11.8487 1
3.66715 1
7.83873 1
6.55451 1
5.86312 1
1.48604 1
-2.43577 1
7.01979 1
0.950609 1
11.4859 1
12.4756 1
0.67416 1
7.8627 1
2.41395 1
7.03285 1
5.7332 1
3.25556 1
3.20975 1
5.01332 1
8.13865 1
4.65921 1
7.9313 1
2.51299 1
8.12873 1
4.2445 1
11.8416 1
-2.29522 1
5.63815 1
9.91264 1
-3.02387 1
5.41525 1
1.57224 1
5.03961 1
6.0921 1
8.0502 1
6.99113 1
3.35126 1
5.09316 1
4.68311 1
6.02397 1
2.83198 1
4.06435 1
4.28639 1
5.47938 1
7.4334 1
5.43949 1
6.35208 1
4.1243 1
4.25391 1
8.2157 1
7.54073 1
6.99902 1
2.96524 1
4.94613 1
4.80955 1
11.2625 1
6.63405 1
12.9517 1
11.1832 1
-1.43742 1
11.4918 1
5.4887 1
6.50261 1
6.08493 1
11.1231 1
6.03491 1
4.00743 1
3.73132 1
5.32827 1
-2.30379 1
4.72183 1
8.36041 1
5.61678 1
0.543975 1
4.83165 1
9.06288 1
4.52559 1
12.119 1
-2.76243 1
7.83877 1
2.16692 1
12.4812 1
6.11581 1
5.16429 1
2.45919 1
5.20861 1
5.88267 1
4.82788 1
4.63871 1
8.19169 1
8.98379 1
3.60596 1
4.40393 1
2.58969 1
10.7321 1
4.51811 1
7.84087 1
7.41453 1
4.10596 1
-0.73999 1
3.4795 1
10.6179 1
7.07623 1
6.56885 1
3.78514 1
5.24899 1
11.5778 1
7.74323 1
7.07934 1
0.93161 1
5.89138 1
2.4049 1
5.24969 1
4.67249 1
5.81953 1
4.91724 1
9.06424 1
2.66056 1
6.08571 1
10.6635 1
6.78952 1
4.37096 1
11.507 1
4.53573 1
9.6218 1
5.03336 1
3.20928 1
5.6448 1
6.79462 1
3.61397 1
-1.12291 1
6.0332 1
4.8319 1
4.91253 1
7.58188 1
6.32171 1
5.83643 1
2.33545 1
3.11579 1
7.69721 1
2.25485 1
4.20412 1
3.40199 1
5.16395 1
3.83566 1
7.55638 1
14.1488 1
2.97896 1
7.30338 1
3.1715 1
0.957211 1
5.51921 1
4.65697 1
2.70887 1
3.51566 1
9.04545 1
8.77953 1
3.55186 1
4.0679 1
12.4194 1
1.62016 1
5.5219 1
-0.345809 1
2.42895 1
-3.81069 1
4.49988 1
6.36438 1
12.3015 1
1.29033 1
2.17989 1
2.71366 1
-1.85542 1
0.906391 1
13.3313 1
0.671454 1
5.71854 1
5.33597 1
4.56249 1
5.03058 1
1.19972 1
4.08717 1
3.80375 1
4.7248 1
6.29577 1
8.41322 1
1.14719 1
4.75313 1
7.61108 1
3.85528 1
4.83866 1
5.45721 1
3.53736 1
0.219135 1
0.51779 1
4.81082 1
4.4248 1
6.89821 1
5.94153 1
4.85737 1
11.1005 1
14.3047 1
1.69986 1
4.55017 1
-2.60863 1
7.62063 1
5.09002 1
2.45978 1
-2.05654 1
6.00572 1
4.13456 1
6.28002 1
8.21626 1
3.8038 1
0.890147 1
3.78896 1
4.51006 1
0.795127 1
9.63696 1
6.44699 1
4.82829 1
3.93126 1
2.76519 1
-0.214451 1
3.53122 1
-1.28674 1
5.475 1
2.62413 1
9.53781 1
5.1871 1
6.32508 1
4.75062 1
-0.122638 1
2.40905 1
2.86572 1
10.6398 1
6.24759 1
3.26102 1
-0.00498376 1
4.22944 1
-0.378543 1
9.53004 1
-0.183365 1
5.70569 1
4.94534 1
4.65436 1
5.38022 1
1.10822 1
5.50536 1
-3.12263 1
5.33692 1
5.72845 1
11.9228 1
6.13764 1
5.04964 1
10.1222 1
5.94392 1
7.66062 1
7.13567 1
5.1498 1
3.39924 1
6.34913 1
8.26687 1
-0.835483 1
2.87854 1
5.57718 1
-2.28106 1
8.18056 1
10.049 1
7.5496 1
5.29046 1
6.7738 1
3.9101 1
6.20714 1
7.58577 1
5.25917 1
4.24227 1
4.28915 1
6.05546 1
1.39043 1
9.74467 1
-2.81756 1
6.12195 1
6.48748 1
6.81113 1
10.4063 1
4.4927 1
3.76157 1
6.61061 1
5.10721 1
1.67667 1
-0.070342 1
7.02034 1
7.06758 1
6.62009 1
-0.650718 1
9.72019 1
2.76837 1
5.41258 1
4.96594 1
14.6404 1
6.74748 1
4.05789 1
3.55152 1
3.49842 1
3.99764 1
-0.595601 1
3.40247 1
5.5043 1
5.57408 1
4.12465 1
7.97797 1
4.26892 1
5.20587 1
4.26999 1
5.70398 1
-2.13901 1
6.14441 1
6.5409 1
8.18274 1
5.45558 1
0.208149 1
3.67554 1
2.32194 1
4.83673 1
2.38642 1
3.99229 1
3.40904 1
-1.10602 1
4.59777 1
6.75683 1
2.96471 1
9.50495 1
13.6822 1
3.13237 1
0.462076 1
2.34989 1
3.17143 1
13.8521 1
-1.39854 1
4.42948 1
0.367249 1
8.31257 1
6.42034 1
-0.0783068 1
4.73033 1
10.5864 1
2.42987 1
6.17053 1
8.68475 1
5.59729 1
5.38877 1
8.7575 1
6.97799 1
8.23046 1
3.53538 1
2.48082 1
5.34979 1
2.87496 1
4.65017 1
10.8922 1
9.7824 1
3.87388 1
4.08078 1
5.71249 1
11.0007 1
2.45536 1
12.1519 1
0.775718 1
1.67227 1
-3.63554 1
4.62605 1
4.93182 1
5.04178 1
3.84732 1
-0.428337 1
5.83815 1
5.20463 1
5.18597 1
1.59182 1
4.24172 1
8.4265 1
12.9385 1
9.94732 1
4.69851 1
11.9873 1
8.58751 1
4.81945 1
6.14521 1
9.87537 1
3.43304 1
3.71515 1
3.36263 1
14.4343 1
5.48095 1
2.04372 1
2.59675 1
5.00757 1
4.55232 1
8.31188 1
7.40737 1
4.75164 1
14.3249 1
-1.71645 1
6.0366 1
8.74043 1
6.02791 1
5.01221 1
5.17668 1
2.42855 1
6.85943 1
-3.38789 1
5.27099 1
4.62094 1
2.95869 1
-1.27405 1
4.52034 1
6.56583 1
5.95489 1
4.06696 1
4.05368 1
-1.35477 1
7.47477 1
7.81443 1
8.74756 1
1.97838 1
2.09867 1
5.35462 1
8.95188 1
6.12258 1
3.68625 1
3.93737 1
4.31647 1
2.94838 1
5.37008 1
6.10227 1
9.71808 1
4.61517 1
3.49222 1
-2.77178 1
12.0431 1
13.5711 1
4.15913 1
-0.789315 1
2.83268 1
6.39647 1
1.98186 1
9.26137 1
1.71885 1
4.86267 1
4.20227 1
2.19083 1
5.88517 1
8.75858 1
2.0913 1
3.23868 1
3.92264 1
8.06358 1
3.91791 1
4.35049 1
8.15797 1
5.61869 1
6.82447 1
4.45383 1
3.95207 1
6.18188 1
5.63625 1
4.83347 1
4.11576 1
5.21936 1
3.4817 1
0.00117043 1
5.2951 1
9.31957 1
3.81456 1
6.38321 1
6.75929 1
-0.494789 1
4.47146 1
-3.08068 1
10.0987 1
1.80492 1
12.7945 1
0.513221 1
5.90793 1
6.26678 1
6.20478 1
4.43201 1
0.625274 1
-0.0808045 1
-1.59225 1
9.42181 1
5.68579 1
8.00198 1
5.36006 1
4.99372 1
5.84284 1
3.87077 1
4.77479 1
4.53868 1
5.97897 1
4.69806 1
3.15568 1
7.82922 1
7.16368 1
7.47742 1
4.93939 1
4.5278 1
6.25989 1
2.03849 1
-1.10387 1
0.22491 1
7.3768 1
5.26255 1
5.15873 1
-0.691264 1
2.30689 1
0.827133 1
2.29629 1
7.60875 1
3.04688 1
8.65946 1
3.80802 1
5.9403 1
7.05554 1
5.35405 1
-1.54189 1
7.20827 1
6.6249 1
-4.3469 1
9.08521 1
4.38783 1
6.30992 1
2.83162 1
6.24418 1
5.98127 1
2.87171 1
9.87059 1
6.83204 1
3.32356 1
5.23029 1
5.28008 1
4.47182 1
6.01172 1
3.95318 1
9.5767 1
2.24782 1
6.62082 1
2.79828 1
5.87701 1
7.36215 1
3.86629 1
3.09858 1
-2.24298 1
3.37359 1
3.39766 1
5.65862 1
5.63998 1
2.91949 1
12.4745 1
8.07961 1
6.16471 1
6.49253 1
6.27708 1
6.30594 1
2.88022 1
3.24204 1
6.56225 1
7.21176 1
-1.50781 1
4.24123 1
10.3632 1
9.80712 1
6.6045 1
3.44273 1
5.62301 1
2.0413 1
10.2916 1
4.7652 1
0.705383 1
5.50407 1
7.16698 1
8.68197 1
5.65154 1
6.05734 1
6.01561 1
-1.47706 1
8.94099 1
0.83161 1
10.9105 1
7.14306 1
0.743022 1
4.56398 1
10.9596 1
5.26064 1
4.04744 1
6.21011 1
5.78367 1
-1.90624 1
13.5113 1
4.74931 1
7.98802 1
3.57732 1
11.3963 1
12.5049 1
4.41055 1
1.29451 1
0.369907 1
3.49717 1
3.70784 1
3.75572 1
5.84041 1
5.30641 1
4.24604 1
5.01664 1
5.95335 1
9.78296 1
4.65082 1
5.43014 1
7.81741 1
5.13565 1
2.62263 1
4.89507 1
4.67331 1
6.29361 1
5.894 1
-3.0957 1
2.3907 1
-1.83832 1
10.1437 1
1.72645 1
8.81311 1
2.61576 1
6.89362 1
3.84719 1
6.33734 1
7.01679 1
4.56677 1
6.41434 1
6.49257 1
9.46487 1
9.43103 1
6.64434 1
7.59881 1
10.8731 1
8.74499 1
6.95113 1
4.73294 1
2.34074 1
2.83641 1
6.1941 1
-3.82543 1
3.2921 1
3.03744 1
3.6624 1
8.58817 1
0.819799 1
13.2126 1
3.50895 1
7.74096 1
13.4495 1
-1.98918 1
4.10378 1
-4.72014 1
6.91702 1
1.43659 1
3.23985 1
3.70016 1
3.76266 1
6.17913 1
3.20989 1
6.18408 1
5.36899 1
4.45429 1
-4.80263 1
5.67963 1
1.79156 1
6.73613 1
3.68976 1
6.25373 1
5.07662 1
14.8181 1
2.38122 1
9.52554 1
6.2331 1
3.09442 1
14.4007 1
0.978366 1
4.1729 1
3.1623 1
6.84402 1
6.35926 1
4.62072 1
7.53127 1
4.27607 1
9.65176 1
2.51392 1
6.57299 1
4.57936 1
3.31135 1
7.10984 1
1.26222 1
3.85211 1
3.99864 1
3.00353 1
5.26873 1
3.40176 1
2.09867 1
3.30879 1
5.58225 1
9.83749 1
4.74516 1
8.40312 1
4.70729 1
6.35658 1
4.07173 1
3.82039 1
5.19908 1
9.9691 1
4.47182 1
6.49285 1
2.19566 1
1.35807 1
6.57957 1
5.32988 1
4.14269 1
5.49165 1
6.10462 1
12.351 1
-3.12529 1
3.86825 1
2.26562 1
4.59638 1
5.83276 1
6.58806 1
0.980977 1
3.19869 1
3.33387 1
3.5038 1
5.41468 1
3.81375 1
5.35413 1
13.7423 1
5.13481 1
-1.4419 1
2.11386 1
-0.827681 1
5.78649 1
-4.10259 1
-4.04962 1
5.14823 1
7.97778 1
3.38651 1
5.56059 1
5.15184 1
1.97618 1
3.16621 1
4.85788 1
4.21517 1
11.616 1
0.636933 1
3.20381 1
10.0629 1
4.03536 1
5.74103 1
10.1062 1
5.30202 1
10.8076 1
4.76304 1
5.43321 1
6.17503 1
6.75777 1
1.95623 1
11.9826 1
4.13203 1
-3.74231 1
5.14112 1
6.38801 1
0.771642 1
-3.54973 1
5.46573 1
6.91117 1
8.98059 1
5.09394 1
5.16449 1
4.37366 1
2.13048 1
3.92547 1
-0.736311 1
5.29745 1
5.0353 1
8.3267 1
4.19571 1
5.80021 1
7.67016 1
6.3333 1
7.45555 1
6.73876 1
5.23886 1
13.3387 1
11.9728 1
6.68723 1
6.27785 1
4.91591 1
9.03943 1
8.68683 1
4.3096 1
6.0098 1
5.43909 1
9.05898 1
6.63639 1
14.4016 1
6.26214 1
12.154 1
5.07742 1
8.9962 1
4.26634 1
3.32928 1
6.95292 1
6.70166 1
5.47524 1
6.16604 1
3.09092 1
6.58752 1
3.76637 1
6.99091 1
2.59728 1
7.32242 1
3.37746 1
7.6643 1
9.40216 1
4.66441 1
5.39708 1
14.2772 1
4.54328 1
8.12369 1
7.45824 1
6.78186 1
5.11648 1
7.00172 1
12.4558 1
6.11279 1
6.21499 1
3.5449 1
2.54276 1
6.72025 1
10.9681 1
4.31096 1
10.5414 1
8.26338 1
2.88164 1
2.31505 1
3.42866 1
1.30826 1
4.86266 1
3.77223 1
8.51114 1
8.308 1
2.30935 1
5.86952 1
11.2322 1
3.10556 1
4.51559 1
7.49143 1
6.38764 1
-0.316696 1
8.30267 1
5.70698 1
7.76155 1
2.19804 1
3.72 1
8.55211 1
0.612235 1
5.96063 1
6.34842 1
-1.22042 1
2.34572 1
4.49219 1
3.16575 1
4.63864 1
5.78592 1
0.799988 1
4.76236 1
2.90882 1
3.48368 1
8.84353 1
6.19412 1
5.58222 1
1.63186 1
6.97686 1
3.02246 1
1.05115 1
3.04854 1
7.03109 1
5.7204 1
8.06151 1
-0.925961 1
6.23619 1
9.50392 1
2.34119 1
2.7185 1
8.25789 1
4.80054 1
4.03502 1
4.5752 1
1.00734 1
4.98339 1
5.25522 1
7.44789 1
4.12902 1
6.25836 1
-1.95292 1
3.42936 1
13.2285 1
6.66188 1
5.05724 1
-3.74507 1
8.87963 1
8.58857 1
4.3864 1
4.58056 1
4.14955 1
5.16015 1
3.93546 1
8.31634 1
1.53457 1
0.380643 1
7.95404 1
6.21594 1
6.40006 1
4.3628 1
5.50348 1
8.03675 1
4.24221 1
0.183603 1
3.19284 1
8.62832 1
4.00594 1
11.138 1
7.10108 1
2.19657 1
5.18809 1
5.52735 1
10.0402 1
8.09137 1
7.60363 1
5.73286 1
8.77133 1
6.79155 1
11.2245 1
6.46294 1
5.21142 1
5.26879 1
4.48282 1
4.40192 1
6.52498 1
3.88458 1
7.4782 1
5.85251 1
6.26412 1
10.3014 1
4.63247 1
3.29065 1
7.5315 1
7.65513 1
7.62443 1
3.25765 1
5.76285 1
4.56109 1
7.40846 1
8.16429 1
3.65509 1
13.8017 1
5.24502 1
2.99252 1
9.49261 1
-1.80537 1
5.04108 1
7.00393 1
2.98295 1
3.93011 1
3.7813 1
2.66578 1
6.52139 1
5.25751 1
6.68584 1
6.19054 1
6.19363 1
3.09254 1
9.49437 1
2.70509 1
2.59586 1
3.93558 1
7.32304 1
4.62206 1
5.618 1
6.25722 1
13.0271 1
2.86317 1
3.11045 1
13.6617 1
1.56626 1
-0.389393 1
-2.50368 1
6.98696 1
5.4516 1
-1.81868 1
4.92368 1
9.69437 1
7.67595 1
4.69958 1
5.39591 1
3.53491 1
6.73182 1
7.88787 1
6.16656 1
7.05544 1
0.440037 1
6.0258 1
5.64992 1
5.84983 1
3.34779 1
6.40499 1
4.71205 1
10.2046 1
2.5739 1
6.09481 1
2.55592 1
3.59008 1
7.99168 1
2.83558 1
8.48312 1
5.07276 1
3.39265 1
3.88599 1
7.42101 1
6.93977 1
6.60043 1
4.51283 1
5.362 1
7.90732 1
6.43987 1
6.72785 1
5.3426 1
4.06756 1
9.42235 1
5.21702 1
4.48709 1
6.96248 1
-0.323635 1
4.94822 1
0.432788 1
8.36067 1
6.26932 1
5.45749 1
1.5685 1
3.33015 1
3.04036 1
5.25564 1
2.17878 1
4.6183 1
2.22182 1
4.78748 1
4.78817 1
4.43558 1
6.29536 1
1.25051 1
6.82817 1
1.89195 1
5.1549 1
6.17143 1
1.72678 1
3.36653 1
4.66294 1
0.932082 1
10.4285 1
12.3382 1
12.6746 1
7.49226 1
4.19123 1
3.30031 1
3.68396 1
4.1937 1
9.00203 1
4.81709 1
7.13092 1
8.16739 1
3.91639 1
6.00135 1
9.26603 1
5.00054 1
-4.35336 1
9.20483 1
6.9396 1
5.07106 1
7.99131 1
3.39475 1
3.68398 1
9.56058 1
7.39741 1
8.96088 1
5.18742 1
4.21516 1
4.28365 1
-0.989977 1
10.749 1
8.15678 1
5.75052 1
7.43538 1
3.73314 1
9.48737 1
6.61365 1
7.36871 1
0.809859 1
2.29112 1
4.36032 1
5.27771 1
8.20038 1
5.64062 1
12.2013 1
4.49664 1
4.49574 1
12.467 1
4.16425 1
6.11993 1
4.91739 1
8.92084 1
8.88976 1
0.308772 1
2.61179 1
11.824 1
6.30212 1
5.77852 1
6.21937 1
8.14719 1
6.04886 1
4.19406 1
-0.163747 1
5.9429 1
-3.01415 1
8.11075 1
-1.93106 1
4.43223 1
5.81636 1
4.32366 1
0.921925 1
7.90806 1
6.06834 1
-3.74632 1
3.52117 1
10.6048 1
-0.599304 1
-0.359294 1
6.89569 1
6.27457 1
2.16926 1
7.09006 1
-0.621141 1
8.30601 1
3.04288 1
6.94334 1
8.79913 1
6.25695 1
4.00047 1
7.28311 1
7.30531 1
6.22828 1
8.19445 1
5.86915 1
5.31601 1
4.32852 1
0.481456 1
5.32492 1
3.3491 1
11.9879 1
2.69412 1
8.69289 1
7.85544 1
5.91041 1
6.98911 1
6.40659 1
6.19379 1
3.38311 1
8.81758 1
-1.83817 1
4.82465 1
-3.2348 1
7.17509 1
2.54021 1
6.7194 1
5.38791 1
6.12727 1
4.93636 1
7.04303 1
5.56317 1
9.41373 1
6.26879 1
4.94022 1
6.77744 1
5.63883 1
7.4984 1
3.98257 1
-1.77304 1
4.3439 1
-4.27177 1
11.5088 1
4.47128 1
2.45767 1
1.10019 1
6.22066 1
6.22861 1
5.77023 1
0.760885 1
5.68975 1
7.5625 1
3.12936 1
7.02982 1
3.4255 1
-0.34468 1
8.32044 1
5.10977 1
7.42438 1
2.48678 1
4.85258 1
4.94549 1
4.14146 1
4.98241 1
-1.54986 1
4.70856 1
7.8354 1
8.7366 1
8.5242 1
6.17544 1
5.59726 1
4.01608 1
-1.75793 1
1.09759 1
5.15479 1
4.71505 1
4.38143 1
9.32195 1
3.82384 1
1.14973 1
14.0499 1
12.0413 1
2.39669 1
5.93089 1
6.43846 1
6.6325 1
7.06334 1
0.855501 1
6.01036 1
4.4841 1
-2.03139 1
-2.12966 1
1.5699 1
6.23114 1
6.38241 1
6.84284 1
4.38851 1
5.83371 1
5.19019 1
6.38956 1
3.56718 1
2.7525 1
4.34204 1
4.19245 1
3.65566 1
-0.30022 1
2.81499 1
6.73461 1
4.91737 1
4.50552 1
1.49153 1
9.08451 1
1.09703 1
3.91334 1
4.82838 1
10.2824 1
6.03615 1
4.96489 1
14.5026 1
5.65956 1
13.335 1
6.96904 1
13.7693 1
4.03208 1
1.99803 1
8.81134 1
6.12293 1
5.79804 1
5.91166 1
4.91503 1
11.7069 1
3.0718 1
4.7024 1
4.56331 1
7.11431 1
-2.20872 1
4.06978 1
7.93851 1
7.13262 1
5.14756 1
5.92996 1
5.56711 1
6.47595 1
2.50795 1
8.24181 1
3.9538 1
0.287275 1
5.28903 1
-2.3265 1
-1.92553 1
9.19803 1
4.82241 1
6.97271 1
10.2548 1
4.41549 1
10.3957 1
0.742478 1
5.58655 1
10.6492 1
7.18964 1
8.96119 1
1.1804 1
6.67627 1
12.7888 1
4.63251 1
4.27234 1
-1.17082 1
6.80352 1
4.51429 1
8.33031 1
4.53412 1
3.90837 1
7.16972 1
0.194898 1
4.27965 1
5.86279 1
6.12682 1
0.739607 1
10.7031 1
2.00016 1
3.95702 1
5.81528 1
5.50246 1
-1.71189 1
6.81637 1
-3.26404 1
4.18821 1
4.88691 1
9.29421 1
4.10283 1
1.73009 1
5.64282 1
7.54649 1
-1.11565 1
12.398 1
4.20406 1
5.77238 1
8.80554 1
5.99549 1
12.6224 1
5.12103 1
6.35905 1
5.54483 1
9.04531 1
5.45051 1
-0.856695 1
5.11554 1
3.7144 1
8.57817 1
4.16941 1
6.71642 1
7.42734 1
6.42464 1
4.35857 1
2.71393 1
5.00585 1
6.94967 1
6.53038 1
2.67743 1
2.89456 1
7.59505 1
5.71351 1
6.52687 1
1.45113 1
4.29028 1
8.0512 1
1.90082 1
5.72099 1
4.33254 1
5.59917 1
5.98468 1
4.82201 1
3.31262 1
5.38944 1
5.26664 1
6.36647 1
4.57103 1
7.00746 1
7.34272 1
10.1285 1
0.859061 1
1.655 1
1.37801 1
7.67505 1
2.02807 1
3.24904 1
3.67076 1
5.63556 1
12.7183 1
5.82962 1
9.55727 1
8.46076 1
7.17149 1
5.71842 1
7.86542 1
6.51504 1
4.13194 1
2.61408 1
7.42217 1
2.62777 1
-0.0834285 1
2.10157 1
5.21365 1
-2.0022 1
12.9453 1
4.78166 1
0.257779 1
6.00899 1
7.54015 1
9.38673 1
-0.521498 1
9.29315 1
4.85239 1
5.54072 1
6.50361 1
5.77092 1
1.8115 1
6.26495 1
4.15979 1
5.71408 1
10.1885 1
5.50604 1
1.58137 1
6.16513 1
7.2703 1
14.5746 1
6.6802 1
2.7036 1
3.59553 1
4.10811 1
14.4944 1
6.1046 1
5.62713 1
8.11798 1
4.96444 1
3.74552 1
7.54957 1
10.6675 1
1.30361 1
5.85082 1
0.177477 1
4.85322 1
1.19884 1
6.9072 1
7.30573 1
5.56031 1
1.9004 1
6.9291 1
4.80392 1
3.34478 1
7.73466 1
8.21693 1
0.362021 1
4.88379 1
13.3887 1
4.00506 1
7.78291 1
3.77559 1
3.55864 1
7.86604 1
-3.83517 1
3.67111 1
3.54586 1
1.18135 1
3.84202 1
3.73087 1
4.91288 1
4.6552 1
4.57685 1
9.78844 1
8.21416 1
8.88525 1
11.0579 1
6.26944 1
11.4849 1
10.0152 1
4.77515 1
5.64637 1
0.612837 1
4.91451 1
7.75549 1
12.5341 1
5.65928 1
9.82091 1
4.77667 1
5.54647 1
3.59556 1
5.1629 1
5.19344 1
10.0531 1
10.1398 1
3.83739 1
5.20281 1
4.65978 1
3.7238 1
5.34505 1
9.74267 1
6.35817 1
5.02128 1
6.71054 1
13.8488 1
4.38201 1
2.87856 1
6.85683 1
8.49354 1
3.7194 1
5.26839 1
6.31557 1
4.02392 1
12.1736 1
8.24198 1
3.95207 1
9.83249 1
9.6221 1
5.67058 1
4.72341 1
1.59484 1
2.31551 1
0.794012 1
5.74751 1
2.58488 1
10.9903 1
7.32763 1
4.9436 1
4.94217 1
3.83471 1
5.77991 1
5.54287 1
3.28149 1
3.15929 1
5.68822 1
13.3415 1
1.83562 1
4.43482 1
6.73952 1
10.0528 1
4.35026 1
0.377001 1
6.26452 1
8.14877 1
5.71649 1
1.0188 1
2.67519 1
4.69199 1
1.25324 1
5.53748 1
13.5524 1
6.33506 1
-0.87159 1
5.26723 1
1.4935 1
6.53005 1
4.32653 1
6.10022 1
14.5596 1
8.95171 1
2.59839 1
5.74894 1
3.49837 1
2.849 1
6.82092 1
-3.84615 1
13.0365 1
3.65845 1
4.86512 1
11.3824 1
4.57974 1
7.02409 1
4.74437 1
6.25292 1
-3.73571 1
7.43878 1
-0.654321 1
4.51889 1
4.16286 1
5.37832 1
1.90031 1
5.38803 1
5.48511 1
6.6993 1
2.51827 1
5.96687 1
7.5566 1
1.71668 1
5.15252 1
4.46612 1
3.81003 1
6.32673 1
7.03499 1
6.69085 1
6.25857 1
3.65812 1
10.2243 1
2.73306 1
6.60301 1
2.52448 1
-1.75699 1
6.69997 1
5.54207 1
6.43288 1
3.19678 1
6.51486 1
8.3731 1
7.38758 1
3.54078 1
0.00636935 1
4.44775 1
2.97312 1
3.92946 1
4.98809 1
3.69437 1
-0.4528 1
4.0118 1
3.18803 1
5.94659 1
3.34733 1
-1.19143 1
4.08703 1
4.70449 1
5.35351 1
5.55252 1
4.49422 1
6.19973 1
3.50798 1
7.71616 1
7.59672 1
6.37372 1
2.06497 1
0.899794 1
4.74092 1
7.10022 1
5.70703 1
8.23196 1
3.40249 1
2.25078 1
2.5843 1
14.4644 1
1.27711 1
2.62207 1
10.4474 1
2.15464 1
7.13863 1
4.29491 1
-2.18614 1
4.77539 1
5.60066 1
0.948422 1
4.4001 1
5.88147 1
1.75364 1
5.99473 1
8.16021 1
3.85288 1
5.83717 1
3.61846 1
9.51136 1
1.9179 1
5.90959 1
6.87975 1
0.943819 1
6.14957 1
6.27921 1
0.0613706 1
5.45813 1
10.6242 1
9.15705 1
7.11564 1
4.94609 1
7.16013 1
1.82582 1
4.26872 1
3.44371 1
10.3071 1
5.84683 1
3.9098 1
3.53089 1
8.40235 1
4.55311 1
4.35159 1
0.484601 1
8.22953 1
4.54308 1
3.3647 1
2.98859 1
7.19235 1
-2.93498 1
3.66244 1
0.470902 1
4.68995 1
11.9658 1
2.58336 1
8.42445 1
4.10707 1
12.2948 1
0.248461 1
2.87787 1
4.07675 1
3.72797 1
9.33699 1
5.08818 1
3.26168 1
4.32155 1
3.63549 1
9.48225 1
3.78721 1
3.26005 1
4.96743 1
3.77873 1
4.47327 1
5.05392 1
3.34243 1
7.64927 1
5.12412 1
-1.61239 1
7.70511 1
4.21418 1
7.05743 1
6.61736 1
8.04331 1
0.962172 1
4.43611 1
14.4381 1
4.4687 1
4.89778 1
7.73696 1
6.03893 1
3.74323 1
5.02686 1
5.67831 1
11.402 1
4.68306 1
7.34556 1
3.77714 1
6.61493 1
-4.1131 1
-1.00777 1
8.00643 1
10.0549 1
5.38314 1
6.2239 1
3.74063 1
12.8234 1
9.7993 1
9.27932 1
4.32366 1
4.77222 1
0.43418 1
4.96316 1
6.8276 1
3.45667 1
2.1712 1
6.9962 1
6.62752 1
5.67274 1
2.42649 1
8.91187 1
7.50948 1
7.26753 1
13.8175 1
8.28123 1
6.06128 1
9.75754 1
2.39739 1
5.9056 1
-1.45527 1
9.35973 1
3.23937 1
4.6432 1
2.53265 1
4.67471 1
7.06861 1
7.24621 1
11.9453 1
1.58262 1
5.72092 1
5.90383 1
3.17209 1
5.27194 1
5.5179 1
9.72415 1
13.3335 1
5.82079 1
3.96468 1
4.25928 1
10.9905 1
2.54307 1
3.23733 1
9.88342 1
7.63148 1
0.752775 1
9.94051 1
7.16433 1
10.4537 1
3.04245 1
4.70235 1
5.58651 1
-2.32337 1
-2.78739 1
5.7941 1
8.1694 1
6.84863 1
3.49638 1
2.23744 1
3.74159 1
2.98973 1
4.59404 1
11.7932 1
7.58866 1
12.6001 1
2.81153 1
4.09484 1
3.43848 1
4.37755 1
2.39301 1
12.2679 1
3.07073 1
4.74722 1
11.6819 1
10.2786 1
10.0585 1
8.65916 1
3.53671 1
5.32943 1
0.710856 1
5.58155 1
3.47443 1
4.56736 1
4.29977 1
7.56939 1
5.79146 1
8.96292 1
5.1453 1
6.69109 1
6.07972 1
2.70758 1
5.64425 1
11.5282 1
8.81252 1
-2.57469 1
5.71509 1
-4.15045 1
10.9568 1
8.29097 1
-1.13152 1
6.44503 1
5.15418 1
5.57553 1
-3.75528 1
5.89899 1
1.81123 1
7.37599 1
4.41211 1
10.6775 1
6.09749 1
6.44412 1
0.119602 1
-3.64123 1
4.00607 1
9.44653 1
7.526 1
9.87493 1
5.45029 1
-1.15019 1
5.41738 1
3.8582 1
6.82456 1
4.71413 1
5.47221 1
5.20407 1
7.0792 1
8.10663 1
4.4463 1
3.65378 1
3.77693 1
6.25941 1
5.23925 1
11.8169 1
5.79484 1
3.9004 1
9.4519 1
10.7733 1
4.92763 1
2.57252 1
3.23453 1
2.19437 1
13.8987 1
1.20945 1
7.14268 1
-3.45243 1
4.69902 1
3.89205 1
6.11393 1
9.82748 1
5.40084 1
1.53108 1
7.18492 1
6.24379 1
2.98847 1
5.46489 1
3.30916 1
9.57662 1
4.20127 1
12.5388 1
7.20992 1
4.36488 1
4.45736 1
0.186024 1
3.98766 1
5.32605 1
1.90427 1
5.20239 1
7.20653 1
4.29032 1
8.33638 1
0.02269 1
6.03783 1
3.9605 1
6.85591 1
5.73164 1
6.68506 1
4.05528 1
4.28891 1
0.756316 1
5.15563 1
7.39532 1
4.52426 1
4.72959 1
-4.38869 1
5.864 1
4.63488 1
7.09724 1
2.97684 1
12.6035 1
3.62651 1
0.657038 1
5.59773 1
3.23087 1
6.37908 1
5.72214 1
4.46506 1
-2.28501 1
2.64649 1
-0.945908 1
6.58061 1
11.1251 1
5.46109 1
1.70667 1
-3.96278 1
10.0704 1
1.66378 1
3.81985 1
4.30336 1
4.82977 1
3.88234 1
-2.26538 1
5.51781 1
3.21736 1
5.34844 1
10.5489 1
8.64526 1
4.58744 1
5.18764 1
3.68075 1
1.50223 1
6.32248 1
2.52964 1
3.99548 1
3.56769 1
4.05473 1
8.33956 1
2.18891 1
6.97496 1
5.91339 1
2.15081 1
4.88593 1
12.3492 1
10.7527 1
4.30077 1
-0.209509 1
7.60711 1
5.9035 1
4.14743 1
6.2079 1
-4.78853 1
4.03838 1
5.9761 1
12.9235 1
6.61606 1
4.94732 1
9.62937 1
11.9781 1
3.58114 1
5.63024 1
11.3958 1
8.04219 1
4.30597 1
-0.872895 1
1.24001 1
-3.07364 1
9.6798 1
4.29306 1
0.0976722 1
4.94527 1
6.41043 1
5.69875 1
4.72967 1
0.795992 1
5.84588 1
4.22022 1
-1.72602 1
6.6653 1
4.04773 1
7.03564 1
1.74294 1
3.77067 1
14.2394 1
12.7055 1
-0.037843 1
5.6255 1
5.63253 1
10.6234 1
3.54869 1
5.56174 1
6.62073 1
1.04286 1
5.23534 1
6.3066 1
6.12049 1
8.09427 1
4.64879 1
5.39685 1
4.55618 1
5.15475 1
4.42922 1
0.596094 1
1.34032 1
5.40347 1
4.29234 1
4.55718 1
4.67281 1
3.91783 1
9.19972 1
2.08986 1
6.34442 1
3.83663 1
4.10324 1
3.64728 1
4.67421 1
11.9158 1
9.99069 1
4.45586 1
3.79958 1
-1.28641 1
0.0888814 1
6.55506 1
-3.42171 1
5.1734 1
12.7375 1
13.4104 1
14.6559 1
5.20287 1
-0.249316 1
5.65509 1
0.473144 1
10.4836 1
5.06635 1
14.7145 1
9.74854 1
10.7032 1
3.03566 1
1.00154 1
7.51732 1
2.56089 1
8.71462 1
3.37935 1
7.20676 1
2.73482 1
-0.400718 1
13.5545 1
4.8903 1
8.4707 1
4.59572 1
-3.79327 1
7.46647 1
5.21684 1
10.7616 1
9.42337 1
8.3099 1
-1.41488 1
4.73331 1
13.8996 1
5.27804 1
0.0806506 1
5.14325 1
3.67535 1
0.383187 1
5.52512 1
10.163 1
8.54287 1
2.1506 1
6.488 1
2.95932 1
3.96662 1
-2.9959 1
5.99654 1
6.1504 1
7.14863 1
1.94479 1
0.265277 1
4.97509 1
11.1716 1
7.6338 1
-2.55193 1
5.68113 1
6.84312 1
6.80158 1
12.2529 1
1.34895 1
12.9582 1
8.8717 1
2.18488 1
8.11317 1
7.66664 1
2.63864 1
6.68482 1
13.1698 1
5.43357 1
12.3657 1
5.18851 1
5.81539 1
3.8145 1
-0.457777 1
7.74832 1
5.98566 1
2.54357 1
5.5611 1
1.48273 1
8.43875 1
3.26604 1
3.67612 1
-0.501067 1
2.83963 1
6.80541 1
1.29662 1
2.60953 1
4.93513 1
-1.24192 1
6.37137 1
1.53174 1
4.62998 1
6.43869 1
7.73987 1
7.07805 1
4.04379 1
3.13273 1
6.53828 1
7.05147 1
4.72507 1
4.76914 1
3.28377 1
6.84379 1
5.6051 1
4.74333 1
6.71845 1
-0.566356 1
3.02995 1
4.12514 1
7.68286 1
4.92423 1
5.51592 1
5.44984 1
1.86807 1
6.28066 1
5.81337 1
8.79295 1
2.54921 1
5.83775 1
3.21453 1
8.22884 1
6.55128 1
6.74709 1
5.80021 1
13.1236 1
11.2419 1
4.72121 1
5.24757 1
8.05565 1
6.80094 1
5.55219 1
9.69234 1
3.91209 1
7.1225 1
6.70975 1
1.38447 1
3.73128 1
9.88871 1
-3.8099 1
4.10338 1
2.73013 1
6.26711 1
9.76101 1
7.8617 1
4.56169 1
8.08478 1
6.6255 1
7.651 1
-1.07377 1
4.03165 1
8.14914 1
1.0969 1
6.67775 1
2.01653 1
-3.25103 1
5.22686 1
4.883 1
5.77495 1
3.01329 1
7.94853 1
3.16898 1
5.96784 1
5.95915 1
4.84982 1
6.70109 1
6.52957 1
9.23393 1
11.2831 1
6.92134 1
6.85304 1
5.47288 1
3.82704 1
-2.58173 1
7.78303 1
6.01722 1
8.579 1
7.24318 1
6.43816 1
5.21492 1
0.62758 1
3.20172 1
3.23669 1
4.3541 1
5.4724 1
8.71953 1
9.16761 1
6.48833 1
6.12938 1
10.354 1
6.81051 1
-3.84554 1
3.19779 1
4.67491 1
-1.81797 1
4.92106 1
10.9294 1
-0.295144 1
7.40938 1
1.73319 1
2.67469 1
1.14662 1
6.71417 1
3.02897 1
0.263517 1
5.6247 1
4.26979 1
4.41526 1
5.78558 1
7.23709 1
6.6322 1
6.06071 1
4.25088 1
5.57689 1
5.61813 1
1.60381 1
6.21055 1
1.37145 1
1.58904 1
9.91741 1
2.98545 1
-1.98689 1
0.18727 1
13.2606 1
4.16878 1
3.46781 1
13.0163 1
13.9061 1
5.97243 1
4.32527 1
6.08794 1
5.49626 1
5.55503 1
3.48402 1
6.69156 1
4.57541 1
-3.51138 1
1.76825 1
-2.20673 1
3.9419 1
-0.560207 1
12.9539 1
7.85762 1
4.04105 1
10.6208 1
0.166226 1
4.74167 1
7.7989 1
7.36719 1
6.13475 1
12.1575 1
-1.95094 1
7.97997 1
5.55861 1
9.16625 1
1.58111 1
5.86255 1
6.55384 1
6.92253 1
9.30659 1
6.64427 1
7.93452 1
6.11622 1
2.6272 1
7.6023 1
0.256077 1
-3.49492 1
5.44208 1
3.84405 1
6.29462 1
5.0061 1
7.69829 1
3.00275 1
-0.878525 1
5.92225 1
10.1553 1
10.5268 1
6.17695 1
-2.27336 1
7.13127 1
3.40113 1
2.54298 1
8.41843 1
3.53038 1
8.77222 1
9.22893 1
13.7227 1
3.31321 1
14.5775 1
5.43067 1
2.6589 1
1.1552 1
6.03336 1
6.03957 1
8.22518 1
6.20409 1
5.52634 1
-0.315665 1
4.31376 1
6.60753 1
11.0336 1
5.56523 1
-0.223138 1
-3.59895 1
4.78825 1
-1.9907 1
5.82513 1
5.59662 1
3.7311 1
4.20487 1
3.96576 1
3.05561 1
7.03195 1
1.43651 1
4.61788 1
2.33356 1
2.59685 1
2.55092 1
3.99174 1
8.08991 1
3.31886 1
8.25556 1
5.80013 1
8.25502 1
6.03407 1
0.282179 1
1.67856 1
3.7489 1
-1.83933 1
9.34043 1
5.50146 1
9.633 1
5.03951 1
4.79245 1
4.09306 1
8.48781 1
8.54686 1
3.88888 1
-1.26995 1
6.65218 1
6.30626 1
10.5186 1
2.90303 1
9.331 1
4.68254 1
3.08341 1
8.87483 1
6.69408 1
9.87412 1
4.76062 1
4.4287 1
3.40407 1
4.99338 1
5.1658 1
7.80851 1
2.42202 1
5.40778 1
5.49723 1
4.79171 1
3.23712 1
-0.991563 1
2.67383 1
5.40971 1
1.03826 1
8.90945 1
5.27481 1
3.79043 1
5.74333 1
9.41057 1
2.86259 1
5.75993 1
5.30096 1
-3.61296 1
10.0738 1
6.2817 1
0.738771 1
11.5847 1
3.78439 1
11.0773 1
7.12415 1
4.18862 1
9.45384 1
3.95504 1
5.88368 1
4.01442 1
5.35926 1
6.73902 1
5.73484 1
5.29985 1
3.15879 1
8.27006 1
3.46817 1
3.49498 1
8.08723 1
5.13878 1
5.38664 1
13.8603 1
4.04723 1
5.64338 1
3.81192 1
6.52163 1
7.09453 1
1.5115 1
1.62627 1
-2.31983 1
5.22579 1
9.61458 1
1.79968 1
4.7752 1
9.77491 1
7.52967 1
2.66154 1
3.42421 1
4.69039 1
1.22582 1
8.01448 1
3.70689 1
4.9677 1
4.40162 1
3.98814 1
7.96616 1
1.49118 1
5.48284 1
0.930878 1
-4.6405 1
5.4141 1
4.48552 1
-3.06783 1
6.76313 1
-0.441626 1
5.16653 1
4.77249 1
9.06641 1
-3.71268 1
-0.00329614 1
3.92066 1
0.428728 1
5.33324 1
0.650333 1
4.94268 1
-2.92781 1
0.0275159 1
4.81618 1
3.24716 1
4.21727 1
5.01487 1
7.77424 1
6.05247 1
8.59952 1
7.54023 1
6.29777 1
6.35832 1
1.49276 1
0.107101 1
5.80054 1
2.21456 1
13.3156 1
2.71938 1
7.11742 1
3.00802 1
8.31485 1
2.96298 1
9.64454 1
2.76588 1
3.35957 1
6.06776 1
3.38266 1
3.63414 1
-3.04271 1
5.66867 1
7.02794 1
8.32653 1
5.58784 1
1.47835 1
12.4323 1
7.9967 1
8.14493 1
5.27098 1
7.65127 1
7.97474 1
8.0428 1
0.304388 1
1.82557 1
7.66422 1
6.84914 1
14.566 1
2.70865 1
4.47187 1
5.49248 1
4.72049 1
-0.233542 1
8.90301 1
2.45066 1
8.5504 1
14.3417 1
11.8827 1
7.1035 1
3.72727 1
4.90988 1
5.17844 1
2.63297 1
9.02554 1
10.8141 1
2.76847 1
5.1413 1
11.9015 1
-3.79056 1
4.4335 1
8.91633 1
7.21088 1
5.38826 1
8.29437 1
5.10576 1
5.64661 1
8.47967 1
1.89618 1
10.5612 1
2.92432 1
3.55383 1
3.24329 1
6.53474 1
7.56293 1
10.4346 1
3.56989 1
3.64845 1
-0.602122 1
0.634371 1
1.696 1
6.1684 1
11.4089 1
10.2721 1
-2.78519 1
5.30602 1
2.48472 1
3.08093 1
-0.347648 1
4.31778 1
7.47005 1
2.96389 1
8.16229 1
4.18233 1
5.92146 1
3.84062 1
2.31045 1
7.11136 1
12.4768 1
3.55486 1
5.52255 1
5.96174 1
7.84512 1
1.63327 1
3.40692 1
8.4821 1
3.37344 1
5.3573 1
7.59699 1
3.23119 1
4.25158 1
9.6971 1
3.14917 1
3.24412 1
4.07273 1
6.37047 1
5.89124 1
5.31731 1
5.12327 1
5.08047 1
7.5272 1
5.24809 1
5.76696 1
3.05484 1
0.141425 1
5.2528 1
0.0985431 1
6.7375 1
14.6785 1
14.6306 1
3.52737 1
5.3725 1
7.06205 1
4.45896 1
0.437142 1
3.87715 1
3.71844 1
6.47511 1
3.14112 1
7.80338 1
4.5156 1
4.11874 1
4.30935 1
6.41204 1
-1.74113 1
6.61694 1
-0.198563 1
5.20034 1
6.47495 1
7.42814 1
3.2285 1
3.92742 1
8.33128 1
4.58645 1
1.62382 1
4.00584 1
7.00814 1
6.65977 1
4.86268 1
1.24465 1
1.19625 1
2.8108 1
-2.52018 1
2.48028 1
3.52001 1
5.14212 1
6.0672 1
3.57118 1
7.37348 1
5.69546 1
-3.44286 1
2.11255 1
5.33075 1
5.83768 1
2.73938 1
6.04845 1
9.72373 1
5.32413 1
8.90573 1
9.15833 1
14.577 1
5.98315 1
2.38153 1
4.93385 1
5.79135 1
3.90732 1
6.55453 1
-3.41964 1
12.3352 1
6.6254 1
7.90982 1
4.98575 1
5.56286 1
4.38265 1
4.32718 1
3.63267 1
6.83448 1
10.7225 1
6.58519 1
5.96441 1
8.77542 1
3.98179 1
-3.01624 1
2.92592 1
3.61196 1
9.19527 1
4.56208 1
6.43679 1
5.82519 1
4.39928 1
4.52873 1
5.60906 1
4.39311 1
5.33011 1
4.46806 1
1.08099 1
10.2566 1
7.67041 1
5.83357 1
3.84096 1
5.0181 1
6.35055 1
7.26002 1
5.34484 1
-3.08221 1
13.2965 1
-2.81756 1
0.137629 1
5.485 1
4.23885 1
7.29785 1
8.04191 1
4.35679 1
1.5779 1
-2.27053 1
7.22001 1
-2.55743 1
3.49141 1
8.18985 1
4.78525 1
13.528 1
4.5823 1
3.62829 1
5.05479 1
4.66983 1
7.107 1
6.5506 1
5.27854 1
9.69034 1
3.98352 1
8.65131 1
8.3089 1
6.31812 1
4.58298 1
4.4188 1
6.22814 1
4.10855 1
5.85522 1
5.48843 1
4.25498 1
10.7452 1
2.47698 1
5.85565 1
-0.0751495 1
3.3038 1
2.70828 1
5.54195 1
3.87413 1
14.1783 1
2.77647 1
5.143 1
3.45972 1
4.87822 1
9.80528 1
3.36958 1
-1.65607 1
4.76722 1
5.25897 1
1.64155 1
1.97135 1
5.52454 1
4.16305 1
9.34382 1
6.73766 1
12.2992 1
2.70906 1
4.03261 1
6.75318 1
8.24528 1
13.7446 1
4.60042 1
5.00056 1
7.41808 1
4.08614 1
5.2059 1
8.48992 1
3.06724 1
12.3805 1
4.05969 1
5.4189 1
4.04871 1
14.2518 1
7.1477 1
4.70585 1
-1.33675 1
7.5237 1
0.995613 1
8.47201 1
5.7625 1
6.16229 1
11.9407 1
8.38905 1
4.46279 1
1.43403 1
-0.663802 1
2.07575 1
12.2814 1
7.6599 1
-2.67655 1
8.40961 1
6.24288 1
7.18434 1
8.12486 1
0.715058 1
6.14839 1
5.42704 1
1.52591 1
4.79045 1
5.31175 1
3.38957 1
5.26398 1
2.56117 1
11.7048 1
6.69294 1
3.36703 1
6.6603 1
5.41795 1
4.22498 1
6.93459 1
6.78785 1
10.3007 1
-3.44976 1
3.45905 1
13.8543 1
7.31527 1
4.8941 1
5.63511 1
6.49232 1
-2.73448 1
3.22601 1
3.4712 1
5.85809 1
4.05601 1
3.03864 1
5.4982 1
4.07254 1
13.488 1
-0.889063 1
2.23526 1
3.49214 1
6.05753 1
5.00811 1
4.4082 1
5.96684 1
3.31954 1
4.59918 1
4.59008 1
3.05661 1
5.57267 1
5.07804 1
8.57659 1
3.75495 1
1.15087 1
4.24227 1
4.17521 1
4.9094 1
4.79773 1
3.27892 1
5.64172 1
5.30144 1
11.2883 1
8.9971 1
4.11229 1
2.1747 1
2.73306 1
3.32581 1
5.54466 1
13.5931 1
5.9141 1
6.37442 1
4.20437 1
8.06152 1
4.22239 1
5.50589 1
7.2616 1
7.29705 1
7.53004 1
-0.843502 1
6.64668 1
3.21931 1
2.88953 1
-1.36057 1
5.73737 1
4.02015 1
4.7016 1
4.75964 1
2.35505 1
4.57236 1
13.4721 1
3.28751 1
0.833633 1
7.94444 1
4.79583 1
-2.21583 1
2.25176 1
2.98521 1
6.19339 1
6.30309 1
4.74957 1
-3.45021 1
5.3952 1
1.35958 1
4.80249 1
4.38753 1
8.32261 1
7.31068 1
7.40659 1
1.12737 1
-2.58235 1
4.61943 1
9.73238 1
5.49935 1
7.57202 1
14.8593 1
9.96991 1
-0.515146 1
4.77414 1
3.00681 1
1.30753 1
8.52199 1
4.32831 1
6.77957 1
-0.0716773 1
-0.065455 1
7.06183 1
8.64113 1
13.3339 1
5.68074 1
7.94353 1
12.0411 1
6.8219 1
6.07675 1
2.44906 1
1.74497 1
6.0569 1
5.18771 1
-4.63475 1
1.78622 1
14.7868 1
2.42324 1
2.9945 1
10.4769 1
4.23685 1
9.90675 1
3.86801 1
9.40931 1
12.994 1
5.18653 1
6.05528 1
5.65071 1
2.66778 1
4.78497 1
6.44518 1
6.99395 1
2.97494 1
14.7478 1
4.85873 1
13.3108 1
5.12056 1
5.4831 1
5.72279 1
4.66782 1
7.19506 1
1.89214 1
1.83834 1
3.00095 1
-2.76482 1
8.91509 1
4.33119 1
-4.61411 1
5.65509 1
3.94852 1
2.75191 1
8.10013 1
5.24708 1
5.49614 1
4.34011 1
4.31606 1
4.81873 1
3.0792 1
8.89418 1
6.1691 1
5.26464 1
9.20042 1
6.14215 1
6.92207 1
5.005 1
3.92515 1
6.88679 1
1.26555 1
4.97315 1
6.75605 1
7.57744 1
-0.783361 1
8.51303 1
3.02499 1
6.97289 1
13.5461 1
6.98334 1
5.49289 1
6.55418 1
0.781311 1
14.1287 1
6.67985 1
7.80839 1
1.34571 1
4.94935 1
5.8741 1
6.16453 1
3.70175 1
5.43495 1
9.5366 1
4.24858 1
4.47529 1
3.21381 1
11.4689 1
5.63661 1
0.36262 1
7.21268 1
2.81471 1
5.72567 1
5.56364 1
5.48685 1
2.10606 1
4.91113 1
-4.22752 1
4.59945 1
9.71592 1
5.80064 1
8.52166 1
6.33319 1
6.01615 1
4.87694 1
-0.823895 1
2.83891 1
6.3177 1
4.39765 1
-4.05105 1
4.6556 1
10.6536 1
6.3982 1
8.96683 1
4.33227 1
5.12111 1
1.12241 1
-0.925628 1
9.95745 1
5.47889 1
2.78378 1
-3.3972 1
2.46999 1
3.79705 1
3.68129 1
1.9896 1
9.83092 1
7.08202 1
0.510406 1
4.86704 1
5.9795 1
7.28576 1
2.43151 1
5.4278 1
6.26444 1
5.38083 1
5.42274 1
5.86007 1
4.77635 1
2.10831 1
8.29462 1
3.41765 1
3.23947 1
4.04755 1
3.14263 1
14.7687 1
-4.19949 1
5.74483 1
11.6904 1
0.578858 1
4.01096 1
-1.25915 1
2.66551 1
5.07478 1
0.111116 1
13.9042 1
6.05098 1
-0.087993 1
-4.0448 1
3.98996 1
5.96271 1
11.0279 1
8.96712 1
5.70842 1
1.33828 1
5.3444 1
4.12591 1
3.18262 1
6.48447 1
5.12897 1
4.85105 1
3.7784 1
1.15699 1
1.99026 1
-1.53952 1
4.91505 1
7.57035 1
6.50547 1
4.53066 1
4.83798 1
4.06898 1
5.07727 1
6.20552 1
1.91686 1
9.39017 1
4.96919 1
4.37691 1
4.07476 1
5.39134 1
8.26258 1
11.526 1
4.41933 1
6.31858 1
4.65827 1
4.15531 1
4.82393 1
6.28222 1
8.20744 1
3.85886 1
6.62852 1
6.90125 1
9.88927 1
3.99038 1
5.1925 1
7.21333 1
9.52665 1
10.6321 1
9.6892 1
4.62191 1
4.06666 1
7.53497 1
8.14284 1
-4.27526 1
7.1307 1
4.15775 1
6.97015 1
3.15858 1
5.44722 1
7.15091 1
5.07831 1
2.93796 1
14.4711 1
8.30958 1
3.00106 1
2.43672 1
7.19955 1
-0.621394 1
8.49865 1
5.34182 1
4.48834 1
3.12619 1
3.34254 1
8.0663 1
7.25113 1
6.06323 1
5.67997 1
-2.2542 1
5.01565 1
5.22959 1
6.25838 1
3.5925 1
4.93979 1
7.5987 1
7.48084 1
10.9913 1
5.15099 1
6.27496 1
5.37234 1
1.88141 1
4.32023 1
6.15952 1
5.05574 1
5.32302 1
2.50397 1
3.92283 1
4.93086 1
7.15042 1
1.72586 1
-0.0956386 1
5.93918 1
5.93571 1
6.87002 1
9.54372 1
5.18022 1
6.89381 1
7.67406 1
7.83161 1
5.62739 1
5.17771 1
5.68659 1
-0.985967 1
4.17392 1
6.50765 1
6.9084 1
-1.21259 1
5.22722 1
2.73414 1
0.905635 1
2.1456 1
8.9865 1
0.928609 1
4.26456 1
2.48478 1
7.40682 1
6.54184 1
5.42134 1
5.33233 1
4.8136 1
2.47275 1
-1.73147 1
3.942 1
5.39729 1
5.204 1
9.03522 1
3.60196 1
8.5939 1
4.39845 1
1.2464 1
0.627841 1
5.18886 1
8.62622 1
3.87114 1
3.9434 1
7.28406 1
-0.373065 1
7.34169 1
8.78805 1
7.7068 1
1.74329 1
4.3865 1
8.0625 1
5.62819 1
3.9007 1
4.11415 1
5.17585 1
4.72803 1
-1.54651 1
5.16566 1
3.14196 1
4.33454 1
7.65351 1
-0.364824 1
10.2436 1
5.95918 1
2.86424 1
6.06127 1
6.7842 1
6.62826 1
14.4139 1
0.444793 1
6.8146 1
12.9226 1
9.87938 1
2.13218 1
2.05644 1
5.62668 1
9.16579 1
5.48681 1
6.53412 1
-1.57446 1
4.12237 1
5.72149 1
14.3606 1
3.94873 1
5.74029 1
11.7518 1
3.64581 1
4.05473 1
7.77012 1
7.61226 1
5.70882 1
2.7451 1
5.3955 1
4.66998 1
14.3707 1
4.19535 1
5.22719 1
6.4883 1
4.66339 1
5.70581 1
6.58953 1
3.00667 1
7.80734 1
2.46412 1
4.44527 1
-1.76792 1
7.38435 1
2.75672 1
1.11009 1
1.39809 1
-0.877141 1
4.54412 1
1.0422 1
3.17713 1
7.67567 1
5.04591 1
3.65571 1
6.03617 1
10.9685 1
-0.0216063 1
4.12231 1
2.77858 1
4.19521 1
2.32259 1
7.78078 1
5.85211 1
6.14532 1
4.09076 1
4.951 1
6.17425 1
4.73607 1
7.79191 1
2.29506 1
-3.08462 1
3.20903 1
7.7803 1
2.78489 1
4.69364 1
5.55353 1
5.70292 1
6.00693 1
4.29997 1
0.917492 1
5.56115 1
3.3498 1
2.8011 1
1.02904 1
9.76758 1
5.50334 1
7.77227 1
10.4368 1
2.94447 1
7.99386 1
6.99983 1
5.72732 1
8.85548 1
5.18849 1
7.51733 1
3.35349 1
6.26729 1
0.271226 1
3.28005 1
2.60641 1
2.40984 1
6.22768 1
6.8274 1
2.91195 1
4.91323 1
4.6093 1
0.87559 1
1.31015 1
5.6483 1
0.865358 1
4.48213 1
0.0877519 1
5.86875 1
7.02015 1
1.91672 1
10.3238 1
3.72478 1
3.73353 1
1.01484 1
8.42169 1
1.21012 1
4.33351 1
5.45241 1
11.3854 1
3.11277 1
3.75535 1
4.05803 1
3.58723 1
2.84973 1
4.52641 1
5.22758 1
5.62408 1
8.83767 1
-0.580312 1
5.7463 1
2.48306 1
4.79194 1
5.78222 1
12.728 1
4.88161 1
2.65813 1
6.96988 1
13.0218 1
7.3325 1
7.0546 1
6.84665 1
2.75905 1
-0.941474 1
3.32401 1
3.24482 1
2.7265 1
8.43866 1
4.50492 1
6.60242 1
7.13965 1
2.2854 1
5.15775 1
4.26364 1
3.18164 1
6.34007 1
1.13371 1
9.22259 1
1.44951 1
6.70372 1
3.13586 1
4.53182 1
5.43984 1
5.53265 1
4.28499 1
9.3706 1
5.13685 1
-1.00248 1
2.84478 1
8.00164 1
12.7373 1
8.37293 1
5.36027 1
6.8158 1
2.05097 1
4.64965 1
5.91052 1
11.881 1
5.36385 1
4.25737 1
1.11743 1
10.0313 1
1.79325 1
6.78214 1
5.5494 1
3.59317 1
0.582924 1
2.73681 1
3.10033 1
14.6272 1
4.36607 1
6.3733 1
5.53712 1
1.29199 1
5.14613 1
7.27807 1
5.06794 1
7.44369 1
1.58934 1
7.62512 1
8.35717 1
12.1372 1
7.93727 1
2.91581 1
3.71401 1
7.28343 1
5.74558 1
4.02157 1
7.77538 1
5.89402 1
7.82009 1
0.931116 1
3.8597 1
6.84348 1
4.90791 1
5.26932 1
1.99423 1
7.28017 1
3.69068 1
6.22221 1
6.24414 1
3.53564 1
3.71515 1
4.24674 1
1.33547 1
11.982 1
4.81357 1
3.97097 1
4.45355 1
4.26224 1
8.53948 1
6.55012 1
3.72755 1
4.74543 1
4.72813 1
6.24875 1
4.38736 1
7.80838 1
6.46652 1
4.63931 1
7.36336 1
-0.959455 1
7.31961 1
6.70938 1
1.82961 1
-0.70846 1
10.3731 1
10.9706 1
1.12922 1
-3.59793 1
9.86521 1
3.5466 1
4.84757 1
5.56755 1
9.3817 1
5.66694 1
5.34137 1
2.30517 1
7.97597 1
5.49003 1
4.50898 1
-0.307597 1
8.4044 1
4.78849 1
6.55624 1
2.64509 1
9.03228 1
5.92706 1
5.31893 1
-3.38497 1
7.21563 1
7.59645 1
2.00311 1
3.61916 1
8.57461 1
4.86712 1
5.69336 1
-3.93764 1
8.53469 1
8.11564 1
5.70803 1
4.09312 1
7.51158 1
4.30513 1
2.9963 1
5.09748 1
3.08718 1
1.54111 1
13.1937 1
13.3992 1
9.52842 1
-1.52966 1
6.79043 1
0.750787 1
4.61204 1
5.58442 1
3.62846 1
5.54703 1
-2.99836 1
0.694881 1
4.95027 1
8.67081 1
5.99773 1
11.4466 1
4.63058 1
-1.85979 1
5.00393 1
4.35689 1
3.76835 1
6.07588 1
5.97163 1
1.86128 1
2.06225 1
12.2792 1
5.03902 1
6.64162 1
1.63503 1
-1.82278 1
3.82466 1
5.96406 1
4.92766 1
8.75589 1
0.651819 1
3.21522 1
0.463915 1
10.7421 1
8.94771 1
6.91772 1
4.91813 1
3.77465 1
5.01822 1
4.62757 1
-1.30173 1
5.70725 1
3.8269 1
5.11303 1
11.0449 1
5.4313 1
7.42527 1
10.0637 1
1.94944 1
-1.41031 1
0.245257 1
9.28772 1
4.61766 1
11.1551 1
6.99277 1
6.20728 1
5.88556 1
5.30631 1
7.55252 1
7.09864 1
4.25388 1
6.81331 1
7.6839 1
6.46066 1
4.0742 1
5.30944 1
7.6081 1
5.82375 1
7.5264 1
12.5506 1
1.50741 1
11.08 1
5.68245 1
13.0468 1
1.88906 1
5.99246 1
8.93785 1
5.4204 1
2.91036 1
4.66228 1
2.91767 1
5.93053 1
5.11661 1
9.23212 1
5.50001 1
-0.691839 1
9.46066 1
10.1411 1
3.74169 1
1.96078 1
4.14565 1
1.44196 1
2.88062 1
13.1236 1
4.22768 1
3.77894 1
4.851 1
4.8064 1
1.46413 1
10.0168 1
5.38165 1
-0.931853 1
4.93954 1
9.4417 1
4.35529 1
4.87507 1
5.28742 1
5.44273 1
0.689844 1
6.52443 1
4.10881 1
-2.65003 1
7.8966 1
4.09133 1
5.00625 1
-1.77477 1
-2.81964 1
0.72797 1
3.51931 1
3.9216 1
5.24578 1
6.37839 1
3.36851 1
5.38703 1
8.08337 1
4.09081 1
8.89017 1
5.27599 1
2.54079 1
1.08903 1
11.2335 1
-3.05883 1
5.51282 1
10.6932 1
7.12708 1
5.8101 1
2.08605 1
8.00224 1
4.21788 1
5.49608 1
6.36002 1
6.49627 1
1.91333 1
5.33392 1
5.68945 1
3.32123 1
9.1147 1
5.42733 1
4.24513 1
11.2697 1
12.301 1
8.57922 1
3.29837 1
7.02842 1
3.03369 1
7.83723 1
5.28507 1
3.50243 1
5.16451 1
-3.7224 1
8.39899 1
3.47739 1
4.9766 1
3.42354 1
6.3495 1
4.62532 1
5.99227 1
4.42559 1
7.76277 1
5.40178 1
6.42223 1
5.78896 1
4.55091 1
3.88988 1
8.22701 1
9.73175 1
0.463773 1
6.79521 1
4.60233 1
7.15491 1
4.4846 1
1.57302 1
7.12581 1
4.34353 1
4.54461 1
1.83528 1
0.204163 1
6.40037 1
14.2056 1
4.19011 1
4.1594 1
5.96316 1
7.90428 1
5.59905 1
6.27305 1
5.77654 1
2.66233 1
4.0664 1
8.90042 1
-0.982686 1
5.86679 1
7.44562 1
5.39165 1
12.8707 1
9.56979 1
4.54457 1
5.27286 1
4.21238 1
5.15445 1
1.47044 1
-0.509071 1
2.76456 1
8.81713 1
5.5241 1
5.51554 1
-0.695335 1
1.46392 1
4.81013 1
2.12733 1
4.03151 1
0.586155 1
3.68802 1
-1.7983 1
12.1286 1
6.45081 1
5.94187 1
8.05488 1
1.01939 1
8.96638 1
11.8471 1
5.03666 1
6.56159 1
10.5633 1
1.19741 1
4.94631 1
3.16572 1
10.5258 1
7.29135 1
1.28365 1
-3.11336 1
4.51961 1
5.52713 1
7.83089 1
7.13855 1
5.74931 1
5.64474 1
5.46472 1
10.1874 1
10.273 1
6.84496 1
4.83096 1
3.80854 1
5.17943 1
7.36223 1
6.291 1
7.46035 1
6.75208 1
0.309985 1
13.8649 1
2.66765 1
10.6988 1
4.31292 1
4.45244 1
-0.295417 1
5.23678 1
9.26636 1
6.35068 1
5.10705 1
5.12325 1
5.69441 1
2.90197 1
4.35309 1
3.83579 1
5.22467 1
6.84566 1
6.82437 1
7.04021 1
5.21152 1
3.22682 1
2.7317 1
-3.33692 1
10.6328 1
0.691316 1
6.51871 1
-0.108363 1
5.67668 1
6.4307 1
1.14652 1
4.85576 1
12.7546 1
6.04967 1
11.7657 1
5.96583 1
7.49996 1
-3.27901 1
5.42782 1
6.07423 1
7.89355 1
2.58402 1
6.66285 1
7.55834 1
13.7684 1
6.11433 1
4.25762 1
4.51517 1
9.47163 1
5.79385 1
3.86116 1
5.26574 1
10.6106 1
7.34542 1
5.12705 1
9.16366 1
6.81828 1
-0.913313 1
6.57248 1
-2.6905 1
6.89665 1
5.74739 1
4.39274 1
2.81462 1
9.15539 1
2.00034 1
7.97269 1
5.06559 1
8.18521 1
3.57244 1
6.23593 1
2.40813 1
1.12625 1
5.44228 1
6.51067 1
5.53288 1
6.3583 1
4.08228 1
6.50332 1
3.60506 1
10.2137 1
7.00176 1
8.52006 1
4.95598 1
6.88712 1
4.01169 1
10.5544 1
-0.121852 1
-3.96391 1
1.49199 1
8.06849 1
5.94536 1
3.51493 1
13.9542 1
3.78709 1
3.86654 1
1.1484 1
6.95002 1
-0.5112 1
0.431035 1
3.36279 1
13.3464 1
5.32781 1
4.47342 1
6.86269 1
2.47536 1
3.22055 1
3.79868 1
10.8529 1
3.69952 1
2.2516 1
1.85556 1
12.7602 1
5.03875 1
7.14232 1
-1.28327 1
13.9865 1
11.8942 1
4.55553 1
3.63872 1
1.63342 1
1.37091 1
-2.54497 1
5.71072 1
6.202 1
7.84898 1
3.17387 1
4.59086 1
8.82652 1
-4.15643 1
3.93881 1
11.2164 1
0.461665 1
7.98455 1
-0.464214 1
6.12757 1
5.94752 1
0.297641 1
4.17455 1
0.587648 1
7.32536 1
5.84511 1
4.59408 1
3.22275 1
2.17066 1
-0.162997 1
8.83762 1
-3.70247 1
5.8593 1
6.10394 1
2.53623 1
4.94815 1
-2.1439 1
1.1043 1
-2.97607 1
6.71342 1
4.6433 1
2.36983 1
2.62773 1
5.3135 1
0.936505 1
7.26355 1
2.76481 1
7.337 1
6.3367 1
-3.53195 1
0.651257 1
-2.65532 1
4.99869 1
12.87 1
3.74711 1
-0.904559 1
6.31988 1
5.88893 1
3.85315 1
7.80482 1
6.15933 1
10.1334 1
-1.62539 1
-0.0366705 1
3.90332 1
5.83406 1
4.92128 1
3.26015 1
5.49827 1
3.46966 1
3.76897 1
2.00308 1
5.78892 1
7.74818 1
6.10033 1
6.93727 1
8.44493 1
3.18034 1
4.04088 1
6.07652 1
12.8054 1
7.28418 1
3.33877 1
2.00612 1
5.20602 1
3.59231 1
4.4452 1
4.92181 1
5.29325 1
8.64151 1
4.82264 1
3.98051 1
6.65445 1
6.34265 1
-1.53675 1
8.24857 1
6.55748 1
-0.291181 1
5.43055 1
4.81169 1
6.55501 1
2.62346 1
3.83353 1
8.13909 1
4.45065 1
3.13611 1
7.07825 1
6.93002 1
4.19545 1
4.64628 1
2.79108 1
2.35463 1
4.82031 1
4.07143 1
7.65911 1
5.9261 1
3.32071 1
14.8302 1
4.79993 1
9.3849 1
8.39925 1
4.42254 1
8.53416 1
7.02447 1
4.89386 1
-0.573342 1
6.82402 1
4.63243 1
4.48417 1
3.15475 1
5.83621 1
5.65976 1
6.15006 1
4.51227 1
5.91724 1
-0.616499 1
3.66167 1
6.61173 1
4.35489 1
1.47148 1
4.59821 1
10.6459 1
7.16169 1
7.94123 1
5.53599 1
2.29277 1
6.62027 1
10.5007 1
6.36275 1
8.2006 1
-2.76902 1
8.15563 1
6.55144 1
4.68497 1
0.180017 1
4.77062 1
13.0478 1
-0.747521 1
2.00885 1
-0.621595 1
6.71021 1
6.95628 1
2.9058 1
-4.05451 1
5.966 1
3.28661 1
2.61234 1
7.14249 1
5.528 1
2.85246 1
-4.63774 1
5.94891 1
5.12195 1
12.9252 1
4.3515 1
14.3733 1
11.3185 1
3.23917 1
5.00447 1
4.79262 1
5.86459 1
6.75852 1
4.84575 1
9.00636 1
4.5714 1
4.9556 1
5.52662 1
9.05045 1
8.41297 1
12.9618 1
3.43088 1
3.53813 1
5.76348 1
7.318 1
4.08433 1
0.803536 1
4.51667 1
3.97167 1
7.05168 1
6.08897 1
6.49976 1
6.42785 1
6.0454 1
-0.795578 1
2.34283 1
4.77887 1
-2.98613 1
4.98851 1
6.61024 1
3.68741 1
1.73794 1
4.29249 1
7.11135 1
5.09362 1
4.85341 1
7.1033 1
3.27909 1
7.27984 1
6.15096 1
9.69529 1
5.84321 1
2.60075 1
4.37189 1
6.05345 1
9.29238 1
0.177744 1
3.32525 1
3.29153 1
7.06264 1
8.50053 1
4.89864 1
9.16562 1
1.05784 1
0.463512 1
7.34513 1
6.95912 1
7.6772 1
3.92924 1
1.94705 1
4.66056 1
5.53222 1
6.7313 1
3.30466 1
4.70274 1
5.64754 1
0.258082 1
3.85524 1
7.14402 1
4.86527 1
4.38285 1
6.25548 1
5.56616 1
4.80898 1
2.47718 1
3.1269 1
6.4856 1
6.43195 1
-3.62483 1
5.36028 1
8.19369 1
6.71358 1
5.10108 1
4.4298 1
2.60352 1
7.10247 1
4.26797 1
3.3498 1
5.30488 1
14.0761 1
6.61024 1
6.4216 1
5.08263 1
4.28456 1
3.60007 1
3.23721 1
10.077 1
-1.70393 1
-0.30815 1
6.8405 1
1.20342 1
4.5375 1
13.6215 1
4.55072 1
7.63996 1
5.04777 1
3.73274 1
5.8006 1
7.3417 1
2.55158 1
-1.1393 1
11.2517 1
3.58221 1
5.17823 1
-0.382705 1
3.92347 1
3.94158 1
5.64892 1
4.10498 1
-0.804731 1
1.87374 1
6.3088 1
7.6779 1
3.39195 1
5.27533 1
2.57721 1
4.89702 1
10.5117 1
5.73135 1
3.66526 1
7.32526 1
-1.6878 1
2.16962 1
3.14817 1
5.88248 1
7.28276 1
7.09128 1
3.10798 1
5.4162 1
6.00268 1
6.42208 1
4.58375 1
1.68374 1
4.9568 1
-0.561963 1
3.20205 1
7.039 1
3.59777 1
4.98498 1
0.542743 1
12.3935 1
6.77953 1
11.8658 1
4.79035 1
11.1903 1
3.04267 1
5.96314 1
9.19946 1
12.8377 1
3.18491 1
6.72711 1
6.29693 1
3.50579 1
-3.50623 1
3.64075 1
-4.65184 1
3.44848 1
5.11283 1
-4.13926 1
4.79351 1
4.99095 1
2.9946 1
4.05416 1
7.12327 1
13.2346 1
4.96628 1
4.00352 1
4.42713 1
7.54715 1
5.67579 1
3.48197 1
-0.215868 1
3.03734 1
11.9351 1
-0.0513907 1
3.86504 1
6.63538 1
9.17126 1
4.71581 1
3.68309 1
8.77361 1
3.76381 1
-2.24286 1
2.50801 1
11.5717 1
6.89046 1
3.83462 1
1.24526 1
3.66301 1
5.35813 1
6.35802 1
8.90753 1
14.8024 1
4.652 1
-1.29738 1
5.13776 1
9.53146 1
4.10219 1
3.77161 1
5.41226 1
8.67294 1
6.87837 1
-0.84 1
7.3517 1
-1.2808 1
6.29982 1
-2.21422 1
0.865862 1
3.25487 1
6.24381 1
8.72346 1
4.52725 1
6.72612 1
6.18181 1
7.26398 1
14.3398 1
3.72028 1
4.70242 1
5.23714 1
2.17387 1
4.6125 1
5.09657 1
3.03088 1
0.939161 1
9.89164 1
6.71841 1
3.52955 1
10.6046 1
10.4328 1
3.8773 1
10.668 1
5.30555 1
6.43921 1
2.9462 1
5.46085 1
5.51491 1
-0.494814 1
-2.63228 1
8.19687 1
11.2136 1
5.04685 1
6.37287 1
5.42691 1
2.6224 1
8.43744 1
5.01596 1
7.46746 1
4.3642 1
10.2962 1
4.42983 1
1.20336 1
-1.70598 1
5.39878 1
11.8526 1
5.75295 1
6.22052 1
9.0837 1
9.65084 1
2.96594 1
5.50151 1
7.56575 1
4.50367 1
2.54374 1
5.08591 1
9.12986 1
6.74203 1
6.25941 1
0.530298 1
3.53368 1
6.21222 1
5.33052 1
-0.902381 1
0.0299181 1
2.54753 1
4.84803 1
3.93814 1
14.6088 1
1.98309 1
7.78874 1
5.85058 1
5.13945 1
5.84282 1
3.92476 1
-3.69374 1
6.06849 1
2.63103 1
-1.16433 1
12.0771 1
6.05859 1
9.4758 1
12.5876 1
13.2447 1
3.36726 1
6.0955 1
6.70042 1
5.22435 1
4.53248 1
5.92561 1
5.36818 1
3.79035 1
2.05083 1
4.23964 1
1.96815 1
2.75014 1
3.21142 1
1.05338 1
3.66806 1
5.66631 1
5.88421 1
12.3343 1
4.68681 1
4.77792 1
9.88232 1
4.64142 1
-3.1186 1
-4.27338 1
8.69539 1
6.38327 1
6.17365 1
1.42798 1
7.11694 1
5.68206 1
3.89871 1
7.67576 1
4.20461 1
6.61647 1
3.47974 1
5.45912 1
3.1172 1
3.25744 1
11.2604 1
5.26227 1
1.54701 1
4.99873 1
3.38965 1
3.87868 1
4.72433 1
9.38611 1
-0.0495537 1
8.98882 1
2.5807 1
8.20898 1
0.546511 1
4.23535 1
7.27092 1
5.13472 1
-2.9713 1
0.422273 1
3.1918 1
7.73012 1
3.49483 1
4.57404 1
12.6617 1
8.10902 1
6.14374 1
5.27186 1
8.90249 1
-0.694092 1
6.79959 1
3.68517 1
-3.4458 1
3.99469 1
5.23012 1
7.79557 1
7.21487 1
3.11259 1
4.01562 1
2.75909 1
2.2574 1
0.293396 1
14.0379 1
4.36626 1
2.51727 1
3.81408 1
2.47615 1
3.32698 1
2.15359 1
1.90284 1
6.89511 1
7.29986 1
4.58515 1
4.90962 1
3.93462 1
9.11631 1
3.82989 1
1.98519 1
4.58176 1
11.9175 1
4.43585 1
4.30063 1
6.16642 1
11.4209 1
1.76294 1
5.26998 1
7.84785 1
4.40404 1
1.54543 1
5.76337 1
6.95138 1
7.91077 1
8.56741 1
8.22342 1
5.56374 1
4.68332 1
6.40179 1
4.42925 1
8.14087 1
0.910835 1
6.18456 1
4.35291 1
1.45421 1
7.22358 1
7.03798 1
6.35331 1
12.1946 1
4.1056 1
10.8903 1
4.59559 1
6.7607 1
4.26237 1
4.41905 1
4.45069 1
4.60486 1
6.40389 1
7.62739 1
6.21539 1
2.72585 1
0.17624 1
7.98882 1
13.0629 1
5.04908 1
7.92863 1
8.7968 1
11.9458 1
-0.152355 1
1.9062 1
9.13778 1
6.66063 1
6.48628 1
0.762136 1
4.09765 1
6.12358 1
2.63567 1
5.96601 1
6.39981 1
10.4473 1
5.39783 1
-3.78859 1
8.71229 1
9.13888 1
5.06794 1
4.6921 1
3.8872 1
7.26192 1
6.52995 1
4.64596 1
-2.78247 1
1.11225 1
8.39105 1
4.15228 1
7.25243 1
6.65239 1
-0.771038 1
5.37833 1
4.16301 1
5.60669 1
1.45937 1
1.63053 1
4.68042 1
3.47861 1
12.0602 1
8.00989 1
12.9998 1
6.36425 1
3.90674 1
4.9692 1
2.13072 1
4.2206 1
5.04788 1
5.86729 1
4.46639 1
7.13059 1
8.41384 1
-4.09148 1
5.09802 1
-4.81304 1
5.96447 1
5.5056 1
4.91305 1
8.08829 1
8.8252 1
5.68527 1
5.27631 1
1.0168 1
-4.0454 1
4.97785 1
12.2255 1
0.437453 1
6.46789 1
11.0111 1
6.19226 1
4.3562 1
5.77874 1
2.27273 1
4.08766 1
8.44779 1
5.79141 1
5.71672 1
11.5486 1
6.05983 1
-3.6488 1
6.10006 1
8.99761 1
4.07064 1
5.69544 1
10.3911 1
4.65797 1
4.28882 1
12.2318 1
10.1992 1
4.59852 1
5.74707 1
6.11922 1
4.39655 1
6.19831 1
7.98287 1
3.0174 1
5.25995 1
4.50715 1
3.98156 1
1.61102 1
5.46132 1
6.52641 1
2.66231 1
8.48964 1
4.92388 1
-1.18303 1
4.53587 1
-0.388522 1
3.33495 1
4.0248 1
2.93473 1
3.73195 1
4.46835 1
0.760421 1
6.26632 1
-3.06423 1
5.67242 1
7.07424 1
10.785 1
5.15702 1
5.18886 1
3.58798 1
5.80059 1
5.15655 1
0.84911 1
14.715 1
7.77551 1
2.2731 1
6.98254 1
3.58114 1
5.65234 1
8.9878 1
8.72351 1
6.28586 1
12.637 1
4.52253 1
5.67023 1
4.23378 1
12.1028 1
7.49002 1
2.69244 1
2.97305 1
6.4331 1
1.81936 1
4.78245 1
5.79683 1
2.71484 1
4.01148 1
5.16383 1
9.40008 1
8.10216 1
3.60327 1
8.78436 1
7.99086 1
2.63222 1
-3.96021 1
0.669059 1
6.62672 1
5.09477 1
8.28707 1
4.65385 1
7.17874 1
10.8237 1
-1.55919 1
9.76877 1
3.61494 1
5.53195 1
0.134561 1
6.5225 1
3.34353 1
4.61631 1
1.61292 1
8.99233 1
7.90258 1
-1.7693 1
7.44914 1
4.19998 1
4.8853 1
12.2284 1
4.31161 1
9.67549 1
3.49136 1
7.05826 1
6.28931 1
1.90348 1
-2.10438 1
0.850419 1
5.44736 1
1.1179 1
6.48611 1
4.44592 1
7.00583 1
6.58311 1
7.65318 1
5.60489 1
8.42272 1
5.5199 1
5.41919 1
5.729 1
0.500535 1
8.82612 1
4.72063 1
6.30864 1
0.53766 1
4.56948 1
7.72842 1
6.66024 1
5.20884 1
2.29639 1
8.74598 1
6.52996 1
5.08141 1
2.97911 1
2.51753 1
5.88978 1
4.65912 1
7.21964 1
4.99136 1
11.8635 1
5.00912 1
6.90395 1
8.86328 1
5.76407 1
2.42368 1
0.828437 1
7.22406 1
-4.30745 1
-0.970094 1
3.86895 1
7.23366 1
4.37372 1
5.6511 1
-2.53557 1
8.8321 1
8.23394 1
3.43756 1
8.1602 1
5.87704 1
9.07088 1
4.04998 1
6.763 1
5.8988 1
3.40832 1
9.38267 1
4.84566 1
3.95897 1
9.57638 1
5.04416 1
1.36067 1
4.6151 1
1.23448 1
3.9394 1
5.9428 1
7.08214 1
5.18003 1
10.6919 1
4.79887 1
14.1222 1
5.0854 1
4.16445 1
4.75291 1
5.66868 1
4.61868 1
4.9448 1
7.42208 1
6.3536 1
4.12757 1
12.484 1
0.431665 1
5.74912 1
10.4778 1
11.5094 1
7.21415 1
4.52908 1
2.25953 1
5.13169 1
7.74603 1
6.79862 1
2.3416 1
1.18715 1
4.31945 1
1.67906 1
5.46201 1
6.52478 1
4.69349 1
5.30725 1
7.17239 1
8.7118 1
5.99939 1
-2.83643 1
5.01818 1
2.14293 1
5.69898 1
4.00737 1
1.22164 1
-1.98453 1
5.86672 1
13.1293 1
6.36034 1
2.40338 1
4.92029 1
8.66721 1
1.35444 1
7.85904 1
4.52297 1
6.97604 1
6.06402 1
5.98479 1
4.12698 1
4.15167 1
9.98865 1
6.12867 1
4.83599 1
3.08738 1
5.12844 1
12.3175 1
6.22539 1
-2.59839 1
-0.508714 1
4.18647 1
12.8164 1
4.16638 1
6.20393 1
4.67739 1
5.3104 1
8.03743 1
5.18088 1
10.683 1
7.85653 1
-1.24984 1
-0.872054 1
4.38846 1
8.05116 1
6.01944 1
4.61984 1
6.4204 1
4.69971 1
4.80669 1
5.07486 1
6.42373 1
2.27992 1
6.07189 1
4.74143 1
6.61278 1
3.8252 1
5.02845 1
5.06933 1
14.2661 1
1.20562 1
5.02538 1
0.140726 1
-3.61799 1
13.704 1
4.9973 1
6.24437 1
0.735109 1
3.43635 1
5.27496 1
5.45171 1
-2.02395 1
5.31773 1
8.20008 1
-4.84826 1
4.70911 1
5.87498 1
7.70589 1
7.46763 1
4.00645 1
3.43367 1
-0.651214 1
-4.78105 1
0.12325 1
6.06177 1
3.33464 1
3.8 1
5.20882 1
5.35102 1
-3.8646 1
3.61808 1
3.40239 1
3.63822 1
5.32839 1
7.73882 1
3.05388 1
5.26254 1
3.87437 1
8.21574 1
6.37695 1
1.15492 1
10.9887 1
7.11112 1
6.01079 1
12.5047 1
4.29407 1
13.1916 1
3.72164 1
3.83462 1
-0.0257464 1
6.4709 1
5.86869 1
4.34124 1
-0.570543 1
13.7668 1
6.66066 1
5.87607 1
4.60818 1
11.7451 1
6.73377 1
1.65134 1
4.74435 1
-3.87861 1
6.87674 1
2.95315 1
0.586936 1
4.73746 1
10.6481 1
10.4903 1
5.90312 1
6.96666 1
3.98657 1
9.14133 1
3.03472 1
8.07825 1
6.28263 1
4.08345 1
7.23559 1
0.898548 1
1.88985 1
4.95074 1
6.67039 1
-1.84147 1
-3.61474 1
3.42769 1
7.39859 1
4.36385 1
4.0858 1
6.48423 1
6.27439 1
2.72565 1
8.00962 1
6.27845 1
6.15849 1
2.70313 1
4.2033 1
8.32287 1
4.1871 1
6.18325 1
3.72639 1
4.39977 1
4.12026 1
0.685754 1
10.7203 1
8.33649 1
5.34309 1
5.87097 1
10.4808 1
5.97046 1
1.38283 1
5.34027 1
3.41841 1
11.4946 1
5.19854 1
2.88505 1
1.52201 1
4.98771 1
1.9123 1
1.18144 1
8.4877 1
12.8167 1
6.62287 1
6.87762 1
0.0736968 1
4.90639 1
12.6077 1
5.39161 1
0.275394 1
0.452845 1
4.04109 1
4.59686 1
-3.45526 1
5.401 1
5.41175 1
5.56053 1
6.3385 1
4.65608 1
1.30889 1
5.31049 1
11.8968 1
8.92811 1
7.90327 1
8.01474 1
3.32366 1
5.87716 1
5.88496 1
3.19613 1
5.05078 1
6.02078 1
4.87714 1
8.99788 1
8.75073 1
0.399405 1
6.3385 1
6.02566 1
6.45428 1
3.71911 1
5.1397 1
5.46484 1
6.85235 1
6.3013 1
7.99244 1
5.20621 1
5.36774 1
0.686298 1
9.10737 1
4.24558 1
0.593668 1
2.65493 1
6.18241 1
7.48294 1
4.97775 1
3.26062 1
3.70813 1
2.86959 1
3.08749 1
4.8144 1
6.35538 1
-4.15565 1
6.95371 1
6.15144 1
3.53242 1
3.35 1
5.45022 1
8.54103 1
5.38644 1
5.26766 1
9.46546 1
6.26358 1
7.3652 1
0.985624 1
11.1428 1
6.53 1
11.2262 1
5.7318 1
4.88175 1
6.55093 1
4.81419 1
8.40757 1
3.19154 1
5.01928 1
7.94657 1
4.0725 1
3.37877 1
7.38762 1
4.65041 1
7.45895 1
2.88852 1
13.4163 1
1.94727 1
5.2485 1
-3.79586 1
9.09016 1
7.48973 1
5.2428 1
8.1738 1
11.3899 1
4.14505 1
8.93167 1
6.07278 1
-2.21871 1
8.18246 1
5.90713 1
1.05102 1
8.10791 1
8.21411 1
6.36627 1
-1.25583 1
5.35576 1
10.952 1
7.07773 1
7.59461 1
7.2564 1
14.5181 1
4.33758 1
0.957557 1
4.43256 1
12.0749 1
4.78366 1
5.14572 1
0.0117894 1
6.01125 1
2.1388 1
7.11921 1
9.93814 1
10.798 1
5.30461 1
5.62217 1
6.72839 1
2.97403 1
4.53098 1
11.1296 1
-0.463018 1
4.11414 1
5.36469 1
4.12883 1
12.6864 1
6.45666 1
5.53563 1
5.74074 1
5.92767 1
-2.47519 1
8.41818 1
3.13199 1
-1.78431 1
5.73959 1
6.18518 1
5.42175 1
4.31052 1
5.2014 1
10.4756 1
3.9679 1
3.29062 1
9.61881 1
4.33546 1
6.25787 1
12.7825 1
4.81797 1
4.45098 1
3.43068 1
8.87477 1
4.0267 1
9.47426 1
9.7805 1
4.83925 1
11.6286 1
6.13438 1
5.50864 1
6.53224 1
2.63931 1
-1.93554 1
4.55239 1
-0.930512 1
5.39893 1
12.736 1
2.98397 1
3.26628 1
5.54811 1
8.52606 1
13.1648 1
6.95322 1
13.9464 1
6.61411 1
7.93828 1
6.354 1
5.86075 1
6.94109 1
2.44666 1
4.7475 1
6.82345 1
-4.80847 1
14.2608 1
7.15561 1
4.67179 1
6.73581 1
-3.94378 1
4.68677 1
9.03847 1
13.615 1
6.66002 1
5.53888 1
8.4214 1
9.39469 1
5.04841 1
5.22346 1
4.27681 1
11.1606 1
0.747203 1
10.8359 1
3.52329 1
5.48926 1
4.6056 1
3.51344 1
7.32922 1
8.41776 1
4.5023 1
2.67398 1
5.91611 1
2.44704 1
3.80262 1
-1.67849 1
8.17881 1
4.25232 1
3.76945 1
4.65264 1
4.91648 1
1.7198 1
4.77789 1
6.35162 1
7.25505 1
6.40316 1
10.5978 1
5.24018 1
6.3676 1
4.5032 1
5.96666 1
6.90621 1
5.55557 1
3.59102 1
0.945046 1
3.98765 1
5.65998 1
8.19265 1
10.6001 1
3.37956 1
5.04883 1
7.40892 1
-2.77112 1
5.47528 1
6.36928 1
11.3444 1
2.53882 1
5.93613 1
1.52165 1
9.51025 1
5.20958 1
3.07151 1
5.49468 1
4.52071 1
7.83477 1
3.57066 1
7.30874 1
8.76284 1
4.83765 1
1.41054 1
5.01082 1
5.56534 1
3.12735 1
3.78805 1
5.14562 1
4.9734 1
7.7054 1
5.18487 1
8.173 1
4.32446 1
2.63496 1
0.722491 1
0.0491698 1
2.58386 1
9.88088 1
5.61281 1
4.53449 1
5.13747 1
3.39234 1
7.35435 1
1.85587 1
-1.23628 1
2.69926 1
2.59946 1
6.11308 1
-0.0741969 1
6.81988 1
0.216334 1
3.29913 1
9.94001 1
2.8246 1
4.22201 1
3.24937 1
6.4307 1
3.50513 1
-4.82051 1
5.2263 1
2.41867 1
3.19915 1
5.52998 1
6.7198 1
7.09117 1
4.2743 1
1.99589 1
3.46468 1
7.06455 1
3.15595 1
5.73577 1
3.8479 1
5.0953 1
3.98006 1
7.13603 1
4.68185 1
3.88333 1
4.64624 1
12.121 1
11.8428 1
10.9317 1
5.19501 1
4.52567 1
5.90446 1
0.338751 1
4.78349 1
6.34393 1
4.23506 1
4.90152 1
0.111502 1
4.046 1
5.50541 1
4.55192 1
8.46305 1
6.54723 1
3.46975 1
4.25992 1
1.41746 1
3.24934 1
11.105 1
4.87721 1
11.6697 1
7.21759 1
3.50672 1
6.0218 1
2.50457 1
6.61544 1
-1.51286 1
8.64916 1
9.72991 1
10.468 1
2.39922 1
4.28644 1
8.83835 1
6.23222 1
11.487 1
3.50139 1
4.22534 1
0.46901 1
4.91998 1
4.72811 1
0.791666 1
-0.388173 1
5.5331 1
6.66956 1
3.54273 1
3.41864 1
9.73 1
5.82309 1
6.53588 1
9.21433 1
3.34034 1
7.55958 1
6.22523 1
0.955632 1
1.22656 1
3.39563 1
3.19785 1
3.44957 1
1.66821 1
1.97674 1
8.26133 1
5.90407 1
9.93522 1
5.82042 1
5.55978 1
6.16652 1
10.4926 1
2.40403 1
6.15316 1
0.893066 1
6.13658 1
4.3231 1
6.00902 1
2.09344 1
8.88881 1
3.669 1
3.5442 1
9.38017 1
4.84903 1
-1.79526 1
1.07231 1
4.17966 1
2.74365 1
5.20602 1
0.261241 1
11.9495 1
6.11526 1
2.73223 1
4.75535 1
9.81902 1
3.69662 1
1.45518 1
3.93363 1
5.08693 1
8.93953 1
4.72253 1
4.07766 1
10.2275 1
0.994489 1
8.28514 1
6.34844 1
4.3451 1
6.77298 1
5.30792 1
9.64582 1
5.8898 1
1.02653 1
10.3541 1
4.61125 1
3.46413 1
8.22044 1
7.09154 1
12.4882 1
4.36214 1
2.41048 1
6.70036 1
3.53653 1
11.2055 1
11.5651 1
4.38106 1
5.62685 1
11.3341 1
0.586736 1
-3.26948 1
7.85329 1
6.03039 1
-0.549838 1
6.22718 1
4.92477 1
0.247088 1
4.8105 1
3.60732 1
5.24926 1
10.5781 1
3.59481 1
10.1005 1
6.79823 1
5.11239 1
5.79359 1
2.52928 1
6.90614 1
4.12861 1
5.07375 1
1.38507 1
4.28413 1
6.15984 1
4.79257 1
4.62888 1
3.4596 1
-4.78895 1
6.09634 1
6.71624 1
13.3094 1
7.90192 1
9.40901 1
5.55985 1
6.72472 1
6.80039 1
7.23888 1
9.48779 1
7.76039 1
4.71557 1
3.99057 1
8.30524 1
2.98731 1
6.98929 1
2.13295 1
3.92949 1
8.01816 1
12.5556 1
6.06983 1
-1.70347 1
3.3128 1
9.61941 1
7.11284 1
5.22265 1
5.19583 1
5.90689 1
1.64292 1
1.77183 1
-0.349481 1
3.69028 1
6.65733 1
5.57566 1
5.48284 1
4.17646 1
5.83281 1
8.68951 1
5.8995 1
-3.62685 1
5.6795 1
4.24732 1
10.2938 1
4.9127 1
7.09325 1
-2.7724 1
6.77853 1
7.13872 1
7.53542 1
4.43201 1
3.62724 1
4.40084 1
6.01794 1
8.64673 1
8.70879 1
7.5033 1
5.18118 1
6.11079 1
9.01449 1
4.51812 1
2.06323 1
6.88362 1
10.6347 1
7.63852 1
5.47771 1
8.28226 1
4.56658 1
6.6135 1
6.9341 1
7.61576 1
4.54327 1
10.7593 1
5.10569 1
11.7991 1
3.0905 1
4.73182 1
3.25763 1
5.23336 1
1.34343 1
13.2931 1
10.6986 1
5.61109 1
5.38362 1
5.64987 1
3.73708 1
4.54466 1
2.05018 1
3.66916 1
3.52717 1
6.63839 1
2.3401 1
5.2813 1
2.60047 1
8.43013 1
5.07105 1
4.09738 1
13.5864 1
-3.04968 1
7.45693 1
7.88129 1
9.29509 1
9.04627 1
3.74276 1
2.31806 1
3.90285 1
6.27801 1
3.91193 1
5.74564 1
-0.733513 1
10.3131 1
5.28783 1
3.08877 1
1.18526 1
3.97289 1
8.72685 1
7.43963 1
-0.011176 1
2.09159 1
3.02466 1
3.06706 1
1.33429 1
-2.83826 1
3.82475 1
5.30424 1
-1.44781 1
4.40488 1
3.46573 1
5.44848 1
1.18835 1
4.34461 1
3.27111 1
5.7335 1
10.0551 1
2.91383 1
2.36767 1
10.7148 1
-4.47747 1
3.75565 1
6.36804 1
4.8511 1
6.16877 1
3.539 1
5.49521 1
9.65199 1
5.60842 1
1.09632 1
5.07266 1
-1.90264 1
4.37662 1
11.7253 1
5.15894 1
3.18034 1
4.13357 1
3.01788 1
2.84835 1
2.34185 1
3.01869 1
11.6204 1
4.78488 1
6.32607 1
3.70573 1
12.1216 1
4.90963 1
6.00008 1
6.32038 1
4.36223 1
6.74199 1
6.00254 1
4.59831 1
4.72546 1
4.39936 1
9.39412 1
-2.33538 1
1.75509 1
4.4555 1
1.25689 1
-3.0273 1
6.7847 1
3.98481 1
4.5615 1
3.44152 1
11.4236 1
6.60278 1
3.72993 1
14.1976 1
2.07454 1
4.84521 1
7.37776 1
-0.751991 1
9.32847 1
11.2019 1
-1.61798 1
7.54917 1
-0.488315 1
5.16582 1
9.18585 1
5.74873 1
4.09395 1
5.48813 1
6.50632 1
2.55565 1
4.49176 1
-2.51059 1
1.53283 1
1.89556 1
6.40227 1
7.62424 1
11.1833 1
3.57804 1
4.69577 1
4.75435 1
4.4046 1
7.34052 1
1.03378 1
3.13545 1
3.50928 1
6.37738 1
4.42359 1
6.38088 1
-2.22913 1
1.04542 1
1.77641 1
6.03107 1
2.82411 1
9.03556 1
5.13663 1
7.7064 1
3.36174 1
0.331485 1
3.01226 1
13.1894 1
8.52043 1
7.59902 1
8.6726 1
5.49696 1
6.07681 1
4.52042 1
3.38631 1
3.8564 1
0.75339 1
7.52719 1
6.7429 1
4.77288 1
4.2716 1
2.71917 1
5.02722 1
7.60387 1
0.490219 1
5.13755 1
2.81709 1
8.10899 1
12.3073 1
1.25052 1
7.37772 1
12.3221 1
3.12371 1
8.44204 1
2.38391 1
5.27631 1
11.1645 1
11.2131 1
4.38829 1
8.39328 1
4.50621 1
12.796 1
7.82668 1
1.69072 1
4.53351 1
1.26639 1
6.40285 1
6.11591 1
3.98025 1
7.60276 1
2.64018 1
9.02665 1
-2.07234 1
3.00715 1
14.4081 1
-4.05086 1
3.91952 1
-1.3356 1
1.55147 1
6.91449 1
1.21126 1
2.60544 1
6.07367 1
5.22677 1
5.58104 1
4.50664 1
1.88026 1
6.61393 1
9.17368 1
0.737922 1
11.9761 1
6.39702 1
8.25137 1
6.72948 1
6.13117 1
12.6138 1
3.83028 1
8.73222 1
0.80421 1
6.33657 1
5.76824 1
3.00207 1
5.85399 1
8.08438 1
5.41078 1
5.69826 1
0.00892206 1
4.8834 1
4.6103 1
