4.36114 1
9.55618 1
-3.5831 1
13.2242 1
-1.16548 1
5.05854 1
0.333203 1
5.42929 1
3.35917 1
6.09258 1
3.6509 1
7.43563 1
6.0227 1
8.88084 1
4.13804 1
8.37927 1
6.71132 1
14.437 1
6.48446 1
4.66561 1
11.2346 1
0.834922 1
8.58962 1
7.56097 1
5.84297 1
5.15022 1
7.04127 1
6.95961 1
7.72661 1
5.97809 1
3.50915 1
8.68112 1
6.03713 1
1.38896 1
3.96962 1
5.62489 1
5.04854 1
6.19266 1
2.56032 1
0.914136 1
4.39984 1
12.6849 1
4.4349 1
7.43819 1
9.02068 1
5.79111 1
7.21839 1
4.68122 1
3.05833 1
5.98146 1
6.37373 1
3.47914 1
4.67519 1
6.18116 1
4.97551 1
4.77051 1
14.3916 1
-0.135932 1
7.57865 1
3.31458 1
5.23074 1
4.99941 1
8.52331 1
3.21909 1
7.0306 1
5.26458 1
5.8392 1
3.06355 1
4.53218 1
5.60568 1
2.16834 1
9.24475 1
5.89614 1
4.73792 1
6.09184 1
8.36871 1
4.53968 1
7.60475 1
13.4463 1
4.90102 1
6.70988 1
4.44289 1
0.651284 1
1.53879 1
3.42915 1
7.40518 1
4.9276 1
6.05304 1
8.51254 1
2.92465 1
2.8011 1
4.62538 1
7.28057 1
3.63784 1
6.14181 1
6.12946 1
2.49435 1
6.55613 1
0.245743 1
5.28523 1
7.71898 1
5.57258 1
2.99915 1
4.49662 1
4.24175 1
4.15294 1
4.47923 1
8.51271 1
10.3176 1
5.33108 1
-0.856386 1
4.60128 1
4.61119 1
4.14687 1
6.16911 1
4.66294 1
8.62042 1
5.32974 1
3.40841 1
2.03859 1
3.44978 1
5.65535 1
8.28565 1
5.58532 1
6.15516 1
6.21398 1
5.84557 1
7.52867 1
3.12492 1
0.511118 1
4.03108 1
4.01068 1
-1.77929 1
2.2258 1
2.92696 1
2.97067 1
11.7001 1
7.77821 1
-3.90607 1
8.70639 1
7.58664 1
3.24543 1
2.86769 1
7.52229 1
6.47903 1
13.225 1
3.83816 1
6.74638 1
6.57493 1
-0.894305 1
-1.64926 1
2.21962 1
4.62996 1
5.75004 1
8.92021 1
-2.65593 1
6.70931 1
5.7839 1
6.33439 1
4.69839 1
6.48589 1
5.49342 1
4.75065 1
-1.37994 1
3.61938 1
14.3207 1
13.1782 1
5.78537 1
8.92345 1
8.18278 1
5.39322 1
5.28623 1
0.781121 1
5.37186 1
7.40691 1
5.23933 1
1.41382 1
6.71871 1
6.68922 1
3.99154 1
8.30174 1
5.05813 1
4.67815 1
2.14029 1
0.499915 1
6.95909 1
11.6329 1
-1.58417 1
-0.335521 1
4.36927 1
4.16453 1
5.53999 1
0.234472 1
4.5113 1
5.47304 1
9.02865 1
10.3824 1
8.85254 1
8.74259 1
12.124 1
9.21992 1
3.05949 1
7.80664 1
6.69854 1
2.49715 1
11.7649 1
7.12559 1
4.48548 1
3.32705 1
6.32604 1
4.89294 1
-0.929029 1
11.6923 1
-1.2452 1
1.73289 1
8.50701 1
8.09256 1
11.2416 1
4.82043 1
2.69477 1
5.70116 1
4.15972 1
6.91629 1
7.39063 1
6.31696 1
6.96848 1
-2.67338 1
4.19512 1
-0.541897 1
8.25913 1
6.1453 1
2.32127 1
2.39906 1
2.85865 1
1.50751 1
14.8558 1
6.13036 1
5.272 1
1.17001 1
3.82504 1
6.6621 1
4.24609 1
2.59067 1
4.57917 1
2.09112 1
-0.692344 1
2.88577 1
5.18887 1
0.913288 1
5.98508 1
0.949293 1
7.76484 1
4.53935 1
5.59995 1
4.6127 1
8.2142 1
6.54804 1
9.56507 1
4.05629 1
14.732 1
1.58029 1
3.00882 1
5.31019 1
2.41942 1
2.98775 1
12.8528 1
4.39579 1
7.71526 1
6.9464 1
5.6678 1
6.98755 1
5.64365 1
2.99061 1
8.4184 1
4.33977 1
1.03205 1
4.20724 1
14.3519 1
11.0388 1
5.20733 1
2.70291 1
8.94498 1
7.62247 1
-1.08366 1
7.87534 1
6.01634 1
5.8542 1
1.51537 1
1.47666 1
2.62066 1
13.9362 1
5.11962 1
5.45865 1
11.3352 1
11.7325 1
5.55416 1
6.19193 1
4.86936 1
2.36043 1
-0.0356753 1
3.72241 1
7.11208 1
5.34621 1
6.83987 1
4.108 1
5.64175 1
4.27559 1
3.21415 1
12.1409 1
-3.42208 1
4.87887 1
4.80063 1
10.0695 1
6.63747 1
1.49425 1
-0.744865 1
2.38736 1
3.49769 1
9.29601 1
7.50871 1
5.6103 1
5.44945 1
2.52834 1
5.78053 1
2.37846 1
6.5094 1
1.4451 1
3.07641 1
6.35822 1
4.55842 1
5.9145 1
2.89932 1
-0.865374 1
4.95961 1
9.98046 1
8.07944 1
1.37586 1
3.81453 1
5.67602 1
8.23108 1
2.85071 1
6.5905 1
6.66822 1
13.8809 1
5.8322 1
5.01297 1
6.6296 1
11.0615 1
8.41128 1
4.87568 1
4.87359 1
6.60026 1
-0.402494 1
0.688259 1
7.08814 1
4.18213 1
4.48301 1
5.59122 1
5.48145 1
4.11894 1
8.68807 1
2.67685 1
5.25695 1
4.96902 1
-2.47558 1
12.173 1
11.997 1
7.42132 1
3.33074 1
5.33834 1
2.00998 1
6.81264 1
8.46766 1
3.47543 1
7.29617 1
7.4602 1
-0.882722 1
0.486636 1
0.904844 1
6.20392 1
5.5352 1
8.78832 1
-3.37174 1
7.98229 1
4.37507 1
1.74573 1
4.67105 1
0.0519605 1
-0.269686 1
7.86324 1
4.04347 1
7.90119 1
4.00769 1
0.570261 1
4.71058 1
6.04892 1
5.94793 1
1.29157 1
-0.109088 1
2.52414 1
6.09364 1
14.1745 1
7.36871 1
2.78989 1
4.77582 1
4.25345 1
8.03699 1
8.08824 1
6.50124 1
5.84448 1
4.03134 1
0.140956 1
2.6046 1
4.46904 1
6.02314 1
8.01302 1
6.08416 1
3.30407 1
3.4372 1
8.03072 1
6.22022 1
12.4028 1
10.6208 1
-0.540868 1
7.84887 1
4.10901 1
0.0694993 1
3.62348 1
5.2676 1
7.08689 1
6.00882 1
5.57545 1
3.85779 1
1.14396 1
6.69692 1
5.05497 1
0.403492 1
2.71387 1
4.44029 1
4.60856 1
3.51772 1
8.51537 1
1.80528 1
2.96411 1
5.45265 1
-0.581122 1
5.05187 1
4.29591 1
1.47044 1
6.91052 1
-3.3535 1
7.23654 1
3.90704 1
4.52772 1
8.41206 1
2.66269 1
10.9933 1
1.23872 1
4.98942 1
4.77326 1
1.45161 1
1.45115 1
6.5361 1
11.0262 1
6.22591 1
8.92189 1
3.80295 1
4.30791 1
11.409 1
8.98124 1
5.26376 1
5.16482 1
5.78885 1
8.83062 1
2.35148 1
6.49372 1
5.42358 1
3.74876 1
4.91757 1
7.91079 1
2.93603 1
4.34073 1
-1.0736 1
3.73155 1
5.17283 1
6.19828 1
7.74438 1
5.00312 1
1.37954 1
14.5709 1
13.1046 1
7.45322 1
2.94151 1
5.69785 1
3.94557 1
-3.5711 1
1.8553 1
3.78166 1
2.87765 1
6.34232 1
5.81697 1
1.03347 1
8.6748 1
5.74896 1
-1.13778 1
2.3337 1
8.31237 1
11.7498 1
4.26552 1
5.21106 1
9.99242 1
11.8353 1
5.39456 1
9.11154 1
4.88792 1
8.44939 1
4.68075 1
-0.044795 1
3.4588 1
13.5165 1
2.14697 1
3.19351 1
2.71338 1
3.5897 1
13.8402 1
4.90017 1
7.90229 1
2.40571 1
7.19854 1
5.08097 1
7.01559 1
4.04863 1
5.06046 1
2.22002 1
1.88198 1
3.59343 1
5.83509 1
3.22397 1
4.68542 1
5.05632 1
-1.70084 1
7.86297 1
5.91892 1
5.14367 1
5.10877 1
4.12774 1
9.13341 1
6.38018 1
4.79417 1
4.62253 1
4.56463 1
8.00397 1
5.74726 1
5.42992 1
8.38211 1
5.13078 1
5.57559 1
3.17782 1
2.72236 1
6.16883 1
-2.66569 1
5.90987 1
4.3322 1
8.18283 1
6.1684 1
3.77836 1
5.48721 1
4.37903 1
10.077 1
8.13769 1
5.23007 1
-3.52824 1
9.89461 1
5.78112 1
6.49641 1
1.23193 1
7.70721 1
3.90337 1
9.41742 1
2.72158 1
3.04112 1
7.7016 1
5.95749 1
4.66141 1
4.82993 1
6.49799 1
6.78061 1
3.97773 1
6.84803 1
5.48771 1
5.40071 1
7.29309 1
-1.37289 1
4.62639 1
6.76463 1
1.06296 1
3.36133 1
-3.10296 1
8.97031 1
6.15643 1
10.559 1
4.35207 1
8.70241 1
8.77138 1
5.14155 1
3.51049 1
-1.89714 1
5.15698 1
6.57326 1
4.10385 1
4.79533 1
0.994175 1
7.36531 1
6.10976 1
8.36878 1
5.0999 1
4.8949 1
2.51966 1
1.32051 1
9.35387 1
3.81919 1
8.41196 1
1.25929 1
11.6963 1
5.63914 1
5.236 1
4.01688 1
4.10045 1
11.3964 1
3.65354 1
5.40906 1
6.12661 1
5.06433 1
10.4342 1
5.29038 1
-2.85056 1
5.11878 1
11.4619 1
6.95141 1
5.16338 1
12.5629 1
10.4808 1
3.13427 1
-0.567202 1
0.338839 1
7.59542 1
4.4738 1
4.191 1
4.59319 1
3.61957 1
4.9909 1
2.12591 1
5.48554 1
1.07316 1
8.015 1
10.4475 1
4.02138 1
13.4439 1
-0.782809 1
2.59458 1
2.66457 1
12.0217 1
8.84039 1
1.91495 1
6.70634 1
4.85426 1
4.58321 1
5.9353 1
1.18548 1
2.92106 1
-0.119893 1
3.49982 1
4.52395 1
6.01941 1
6.56674 1
4.6411 1
4.51042 1
0.610094 1
5.95461 1
3.29114 1
7.9492 1
5.4443 1
6.27923 1
7.7903 1
9.58689 1
5.89151 1
5.58846 1
6.4232 1
2.94513 1
7.13229 1
11.4487 1
7.41995 1
3.17742 1
6.70535 1
7.68006 1
3.61845 1
0.919303 1
6.53592 1
5.6231 1
6.98209 1
8.2424 1
6.55024 1
6.93764 1
1.883 1
0.604049 1
7.43022 1
7.00543 1
6.52035 1
6.55614 1
5.88733 1
9.58661 1
4.86528 1
1.73304 1
3.40514 1
3.1833 1
3.8613 1
5.3473 1
4.97993 1
3.19845 1
9.61182 1
6.63489 1
5.54242 1
3.46566 1
0.565347 1
4.75258 1
7.19297 1
6.08635 1
-3.10621 1
5.60649 1
13.5494 1
5.54109 1
2.24652 1
-3.77767 1
7.88977 1
5.39738 1
6.38178 1
4.04476 1
8.06331 1
14.3213 1
7.85143 1
4.8333 1
3.80693 1
13.3314 1
9.77373 1
4.87244 1
1.46019 1
14.0335 1
4.24393 1
4.80623 1
6.95969 1
8.54996 1
14.4465 1
3.76152 1
2.43756 1
3.90337 1
4.05691 1
-2.15398 1
3.06986 1
4.23607 1
3.55667 1
9.11383 1
5.36959 1
7.08904 1
8.52563 1
3.43854 1
3.59908 1
3.72326 1
12.6784 1
6.60831 1
8.29875 1
10.8006 1
9.03208 1
4.89588 1
3.3004 1
0.248842 1
8.62679 1
6.34786 1
0.621763 1
5.59294 1
8.54611 1
4.7794 1
9.15685 1
1.22387 1
6.72355 1
-0.161175 1
8.47588 1
5.63066 1
4.35569 1
5.23178 1
7.55911 1
7.22722 1
5.94352 1
2.8883 1
8.89101 1
3.47301 1
5.76314 1
5.59017 1
3.00062 1
5.372 1
-2.9883 1
5.86503 1
-0.358841 1
7.54818 1
10.9515 1
8.42048 1
2.95212 1
1.62439 1
6.66973 1
-1.24306 1
6.38934 1
10.4138 1
2.88148 1
0.552516 1
10.0026 1
3.41412 1
5.9523 1
7.2707 1
12.0279 1
8.02361 1
13.2156 1
-0.605727 1
3.45835 1
8.10101 1
4.36972 1
4.811 1
6.61078 1
6.15614 1
0.307295 1
10.7834 1
9.19717 1
7.02801 1
3.42591 1
13.4012 1
8.71899 1
6.73086 1
11.692 1
3.85346 1
7.23795 1
5.02061 1
7.53945 1
3.42349 1
4.78676 1
6.58236 1
6.45277 1
5.45494 1
6.01125 1
4.12347 1
5.07817 1
8.9825 1
4.49133 1
3.12079 1
2.38819 1
5.40591 1
14.053 1
7.61702 1
6.97122 1
3.67875 1
5.33576 1
-0.779165 1
7.18901 1
5.36138 1
3.39397 1
7.19303 1
3.20183 1
4.77506 1
14.0151 1
6.42975 1
11.0044 1
2.78275 1
4.98652 1
2.70981 1
3.72964 1
4.56564 1
5.03453 1
5.92376 1
1.22455 1
4.62756 1
6.7392 1
11.3586 1
2.44101 1
3.54804 1
4.63424 1
4.1676 1
-1.27129 1
6.18321 1
7.80919 1
3.35104 1
5.16575 1
9.92014 1
4.47346 1
6.51275 1
4.19003 1
6.51151 1
10.0597 1
7.58666 1
11.2213 1
4.80656 1
11.4799 1
5.51824 1
-4.59967 1
5.52348 1
4.87995 1
5.28099 1
11.8756 1
-4.02302 1
13.7707 1
5.66995 1
-1.29037 1
-0.939168 1
5.32676 1
14.8571 1
13.393 1
5.74544 1
5.82492 1
6.81297 1
6.70183 1
9.26484 1
8.64004 1
4.46326 1
10.2677 1
2.9947 1
5.80139 1
9.69295 1
5.89815 1
-0.213227 1
7.71963 1
7.22956 1
4.45666 1
3.22955 1
4.43492 1
5.0099 1
8.12134 1
8.04653 1
5.35983 1
4.65359 1
8.00266 1
4.65894 1
9.72545 1
4.70473 1
5.43799 1
-0.174018 1
3.48391 1
1.96033 1
3.44624 1
4.09297 1
3.17447 1
4.41113 1
3.66578 1
3.50731 1
6.30159 1
3.8469 1
-1.17961 1
5.81062 1
6.72035 1
4.2013 1
14.8296 1
3.71455 1
5.09472 1
11.2257 1
4.2688 1
6.80489 1
6.97725 1
4.17665 1
-0.304959 1
4.39392 1
5.21882 1
2.77879 1
10.8585 1
8.21945 1
5.16193 1
7.26191 1
8.63135 1
5.79103 1
5.3366 1
3.81999 1
7.76763 1
5.80525 1
8.24266 1
6.42561 1
6.24069 1
4.67706 1
-3.9194 1
4.21273 1
-1.47158 1
7.52689 1
4.70681 1
5.10917 1
6.46261 1
5.19848 1
1.67878 1
1.53836 1
12.5254 1
-3.30452 1
7.05731 1
3.05273 1
8.21562 1
7.12105 1
2.20725 1
7.428 1
7.48953 1
8.15206 1
4.57204 1
2.963 1
4.27447 1
3.45549 1
4.99967 1
1.87471 1
4.78606 1
5.10591 1
12.2434 1
7.77473 1
6.12888 1
6.33286 1
5.82746 1
3.55934 1
3.40294 1
8.18587 1
4.83263 1
11.021 1
5.25284 1
6.03736 1
3.75204 1
-4.15101 1
4.82969 1
10.2709 1
7.77257 1
2.25788 1
6.48131 1
-0.0361044 1
4.34145 1
4.67176 1
-0.0807044 1
4.43589 1
4.55744 1
6.54522 1
2.74138 1
1.50993 1
11.0651 1
4.69059 1
9.62846 1
8.01993 1
4.08567 1
5.47237 1
12.9152 1
4.28633 1
3.19575 1
4.98808 1
7.05106 1
7.64003 1
-0.374146 1
9.47333 1
3.52588 1
5.87941 1
3.30793 1
8.69363 1
3.04118 1
5.50155 1
5.80067 1
6.02276 1
4.84083 1
5.75405 1
0.482371 1
6.23963 1
7.91078 1
5.01853 1
10.5638 1
1.11191 1
5.1402 1
6.06787 1
3.66372 1
5.44246 1
3.96206 1
10.7167 1
6.48711 1
6.61303 1
6.25516 1
2.03583 1
6.02485 1
4.70817 1
4.01752 1
6.4089 1
7.2349 1
1.74451 1
6.23046 1
4.87553 1
4.88312 1
9.10198 1
5.89379 1
4.02586 1
0.403023 1
5.13386 1
5.84404 1
6.30552 1
3.14804 1
5.18276 1
2.79283 1
7.63345 1
8.06707 1
5.69808 1
4.38678 1
2.81176 1
5.67993 1
11.3636 1
4.62121 1
6.49578 1
4.38416 1
7.77305 1
6.42796 1
2.22901 1
4.14633 1
7.36784 1
8.77235 1
5.72909 1
5.71434 1
6.72448 1
4.19681 1
-4.54333 1
5.2887 1
-0.996633 1
3.1633 1
7.07701 1
-3.77428 1
4.15381 1
6.01867 1
5.72227 1
1.49561 1
-0.219686 1
0.947668 1
5.05296 1
7.01853 1
5.13562 1
7.69684 1
-0.336616 1
2.39568 1
4.21408 1
7.20269 1
6.59181 1
-0.0345774 1
9.3861 1
10.3644 1
5.13621 1
4.94099 1
1.99974 1
7.36767 1
10.356 1
2.68852 1
6.33663 1
11.8865 1
0.639594 1
3.10995 1
9.48974 1
5.44971 1
1.84071 1
3.43142 1
3.00739 1
11.5465 1
6.2237 1
9.33111 1
4.96906 1
3.67099 1
8.21706 1
7.57476 1
3.11675 1
-0.696835 1
5.2704 1
4.11381 1
1.96222 1
1.95335 1
6.9856 1
8.16574 1
4.1333 1
8.7091 1
3.22761 1
4.40091 1
4.3318 1
7.75892 1
4.9981 1
3.52192 1
8.31445 1
8.55854 1
8.55399 1
5.4025 1
14.6899 1
4.58872 1
13.8984 1
6.45815 1
5.55421 1
2.77803 1
6.19159 1
1.71642 1
6.14959 1
8.96839 1
3.9436 1
3.78966 1
5.237 1
8.04849 1
0.0851971 1
2.70261 1
4.24327 1
8.39963 1
6.23618 1
5.2643 1
6.03333 1
7.0131 1
5.37355 1
9.69071 1
3.36472 1
-3.83847 1
5.38195 1
9.53168 1
5.02371 1
6.64165 1
6.77779 1
6.39841 1
5.49408 1
2.7579 1
6.38157 1
3.79321 1
7.36552 1
14.6351 1
8.49258 1
3.56272 1
0.673414 1
4.39916 1
6.31674 1
7.35836 1
7.3653 1
5.46848 1
4.47908 1
5.95719 1
4.26834 1
1.25666 1
5.32716 1
4.97499 1
-0.462609 1
6.04855 1
4.08302 1
5.83283 1
4.92503 1
5.75924 1
11.1136 1
1.22706 1
6.14428 1
6.81912 1
5.08173 1
-0.722381 1
4.77951 1
3.69593 1
4.73158 1
5.10998 1
-4.41183 1
9.37079 1
11.0786 1
4.98117 1
13.8748 1
4.07946 1
7.25841 1
5.60514 1
7.62563 1
4.67766 1
3.43158 1
4.52062 1
7.42631 1
10.0864 1
11.4851 1
1.39594 1
9.98989 1
7.5073 1
-0.106176 1
5.94656 1
3.14912 1
4.90509 1
10.9753 1
7.96423 1
6.54819 1
3.79559 1
-3.27562 1
7.90014 1
-2.54136 1
3.49286 1
6.00666 1
8.41612 1
12.1808 1
5.1707 1
3.43102 1
12.3997 1
6.15667 1
7.97865 1
5.17197 1
1.08124 1
5.57639 1
10.4445 1
7.58458 1
7.65262 1
5.57334 1
4.41486 1
5.69087 1
7.44998 1
1.78241 1
5.84375 1
3.16557 1
5.31212 1
3.04992 1
3.55738 1
6.09306 1
5.00183 1
8.13756 1
7.96867 1
8.87134 1
6.04345 1
6.74715 1
5.59927 1
9.53464 1
5.16134 1
0.712941 1
4.49905 1
11.4453 1
9.63045 1
9.38222 1
6.42847 1
5.57272 1
4.35582 1
8.11174 1
5.31117 1
-0.142228 1
6.88051 1
7.73587 1
8.07383 1
3.41631 1
6.87099 1
4.60913 1
7.30629 1
0.834674 1
1.80927 1
2.84665 1
2.15819 1
12.7666 1
14.4196 1
5.28938 1
2.93104 1
1.66884 1
13.1893 1
7.54051 1
6.64418 1
3.43364 1
0.66488 1
5.57894 1
13.7851 1
12.5285 1
4.1364 1
7.18172 1
2.98955 1
3.63957 1
11.0113 1
1.1899 1
5.85129 1
3.35378 1
7.08902 1
3.93863 1
5.22529 1
6.54088 1
-2.38784 1
6.64823 1
4.83765 1
4.39386 1
8.94418 1
5.04615 1
6.36158 1
0.745488 1
3.08878 1
13.5363 1
5.21264 1
6.24892 1
3.6108 1
2.37055 1
0.478543 1
5.63091 1
6.20109 1
10.9327 1
6.79333 1
7.45044 1
5.40586 1
12.4879 1
6.19887 1
2.6637 1
2.90436 1
4.52458 1
6.41886 1
7.55556 1
2.99424 1
6.21406 1
9.39497 1
6.85862 1
2.32284 1
4.8908 1
9.10486 1
4.85149 1
1.47027 1
7.29479 1
10.6677 1
0.594219 1
4.01727 1
8.09339 1
3.59124 1
-1.86192 1
7.97757 1
5.81151 1
4.79828 1
6.2519 1
6.49842 1
5.99002 1
3.83492 1
10.8953 1
3.99837 1
6.24952 1
6.86967 1
3.77058 1
6.67479 1
5.52787 1
4.34429 1
3.33622 1
3.43401 1
4.71061 1
5.90588 1
3.13221 1
0.273544 1
2.50792 1
7.48184 1
4.76831 1
5.9763 1
4.79484 1
3.39106 1
5.63322 1
5.71137 1
5.05455 1
5.14133 1
10.6181 1
7.58705 1
12.1699 1
3.41031 1
7.96035 1
6.08552 1
7.30204 1
7.69293 1
12.8093 1
7.47942 1
4.4871 1
2.8319 1
14.6628 1
2.67852 1
3.31913 1
2.80809 1
6.59396 1
4.8124 1
7.15791 1
-0.673877 1
-2.21908 1
0.351379 1
4.42918 1
-0.832229 1
6.36102 1
1.60509 1
5.45901 1
5.19708 1
-0.393913 1
4.81281 1
7.98929 1
4.83153 1
2.28663 1
5.25304 1
6.79205 1
1.85151 1
-1.66954 1
6.3369 1
0.246131 1
11.1515 1
9.20315 1
7.34253 1
4.25187 1
0.00250443 1
4.44904 1
8.80495 1
-3.56018 1
0.32733 1
3.90527 1
6.16212 1
6.46064 1
5.64987 1
6.02107 1
3.72097 1
5.17014 1
4.87554 1
-3.80603 1
3.19768 1
11.667 1
3.29763 1
6.50148 1
1.30146 1
8.75302 1
5.63466 1
-1.20792 1
7.25956 1
3.45586 1
5.83108 1
3.22332 1
11.5705 1
6.678 1
0.69339 1
0.848892 1
3.64485 1
6.79115 1
2.7545 1
5.374 1
5.43144 1
5.42525 1
7.29134 1
3.68582 1
7.83067 1
0.664816 1
14.132 1
5.07695 1
9.16629 1
4.00286 1
5.08747 1
2.62854 1
3.99119 1
6.74511 1
4.27255 1
4.36233 1
3.09548 1
4.64851 1
0.893178 1
5.94762 1
3.2084 1
4.80214 1
5.42361 1
8.43922 1
4.17095 1
3.86495 1
12.1994 1
7.65101 1
8.24402 1
3.8423 1
4.93187 1
2.8678 1
1.44112 1
2.58872 1
4.27213 1
4.69658 1
2.01622 1
1.96908 1
4.77851 1
3.29728 1
5.86044 1
6.33093 1
5.79419 1
6.26372 1
4.92187 1
5.02797 1
2.52699 1
5.51274 1
5.01842 1
3.24416 1
11.4862 1
5.54232 1
6.47744 1
2.71781 1
3.55064 1
6.2415 1
5.37404 1
4.42477 1
9.59057 1
4.9931 1
8.03275 1
1.97708 1
4.0739 1
5.15086 1
6.12949 1
10.8746 1
3.99768 1
3.4012 1
-0.0833579 1
4.09458 1
2.31776 1
8.64748 1
5.84413 1
4.60878 1
2.06279 1
9.27506 1
4.76471 1
11.9439 1
7.27065 1
6.92254 1
6.14574 1
14.6241 1
3.81095 1
4.7307 1
2.31833 1
4.33752 1
0.0610382 1
9.40654 1
2.21045 1
3.1321 1
9.60547 1
6.33816 1
2.47016 1
2.02811 1
12.9773 1
8.57296 1
6.15906 1
5.3693 1
3.06667 1
1.02487 1
3.54831 1
3.64281 1
9.47256 1
-4.27432 1
7.6885 1
5.47591 1
9.29016 1
5.20323 1
-3.41619 1
5.41637 1
5.01245 1
5.01513 1
9.36334 1
6.25939 1
8.79916 1
3.0735 1
8.22804 1
7.96547 1
6.23272 1
-0.152266 1
1.58449 1
6.34418 1
4.33446 1
2.31493 1
7.69342 1
4.7273 1
8.64808 1
12.9119 1
6.85667 1
6.14846 1
2.76816 1
6.14227 1
6.19364 1
3.44018 1
6.57867 1
5.26892 1
2.33457 1
4.09176 1
12.7209 1
5.6528 1
4.24601 1
9.08828 1
6.75746 1
5.42324 1
6.60497 1
4.89514 1
0.366935 1
6.5419 1
3.45684 1
14.3568 1
3.47217 1
2.83608 1
7.69813 1
6.20048 1
5.11531 1
0.453993 1
2.2219 1
4.20041 1
5.87239 1
4.26604 1
5.12352 1
5.64671 1
6.31213 1
5.4277 1
6.73136 1
-1.31614 1
6.38772 1
4.01047 1
5.70758 1
5.21627 1
2.72802 1
0.559059 1
5.61818 1
1.15659 1
-1.20995 1
4.16054 1
2.3809 1
9.76625 1
5.23087 1
1.70765 1
3.5712 1
9.76285 1
6.19953 1
5.94766 1
6.94385 1
7.24197 1
1.15947 1
6.91744 1
8.72215 1
4.29145 1
6.79552 1
3.12818 1
4.84903 1
5.06748 1
3.8497 1
4.47629 1
4.62468 1
0.503555 1
-1.72052 1
6.75077 1
5.39853 1
4.7324 1
3.93988 1
8.55735 1
2.82363 1
3.70214 1
10.6327 1
14.6582 1
7.72261 1
5.80201 1
2.26777 1
2.39948 1
3.55274 1
5.69016 1
3.52385 1
1.91039 1
5.95167 1
5.78549 1
6.38773 1
5.47365 1
1.46732 1
7.32714 1
7.6883 1
6.0843 1
5.42933 1
3.94408 1
0.8636 1
5.11782 1
3.05833 1
5.99765 1
1.71006 1
5.90574 1
-4.75735 1
0.138095 1
3.85522 1
7.45909 1
5.73936 1
6.68205 1
6.24947 1
4.53572 1
4.37733 1
4.03042 1
5.36309 1
4.56394 1
3.52695 1
3.94373 1
7.24059 1
3.33328 1
6.68213 1
4.59698 1
2.27999 1
5.96191 1
4.01764 1
4.69109 1
4.83335 1
14.6699 1
7.55224 1
5.94242 1
6.60703 1
0.6712 1
1.28352 1
10.9372 1
4.29518 1
10.1782 1
-1.99045 1
2.51776 1
7.12398 1
4.23846 1
1.58487 1
9.26229 1
7.73006 1
4.5169 1
5.9756 1
10.3854 1
-1.24891 1
5.02956 1
3.8833 1
-2.51742 1
10.5204 1
0.958308 1
2.25447 1
7.56625 1
10.4094 1
5.80223 1
0.255029 1
1.15776 1
4.69751 1
5.80176 1
1.07459 1
5.15072 1
6.20172 1
3.94665 1
0.0565716 1
-4.1378 1
0.955556 1
3.65314 1
0.947933 1
-0.321035 1
11.6872 1
3.97863 1
7.83008 1
5.09949 1
8.8295 1
2.84044 1
7.92713 1
6.69827 1
6.62449 1
1.38151 1
5.21806 1
8.67888 1
7.36085 1
3.98902 1
3.38169 1
3.27412 1
6.08449 1
10.9783 1
6.34849 1
7.70005 1
9.6626 1
2.73741 1
5.47902 1
6.03895 1
-0.427743 1
5.02267 1
5.72422 1
14.849 1
1.92377 1
1.97824 1
4.711 1
3.14399 1
-1.59121 1
9.31347 1
7.98841 1
6.74169 1
12.6198 1
2.28786 1
2.58186 1
11.4076 1
2.07635 1
5.55084 1
4.57692 1
4.05018 1
5.41395 1
5.70275 1
7.6708 1
5.77757 1
5.73227 1
4.44928 1
6.2471 1
4.23488 1
-0.278386 1
5.11299 1
2.73061 1
8.11616 1
2.87657 1
4.38895 1
1.19846 1
5.81845 1
5.28394 1
6.10432 1
4.96664 1
5.76849 1
3.99007 1
5.63774 1
1.80706 1
4.65562 1
7.06527 1
7.73833 1
7.4548 1
11.0606 1
-0.590681 1
3.97945 1
2.59412 1
6.60323 1
-2.52061 1
3.47395 1
9.95507 1
2.42463 1
9.29621 1
-3.13452 1
-0.532562 1
3.59021 1
3.19588 1
6.28572 1
3.77075 1
3.60866 1
6.89097 1
-1.76846 1
2.56558 1
6.4703 1
6.84326 1
9.95931 1
0.297683 1
13.9216 1
10.9569 1
8.34238 1
7.04839 1
4.86097 1
4.34677 1
3.37401 1
-0.636699 1
4.1934 1
12.4322 1
4.32222 1
2.34791 1
6.84018 1
4.56711 1
6.41182 1
-2.27853 1
10.7815 1
-3.30542 1
2.01728 1
4.87718 1
5.83543 1
11.1691 1
5.57729 1
1.89981 1
12.2846 1
5.25115 1
7.16984 1
-3.68059 1
9.1396 1
1.64487 1
3.97852 1
6.53872 1
0.385144 1
6.24059 1
-0.649752 1
8.29551 1
2.66533 1
6.32023 1
-1.18639 1
4.54998 1
1.59165 1
6.07006 1
5.13475 1
2.78716 1
11.9775 1
1.83284 1
3.29881 1
-0.341267 1
9.64754 1
5.35158 1
5.73708 1
6.47629 1
5.90832 1
1.1902 1
5.07599 1
3.11545 1
5.46646 1
6.24088 1
4.38339 1
-0.460067 1
3.94977 1
6.13863 1
4.60716 1
0.910921 1
4.28068 1
3.89431 1
13.7495 1
8.98418 1
7.28224 1
5.78255 1
2.6342 1
2.92082 1
5.81387 1
8.06403 1
8.34787 1
8.11269 1
8.38824 1
7.48206 1
6.6051 1
5.60333 1
6.48982 1
4.44239 1
4.44513 1
4.4778 1
-1.36859 1
7.9224 1
4.54922 1
4.41646 1
0.390712 1
4.9107 1
3.97534 1
5.6633 1
3.60597 1
3.28207 1
6.14145 1
7.96077 1
0.713936 1
0.0873399 1
4.74524 1
13.5149 1
11.403 1
6.2949 1
5.50847 1
9.37431 1
5.31359 1
4.49656 1
7.71898 1
6.19337 1
9.27297 1
-0.171765 1
6.29904 1
6.64762 1
5.11817 1
6.06005 1
10.3946 1
5.2856 1
4.76203 1
3.75901 1
10.5213 1
5.02361 1
5.93983 1
7.22975 1
5.49742 1
9.74658 1
5.98654 1
11.8287 1
3.193 1
-0.812677 1
0.12021 1
6.97047 1
4.26572 1
0.639928 1
6.90614 1
1.84236 1
3.62142 1
-1.3462 1
2.99716 1
7.58344 1
6.00019 1
7.76242 1
8.06494 1
4.45326 1
3.75888 1
-2.24028 1
9.10958 1
3.91723 1
4.16148 1
1.63283 1
5.04456 1
3.46577 1
7.19571 1
5.92125 1
-3.88353 1
6.17177 1
7.83302 1
3.46078 1
4.64787 1
3.22742 1
10.6026 1
3.94342 1
8.49788 1
13.8392 1
5.50669 1
4.31145 1
2.52455 1
6.63721 1
-1.16022 1
8.03335 1
3.27446 1
1.60184 1
6.83885 1
7.64921 1
5.2352 1
-4.09924 1
3.15238 1
4.66819 1
4.06408 1
0.600385 1
5.18607 1
7.46137 1
5.48732 1
7.8961 1
7.02694 1
2.38103 1
6.82178 1
0.581441 1
2.08267 1
5.14737 1
3.17893 1
6.81448 1
-2.76601 1
3.12872 1
3.68496 1
4.859 1
3.06838 1
-1.64524 1
5.66261 1
8.72396 1
4.08093 1
5.1588 1
7.18983 1
6.42035 1
4.73213 1
4.73761 1
5.36292 1
3.52181 1
6.71535 1
7.48543 1
8.12495 1
6.82282 1
3.59714 1
8.03467 1
4.27681 1
3.10494 1
8.28084 1
7.12108 1
5.324 1
7.7418 1
3.50357 1
2.71818 1
4.84262 1
14.764 1
5.45287 1
3.1012 1
8.7976 1
5.9883 1
5.04872 1
1.02656 1
5.20713 1
7.85405 1
3.72507 1
4.34539 1
8.07783 1
-1.52785 1
1.55088 1
2.62584 1
4.05598 1
7.56263 1
6.81951 1
5.49989 1
1.5162 1
1.64423 1
-2.82436 1
4.35862 1
3.5123 1
11.7539 1
0.466724 1
5.01185 1
10.6699 1
3.89227 1
9.87103 1
4.06132 1
3.40316 1
4.63631 1
5.39124 1
1.71951 1
7.88258 1
5.21641 1
5.73309 1
7.75283 1
3.63385 1
7.11262 1
4.29602 1
5.10261 1
6.10835 1
1.75811 1
7.38999 1
4.3934 1
13.5023 1
6.49173 1
5.15934 1
5.51542 1
3.74073 1
7.6294 1
10.0345 1
2.93758 1
6.13854 1
9.18661 1
8.1182 1
0.404434 1
5.25639 1
14.6851 1
3.70503 1
5.02444 1
3.19845 1
4.01985 1
10.0226 1
2.80562 1
6.33238 1
10.0472 1
11.3411 1
3.60377 1
10.3303 1
8.49205 1
2.96785 1
-3.48663 1
8.03877 1
5.05415 1
3.75172 1
4.74368 1
6.44133 1
6.0046 1
7.19647 1
4.39163 1
6.91741 1
10.1125 1
3.72496 1
6.06425 1
0.531367 1
1.07847 1
5.6532 1
8.4862 1
7.0893 1
6.89411 1
1.53015 1
11.513 1
5.04096 1
8.82584 1
10.9141 1
7.31878 1
13.8455 1
5.44516 1
7.39926 1
4.37525 1
4.68456 1
2.74674 1
12.248 1
2.33155 1
3.14314 1
0.98293 1
11.0981 1
-0.358699 1
4.92937 1
5.53628 1
4.37394 1
5.55945 1
4.66089 1
3.85646 1
4.40062 1
3.14137 1
1.95168 1
7.17162 1
6.59095 1
-0.827869 1
6.65466 1
13.6225 1
5.79748 1
13.6511 1
6.16633 1
4.89249 1
3.216 1
-1.6828 1
2.33839 1
3.851 1
2.43635 1
8.41649 1
5.77988 1
5.25234 1
4.71777 1
5.50587 1
2.17187 1
12.9555 1
6.97315 1
5.93625 1
6.17293 1
-2.47418 1
6.30966 1
4.03571 1
13.5203 1
8.92395 1
11.1495 1
12.2315 1
2.64888 1
6.85595 1
8.54953 1
1.89195 1
5.07369 1
7.27594 1
3.32163 1
-3.49056 1
5.17318 1
0.967233 1
8.0015 1
0.548935 1
4.97395 1
7.87947 1
4.93036 1
6.63003 1
6.66091 1
-2.5255 1
4.63264 1
6.56292 1
13.6238 1
7.66765 1
4.8505 1
4.37921 1
6.54315 1
7.55351 1
6.53965 1
4.89108 1
3.94844 1
11.6091 1
4.73136 1
8.79682 1
2.90088 1
4.54129 1
-0.209396 1
-2.26549 1
3.962 1
3.28077 1
3.346 1
6.55239 1
7.47491 1
5.08583 1
3.78414 1
6.67984 1
5.18093 1
2.27726 1
6.45352 1
4.72673 1
4.58242 1
2.80529 1
6.85049 1
3.84525 1
8.56461 1
6.74529 1
6.00523 1
2.3769 1
4.18652 1
7.30182 1
5.44843 1
4.85564 1
3.062 1
5.71473 1
4.42556 1
1.31917 1
5.74161 1
4.1066 1
7.11258 1
4.64748 1
5.78952 1
6.7345 1
7.22619 1
3.63541 1
7.48959 1
8.28693 1
9.39104 1
0.230937 1
11.0985 1
4.4151 1
5.07564 1
5.4697 1
4.14313 1
7.0571 1
5.13767 1
5.3708 1
4.73021 1
2.59124 1
4.83772 1
6.25572 1
4.88754 1
3.31178 1
12.3552 1
6.92028 1
8.88682 1
7.75466 1
3.17663 1
6.1367 1
6.82116 1
7.45465 1
2.78217 1
5.94414 1
4.2767 1
1.15117 1
5.90867 1
4.98744 1
5.33019 1
3.38779 1
5.37453 1
10.7037 1
-4.72356 1
-3.73498 1
2.54815 1
5.93431 1
4.22798 1
-3.27834 1
3.75569 1
5.66588 1
-1.01774 1
8.61039 1
11.6395 1
6.6605 1
6.17988 1
9.65414 1
-4.43327 1
6.15129 1
7.28249 1
4.70611 1
6.94893 1
6.39642 1
5.79576 1
5.04677 1
2.6856 1
4.13995 1
8.17315 1
3.34525 1
5.11351 1
7.02414 1
4.09321 1
3.01358 1
8.06957 1
6.24706 1
-1.44967 1
5.83124 1
8.62095 1
8.0547 1
5.43194 1
5.7491 1
7.32172 1
8.91084 1
11.2393 1
6.46696 1
14.5787 1
4.57048 1
-0.102331 1
13.9261 1
7.44651 1
-3.71848 1
8.35886 1
5.47196 1
3.87045 1
13.3139 1
7.47179 1
7.42022 1
12.3346 1
4.09742 1
3.94848 1
6.25243 1
4.33149 1
3.57311 1
4.52952 1
1.76722 1
3.73457 1
8.35135 1
2.46016 1
7.28347 1
5.57968 1
3.16465 1
7.35038 1
8.5757 1
-0.192837 1
3.94907 1
3.03759 1
3.07587 1
6.77695 1
4.8585 1
1.21115 1
5.90399 1
6.31314 1
7.85689 1
8.55877 1
5.18396 1
11.9729 1
10.0939 1
1.30929 1
3.88306 1
1.27901 1
1.45202 1
6.99192 1
5.98664 1
1.97063 1
7.00368 1
4.5138 1
-3.45579 1
12.82 1
8.99154 1
4.574 1
6.92355 1
14.618 1
8.36815 1
9.7982 1
6.15573 1
3.71178 1
2.65492 1
-4.7269 1
5.30226 1
4.61082 1
-4.44643 1
9.50092 1
7.50896 1
8.69773 1
5.35472 1
13.1723 1
4.8764 1
6.43431 1
2.15834 1
6.60347 1
5.89275 1
12.5041 1
9.44078 1
4.64915 1
7.65179 1
4.04067 1
6.29252 1
5.42698 1
12.5477 1
3.01035 1
7.21855 1
2.86448 1
-2.39656 1
3.75548 1
7.05728 1
8.30321 1
11.3355 1
6.85279 1
3.99844 1
12.7605 1
3.39071 1
7.55905 1
4.9016 1
-0.271181 1
9.7692 1
7.93345 1
2.56204 1
4.5217 1
10.2201 1
2.10431 1
1.04049 1
4.46142 1
7.78993 1
5.92091 1
4.31026 1
0.258826 1
6.13391 1
9.49701 1
3.2917 1
5.36345 1
7.41378 1
3.32861 1
3.80115 1
3.23638 1
5.221 1
6.70782 1
2.61161 1
1.5396 1
-0.927806 1
11.3359 1
7.8523 1
-0.836453 1
5.45223 1
5.73381 1
2.98519 1
8.86965 1
1.12667 1
7.02784 1
5.73789 1
9.0829 1
8.06245 1
8.77444 1
7.12909 1
6.6969 1
6.88114 1
5.58862 1
7.67136 1
9.22944 1
6.11893 1
8.90993 1
2.55823 1
4.6844 1
3.59411 1
4.69535 1
5.90386 1
5.47436 1
2.54583 1
2.58377 1
4.44892 1
4.32755 1
4.64864 1
3.60907 1
0.509435 1
10.2826 1
2.34232 1
5.08028 1
3.78894 1
6.42358 1
3.65791 1
8.66928 1
2.88731 1
5.68236 1
5.76091 1
2.60142 1
3.80536 1
4.2394 1
2.062 1
-0.148602 1
0.353838 1
6.5329 1
7.59574 1
6.92223 1
14.2057 1
6.03354 1
2.80661 1
13.9446 1
6.42228 1
1.56045 1
0.656889 1
5.27516 1
11.2339 1
5.62855 1
7.20403 1
8.76852 1
8.63209 1
5.65199 1
5.41484 1
5.01381 1
5.4126 1
4.23096 1
-1.87997 1
6.08908 1
11.2341 1
2.24235 1
5.24904 1
0.134455 1
8.02663 1
5.29631 1
2.82335 1
11.0011 1
5.67422 1
4.21671 1
6.49856 1
5.84895 1
6.88057 1
10.7883 1
5.23935 1
7.04191 1
-1.98567 1
10.0643 1
5.34946 1
7.3489 1
7.17288 1
5.53759 1
5.34843 1
10.387 1
7.6219 1
7.00184 1
-0.642153 1
3.46966 1
-0.640134 1
5.6062 1
4.15699 1
0.306028 1
10.0419 1
6.7739 1
-3.76011 1
6.41342 1
7.54199 1
-0.472417 1
11.8898 1
3.30486 1
6.46956 1
6.99448 1
4.93606 1
7.51575 1
0.41087 1
9.71282 1
5.95675 1
14.4867 1
5.76254 1
1.18787 1
5.42044 1
2.75639 1
4.01914 1
6.36936 1
5.11835 1
7.87564 1
3.98593 1
3.25931 1
5.41587 1
10.664 1
9.60786 1
5.46453 1
5.34045 1
8.40548 1
3.89886 1
8.17334 1
2.30452 1
4.67915 1
10.5393 1
6.74036 1
4.81368 1
4.56911 1
6.27469 1
5.88428 1
-2.8559 1
7.2438 1
6.14766 1
7.88855 1
8.28129 1
3.93929 1
5.12788 1
4.84929 1
5.19419 1
-1.83227 1
3.04477 1
7.50474 1
4.51837 1
-1.754 1
1.75101 1
7.85706 1
2.53763 1
4.74086 1
6.42551 1
9.90417 1
8.36673 1
7.28944 1
6.13629 1
7.13763 1
2.05931 1
4.69479 1
5.20456 1
8.2326 1
8.00867 1
0.618734 1
2.3553 1
7.87195 1
8.46318 1
8.38283 1
4.3394 1
0.0975919 1
5.708 1
-2.98985 1
9.20196 1
5.3425 1
9.33136 1
2.5127 1
8.13231 1
8.17209 1
6.65286 1
7.85346 1
6.36573 1
3.20611 1
1.02678 1
7.64157 1
3.69329 1
5.02761 1
5.44295 1
3.92718 1
3.13047 1
5.13319 1
-1.53751 1
-2.87964 1
3.86943 1
1.29615 1
3.30532 1
7.14604 1
0.197211 1
5.77445 1
6.82926 1
5.7891 1
3.28707 1
6.89491 1
5.94882 1
6.49109 1
1.94648 1
6.35618 1
6.51736 1
3.02774 1
2.03108 1
6.72185 1
9.30907 1
3.94023 1
6.1403 1
5.01686 1
5.22982 1
6.86687 1
4.40766 1
6.4828 1
3.07239 1
4.01016 1
6.38289 1
6.25072 1
3.25971 1
1.73449 1
5.94191 1
6.19514 1
6.57044 1
3.68079 1
2.38114 1
6.57577 1
-0.611464 1
0.455233 1
3.22619 1
8.41633 1
9.68524 1
5.68702 1
6.30373 1
8.84694 1
3.91546 1
4.84751 1
4.90317 1
4.53646 1
12.9283 1
3.85149 1
6.78135 1
3.55119 1
5.99611 1
9.557 1
7.08483 1
4.27294 1
5.11937 1
8.31676 1
-0.635991 1
6.6688 1
2.30171 1
4.98418 1
6.7125 1
3.73297 1
5.7622 1
7.17159 1
7.58866 1
2.06477 1
3.53154 1
4.96666 1
13.7384 1
6.22684 1
7.64732 1
5.16536 1
8.12374 1
5.18798 1
8.29858 1
12.4901 1
-0.126466 1
5.25345 1
2.07747 1
4.37615 1
8.56224 1
6.66968 1
7.57174 1
6.67599 1
3.01526 1
6.11927 1
5.35382 1
6.20906 1
10.8538 1
-2.23451 1
5.63478 1
0.0677003 1
-4.37449 1
12.2118 1
8.33812 1
5.49075 1
4.77741 1
4.30919 1
-3.23407 1
-0.35453 1
6.37403 1
9.68391 1
3.96228 1
6.34886 1
6.67638 1
3.21046 1
2.74468 1
4.63751 1
9.62681 1
6.60429 1
5.55225 1
8.51484 1
4.72245 1
3.9863 1
10.2778 1
2.96059 1
7.02532 1
8.03806 1
4.05254 1
1.07431 1
4.82003 1
1.53948 1
7.20591 1
5.63102 1
0.736907 1
3.51734 1
-1.41111 1
3.16538 1
8.43898 1
5.58355 1
13.1126 1
4.30558 1
3.74029 1
8.76872 1
8.85534 1
12.4264 1
5.39736 1
6.88239 1
5.372 1
4.25167 1
-2.26722 1
6.98083 1
4.88263 1
2.77096 1
3.79181 1
3.98222 1
7.6521 1
-0.879837 1
1.59335 1
3.4631 1
5.08229 1
6.18858 1
7.76197 1
6.86198 1
4.94882 1
3.27346 1
11.1038 1
8.58373 1
8.20429 1
1.61286 1
6.2048 1
7.6797 1
2.99746 1
4.68693 1
6.12681 1
11.0731 1
5.1824 1
6.68747 1
5.00531 1
3.75777 1
2.93935 1
3.44839 1
3.1178 1
5.11362 1
4.74892 1
6.50838 1
0.83552 1
4.46432 1
4.30032 1
6.26361 1
3.92589 1
4.82433 1
-4.44167 1
6.91313 1
4.43986 1
-0.550085 1
13.656 1
3.63193 1
4.06527 1
6.23108 1
3.57736 1
8.22422 1
-1.3965 1
-0.616814 1
14.002 1
-1.32181 1
8.70118 1
8.53741 1
3.11504 1
6.60303 1
4.32756 1
3.70396 1
10.9074 1
5.13246 1
7.66901 1
3.1189 1
9.82765 1
1.88454 1
7.2676 1
7.84156 1
6.05421 1
3.17305 1
3.37979 1
5.45791 1
9.59189 1
8.50525 1
4.55414 1
6.87855 1
6.10631 1
4.57334 1
6.51631 1
4.05871 1
5.69481 1
7.22735 1
4.47028 1
2.67889 1
6.24953 1
10.2961 1
6.23756 1
13.1269 1
2.80508 1
6.91669 1
2.01989 1
9.9418 1
8.73314 1
10.376 1
12.2975 1
5.95039 1
4.63046 1
3.87012 1
3.52326 1
1.71049 1
-4.53718 1
4.57335 1
5.27273 1
2.56498 1
2.46126 1
7.1437 1
4.57596 1
4.71347 1
6.70245 1
7.26642 1
5.52766 1
5.299 1
7.93192 1
7.34086 1
10.1431 1
5.1476 1
3.84078 1
5.35684 1
8.67714 1
4.25576 1
3.43595 1
6.83446 1
8.72695 1
6.37126 1
-0.0160428 1
0.84824 1
7.49275 1
0.847606 1
3.71277 1
9.52278 1
10.5817 1
10.4664 1
13.0959 1
-1.97742 1
2.73165 1
2.46307 1
13.9809 1
6.82083 1
5.70073 1
4.86803 1
3.84903 1
1.42358 1
5.46035 1
3.907 1
4.93888 1
7.28783 1
6.21959 1
4.41927 1
7.66205 1
4.70775 1
4.52848 1
-1.41014 1
5.97562 1
5.4429 1
-1.12148 1
-2.10692 1
3.9471 1
8.22907 1
7.34964 1
5.65066 1
2.11042 1
4.85841 1
10.8171 1
7.57378 1
7.24282 1
5.37111 1
9.79409 1
5.22191 1
6.41091 1
4.54284 1
3.38878 1
7.48804 1
6.56984 1
2.37965 1
3.73538 1
4.87223 1
5.27975 1
6.12685 1
5.38121 1
7.03566 1
9.01911 1
5.35948 1
2.01165 1
3.38868 1
3.8633 1
3.3515 1
3.13841 1
4.72298 1
11.7084 1
4.74387 1
6.31314 1
7.62323 1
3.48256 1
5.20676 1
0.762383 1
8.40705 1
3.90862 1
4.26073 1
2.95158 1
2.35365 1
6.04407 1
4.0803 1
2.40763 1
7.0612 1
9.99252 1
3.97434 1
3.23885 1
11.1489 1
4.83091 1
5.62032 1
5.39424 1
2.21254 1
1.31586 1
8.52195 1
-2.73785 1
14.7439 1
3.6814 1
5.66942 1
6.81585 1
6.45802 1
8.33112 1
4.47828 1
9.4496 1
8.28831 1
11.979 1
1.21497 1
3.8482 1
-2.8258 1
5.75846 1
2.90507 1
1.47583 1
7.38644 1
5.46144 1
7.09238 1
9.04685 1
5.29108 1
6.15142 1
4.07835 1
4.57372 1
2.99978 1
4.82206 1
-0.639668 1
5.30044 1
10.4837 1
3.32669 1
6.03478 1
5.59516 1
1.5835 1
2.35666 1
2.94289 1
13.1948 1
2.83835 1
5.90985 1
5.54666 1
-3.57369 1
4.37791 1
10.7548 1
5.42912 1
5.89918 1
5.54246 1
3.68435 1
3.46576 1
8.55309 1
9.77048 1
5.07165 1
11.2594 1
6.96288 1
6.69458 1
3.26049 1
5.12437 1
6.04681 1
5.17876 1
5.09748 1
7.25194 1
3.36761 1
2.80344 1
4.97476 1
3.7286 1
7.64289 1
13.2914 1
8.61706 1
-1.63894 1
3.50023 1
7.16353 1
6.31665 1
9.49422 1
3.58624 1
6.83961 1
4.34733 1
6.49392 1
10.8538 1
4.91199 1
5.06443 1
7.56333 1
13.4847 1
3.62626 1
4.90774 1
5.15295 1
8.31765 1
7.86174 1
4.05905 1
6.07061 1
4.28312 1
-3.26918 1
5.17084 1
5.07232 1
8.37993 1
2.79558 1
10.4809 1
4.6528 1
4.54768 1
12.5759 1
7.73858 1
-2.57456 1
6.46452 1
1.74471 1
4.74773 1
4.69159 1
6.86009 1
7.14999 1
3.86514 1
5.52797 1
2.73722 1
4.74839 1
5.78608 1
3.57151 1
8.36074 1
6.1948 1
5.23178 1
5.46368 1
3.66911 1
5.23746 1
0.413309 1
4.92154 1
8.48782 1
1.76841 1
4.72546 1
7.59419 1
-0.154235 1
3.58202 1
7.49022 1
5.04159 1
5.90203 1
6.25711 1
13.4313 1
3.79746 1
-0.527344 1
4.53839 1
2.56696 1
0.996442 1
-1.26698 1
-3.08188 1
7.73909 1
5.26735 1
8.09836 1
3.31684 1
4.57171 1
7.1275 1
8.86396 1
6.9219 1
10.6576 1
9.12903 1
5.48264 1
11.612 1
-0.310192 1
0.962506 1
5.72935 1
0.679551 1
3.54623 1
4.91343 1
3.61128 1
0.618722 1
4.35561 1
5.00678 1
6.99023 1
7.60977 1
9.38439 1
2.92041 1
4.57447 1
7.74082 1
4.14418 1
6.70208 1
10.8702 1
8.39447 1
4.66951 1
9.20405 1
1.28988 1
8.1046 1
6.61204 1
4.49295 1
8.57334 1
7.14234 1
5.31742 1
-1.26536 1
4.23386 1
4.70275 1
-4.80453 1
6.86161 1
6.74616 1
3.92411 1
-4.22294 1
5.34086 1
3.86459 1
8.27064 1
8.75037 1
12.28 1
7.35737 1
0.098072 1
7.58073 1
4.19177 1
-0.0603813 1
7.90282 1
7.30768 1
-1.53349 1
1.87733 1
6.26394 1
-0.928219 1
9.17654 1
7.20119 1
6.39474 1
-4.26931 1
5.7304 1
-1.47559 1
6.80434 1
6.56106 1
13.706 1
-1.21498 1
7.45265 1
10.0294 1
8.82645 1
6.97547 1
6.04253 1
13.9034 1
2.72813 1
7.78234 1
-0.897446 1
2.55153 1
2.7795 1
0.400634 1
4.61081 1
2.64232 1
6.82685 1
6.91513 1
6.03342 1
2.34597 1
2.28625 1
5.95616 1
8.23917 1
-3.50992 1
5.4991 1
11.9051 1
2.0932 1
-1.61833 1
3.04743 1
6.67798 1
3.39707 1
7.91567 1
8.42457 1
7.60843 1
12.2556 1
6.46553 1
4.53996 1
10.1794 1
7.83822 1
7.51468 1
10.0207 1
5.10186 1
8.47379 1
-2.2502 1
7.48903 1
5.63999 1
6.63322 1
5.18738 1
7.05826 1
11.2665 1
5.73717 1
6.41733 1
3.12288 1
4.9709 1
0.0419398 1
2.68894 1
6.52751 1
2.20954 1
5.54567 1
5.62965 1
5.09435 1
7.88308 1
7.51518 1
5.01336 1
12.0099 1
13.896 1
4.13267 1
6.03444 1
5.85431 1
7.5702 1
4.83514 1
4.57254 1
-0.957313 1
9.54984 1
6.52714 1
2.07072 1
3.5455 1
2.2353 1
4.459 1
4.9914 1
0.472467 1
4.34384 1
7.29446 1
8.70551 1
-0.201672 1
6.65838 1
8.36627 1
2.79158 1
8.39868 1
5.33486 1
-1.21362 1
3.07118 1
12.3876 1
5.90958 1
13.2044 1
3.80156 1
2.13059 1
2.25488 1
2.16298 1
8.321 1
5.26409 1
3.89041 1
6.49483 1
5.4711 1
2.44229 1
-0.390584 1
2.38684 1
1.17295 1
12.8641 1
8.42124 1
0.960475 1
2.75148 1
5.44567 1
3.76613 1
7.94729 1
9.49066 1
4.8854 1
7.70339 1
8.62412 1
6.00503 1
4.47505 1
7.91812 1
3.79112 1
4.13393 1
5.19476 1
4.36718 1
7.93804 1
2.61604 1
0.670534 1
6.51049 1
2.94108 1
5.10387 1
3.97304 1
4.87849 1
13.0092 1
12.9441 1
10.1541 1
12.2471 1
-3.89561 1
6.14288 1
-3.29175 1
8.44612 1
-4.643 1
3.75929 1
8.7363 1
5.33977 1
3.0082 1
2.45148 1
5.05536 1
5.83913 1
3.34803 1
6.4824 1
5.62633 1
1.00011 1
2.71938 1
7.5475 1
2.90836 1
6.99232 1
3.31008 1
4.04719 1
4.03477 1
4.98427 1
3.04753 1
12.06 1
-2.89665 1
5.64924 1
7.58358 1
5.47058 1
1.34485 1
3.66683 1
6.35596 1
11.4344 1
-3.63149 1
6.69948 1
5.28351 1
5.87635 1
8.65845 1
3.70721 1
2.07933 1
3.13372 1
9.29351 1
3.54456 1
9.33012 1
12.053 1
4.96345 1
4.21179 1
6.70992 1
7.94211 1
9.31515 1
5.6093 1
7.02271 1
-0.67594 1
4.05428 1
12.802 1
-0.256722 1
0.485564 1
1.92935 1
7.88703 1
6.83422 1
5.66098 1
7.81471 1
7.87886 1
14.5256 1
3.50812 1
3.12268 1
10.2556 1
7.15603 1
8.49992 1
4.55997 1
4.12568 1
-2.29879 1
7.26742 1
3.09245 1
9.60698 1
6.78434 1
2.94263 1
13.2838 1
4.96136 1
-3.94481 1
4.98883 1
6.49792 1
0.0915081 1
3.36479 1
7.3292 1
5.67262 1
5.55363 1
10.4476 1
3.8836 1
2.81036 1
4.15041 1
4.8391 1
7.19618 1
-2.6524 1
8.05 1
4.65958 1
3.70271 1
8.42773 1
4.46955 1
7.56432 1
3.89232 1
4.10351 1
5.29163 1
3.93641 1
6.02148 1
5.66157 1
1.8165 1
8.65479 1
12.3394 1
5.33549 1
5.95198 1
-0.304781 1
5.13986 1
14.2086 1
4.16909 1
6.16925 1
8.97141 1
2.27354 1
4.76646 1
5.27162 1
6.0432 1
4.27707 1
7.58407 1
7.04515 1
4.63309 1
4.33672 1
4.53059 1
0.169563 1
6.02347 1
0.0138721 1
6.54588 1
4.81488 1
5.46067 1
5.97127 1
4.18719 1
11.1013 1
5.09121 1
4.68459 1
4.1215 1
-1.10528 1
8.57019 1
12.2695 1
6.31914 1
1.97605 1
13.8342 1
2.2933 1
4.30162 1
4.31132 1
5.57033 1
10.5568 1
4.76361 1
7.38851 1
3.36788 1
4.95813 1
5.23843 1
6.65442 1
-1.28589 1
-0.955098 1
10.2654 1
5.77744 1
2.9034 1
4.86249 1
4.45243 1
-1.63117 1
5.26029 1
6.02723 1
0.186654 1
8.62419 1
3.77665 1
12.7546 1
2.24074 1
3.24002 1
9.64838 1
5.56584 1
5.33675 1
1.61471 1
6.25837 1
5.27249 1
4.28697 1
-1.20892 1
7.57866 1
-1.60903 1
10.1498 1
4.23347 1
3.55642 1
6.89895 1
5.07788 1
4.42033 1
11.8543 1
3.27321 1
0.495286 1
7.599 1
4.25344 1
6.51878 1
-3.84579 1
3.1433 1
7.83115 1
3.31848 1
9.2976 1
7.2886 1
4.20084 1
6.3192 1
2.14045 1
5.0595 1
5.75397 1
2.75154 1
4.36043 1
6.55799 1
5.56762 1
1.58045 1
4.10186 1
2.70199 1
6.51747 1
9.93481 1
0.375986 1
6.02162 1
2.38835 1
5.77363 1
3.67887 1
7.61979 1
7.78876 1
-0.66373 1
4.79199 1
5.23862 1
10.483 1
2.5748 1
5.0946 1
10.5485 1
4.99454 1
7.1817 1
4.61991 1
6.70497 1
3.44125 1
-1.84798 1
9.43719 1
6.72194 1
-2.81606 1
6.09722 1
3.80089 1
6.28895 1
7.30437 1
2.86637 1
2.08775 1
10.6689 1
3.58398 1
5.67713 1
7.76934 1
8.09497 1
3.90298 1
6.11502 1
3.8188 1
4.99962 1
4.42478 1
1.06788 1
4.8318 1
7.927 1
1.18611 1
5.59796 1
5.69789 1
6.45534 1
2.10993 1
2.84444 1
3.4949 1
8.41129 1
4.39442 1
9.51384 1
5.90298 1
-3.50421 1
3.10106 1
5.23566 1
8.58371 1
8.01298 1
2.80467 1
1.33383 1
5.22693 1
3.03038 1
8.15701 1
4.49506 1
3.6289 1
8.43436 1
3.44449 1
5.46844 1
6.39468 1
-1.11694 1
11.0827 1
5.32256 1
3.97082 1
7.07904 1
4.63208 1
4.80609 1
5.21405 1
4.97128 1
5.98662 1
6.23644 1
0.650384 1
4.9216 1
9.89881 1
4.81194 1
2.34893 1
-1.29142 1
10.6303 1
5.37352 1
-4.26707 1
7.86067 1
-0.567675 1
4.41005 1
3.32767 1
4.7536 1
11.9033 1
6.42649 1
9.98529 1
11.1635 1
5.01242 1
5.15702 1
5.18746 1
3.52427 1
11.3084 1
12.49 1
6.03817 1
5.26577 1
3.0742 1
14.1323 1
6.7558 1
2.22907 1
5.38163 1
5.45396 1
4.82305 1
10.5633 1
6.21128 1
9.34036 1
6.50671 1
4.95744 1
7.41886 1
2.32862 1
1.05797 1
10.9187 1
0.689881 1
3.59428 1
7.65357 1
1.00204 1
11.0848 1
5.81147 1
3.08173 1
-3.1829 1
-2.17083 1
3.32992 1
3.27013 1
7.78989 1
8.27978 1
4.52936 1
3.4061 1
3.39425 1
2.69892 1
6.20362 1
2.99913 1
8.69615 1
8.72016 1
4.21057 1
3.54215 1
6.49968 1
8.0562 1
3.68708 1
5.23767 1
4.36616 1
5.64345 1
-1.42466 1
10.4374 1
-4.21643 1
6.69862 1
6.97696 1
6.8713 1
9.14283 1
6.80615 1
-0.90021 1
6.04039 1
5.22718 1
6.09205 1
6.04086 1
7.44199 1
4.1402 1
4.90454 1
5.09574 1
7.41773 1
2.51727 1
3.81823 1
6.97109 1
1.03893 1
6.55504 1
6.20137 1
6.48779 1
4.76711 1
8.76051 1
3.41092 1
0.898095 1
8.83552 1
5.62271 1
5.41129 1
2.76844 1
4.85736 1
0.111571 1
4.58035 1
5.66097 1
6.98061 1
6.91783 1
9.75256 1
5.58898 1
7.25902 1
0.696183 1
4.283 1
1.33649 1
4.68918 1
4.45522 1
7.40453 1
-0.894686 1
9.40584 1
6.79501 1
3.13626 1
14.5815 1
10.265 1
6.04746 1
6.30549 1
5.83161 1
7.49326 1
2.46363 1
9.54118 1
6.55044 1
5.59287 1
2.50882 1
3.62488 1
5.22011 1
6.55044 1
9.10411 1
2.09176 1
6.58209 1
12.5748 1
7.95511 1
6.35846 1
4.34757 1
8.70718 1
3.22123 1
13.8636 1
-0.923151 1
8.32109 1
7.59535 1
4.46767 1
5.28628 1
6.74734 1
7.01015 1
3.45283 1
9.97206 1
8.27408 1
7.75954 1
2.06088 1
5.95624 1
4.60833 1
5.6839 1
13.6734 1
5.69919 1
6.12045 1
3.88846 1
1.92503 1
14.206 1
4.13933 1
-4.74456 1
4.31272 1
6.27982 1
9.07173 1
4.55243 1
4.48182 1
3.17655 1
7.73419 1
6.15837 1
6.33349 1
10.3874 1
10.7322 1
5.12404 1
6.11164 1
2.1157 1
7.97574 1
5.10766 1
8.20746 1
7.53207 1
5.4507 1
-0.470524 1
8.58505 1
7.36316 1
7.01326 1
3.1498 1
2.53926 1
6.82489 1
8.10185 1
4.70599 1
4.75269 1
2.92991 1
6.77701 1
3.18162 1
10.1169 1
8.03699 1
8.18805 1
14.0457 1
4.94266 1
6.40544 1
7.88334 1
3.9226 1
13.7272 1
2.8146 1
-2.70702 1
5.15109 1
4.87359 1
5.30202 1
13.976 1
2.87748 1
9.72075 1
7.75231 1
11.0662 1
-1.51356 1
6.98861 1
5.00448 1
3.83196 1
8.20341 1
0.597071 1
4.81523 1
6.27526 1
4.11908 1
9.09355 1
4.72437 1
4.53949 1
-0.0096871 1
6.25375 1
3.55737 1
6.32113 1
5.83838 1
13.9967 1
-2.83429 1
4.93106 1
-2.49527 1
2.47145 1
0.882251 1
-0.0926847 1
5.78279 1
3.47571 1
-0.666431 1
6.0167 1
8.72277 1
7.63189 1
5.64516 1
5.5613 1
-4.51977 1
2.31974 1
6.14521 1
7.10146 1
8.28888 1
6.04623 1
-1.12706 1
0.80984 1
6.92438 1
7.70966 1
3.37922 1
7.6532 1
6.84694 1
4.2692 1
6.06587 1
6.30361 1
4.13799 1
8.97113 1
4.56782 1
4.22765 1
13.9389 1
9.85436 1
6.76375 1
0.655131 1
9.96977 1
6.44759 1
7.02286 1
9.82248 1
5.8076 1
9.44472 1
3.87821 1
9.94196 1
-1.17101 1
-3.44812 1
2.11311 1
4.01099 1
6.1725 1
6.2903 1
5.02079 1
8.4015 1
3.80333 1
4.76256 1
10.9076 1
5.68826 1
7.0829 1
6.0177 1
5.49148 1
8.3778 1
4.45429 1
5.33187 1
3.39425 1
7.17095 1
6.15199 1
8.09727 1
3.01951 1
4.72716 1
4.53629 1
0.6861 1
-2.27268 1
6.13102 1
5.89348 1
4.68482 1
6.75179 1
-3.32442 1
11.3589 1
5.27651 1
7.26153 1
1.56828 1
3.92429 1
3.55304 1
-3.2906 1
6.12401 1
4.82836 1
5.20671 1
10.3876 1
4.32608 1
4.87717 1
4.63669 1
1.77629 1
7.0036 1
4.0694 1
5.55967 1
4.58108 1
11.2521 1
10.6673 1
4.04931 1
5.43547 1
4.53605 1
3.55346 1
5.00524 1
4.20855 1
1.60956 1
5.18147 1
1.77358 1
4.12119 1
7.84164 1
7.082 1
6.6879 1
7.81996 1
2.45921 1
8.63127 1
3.92854 1
4.12197 1
3.02309 1
7.02399 1
1.19547 1
9.30479 1
5.37324 1
6.1079 1
4.35471 1
7.61699 1
8.93159 1
5.8387 1
3.13839 1
7.17756 1
8.24218 1
2.62323 1
6.58791 1
7.3375 1
5.24057 1
1.55643 1
1.48741 1
5.8147 1
7.50902 1
4.06038 1
5.5977 1
5.49397 1
6.2517 1
7.76244 1
4.75719 1
5.68185 1
8.18537 1
6.24992 1
7.87631 1
0.481052 1
1.80192 1
10.5714 1
4.44528 1
4.80864 1
4.42251 1
4.7971 1
7.14392 1
3.85977 1
4.72739 1
1.70428 1
7.61397 1
7.49039 1
3.44262 1
12.4857 1
6.62607 1
6.29084 1
3.11593 1
4.92643 1
6.63711 1
5.58586 1
-1.03086 1
5.77588 1
2.16428 1
8.8192 1
3.51103 1
6.07208 1
5.62211 1
7.91829 1
6.23002 1
7.75976 1
11.1903 1
9.90401 1
10.6147 1
5.72995 1
1.04336 1
6.06207 1
5.50125 1
6.48383 1
7.20548 1
6.70441 1
-2.56251 1
4.69976 1
8.37508 1
4.37384 1
7.1388 1
5.27896 1
5.18771 1
5.12134 1
3.00166 1
6.84159 1
3.85952 1
13.3517 1
5.23033 1
3.71098 1
3.49926 1
2.63794 1
3.40197 1
2.0103 1
4.68715 1
2.50305 1
9.88687 1
6.86948 1
7.10308 1
3.14184 1
0.509575 1
3.34622 1
5.85387 1
4.96801 1
6.48656 1
7.67026 1
9.67665 1
4.92148 1
6.6749 1
6.91878 1
3.47831 1
5.6804 1
1.93389 1
5.60286 1
5.11315 1
5.40263 1
3.74726 1
2.27035 1
14.2265 1
5.83412 1
3.28997 1
3.4782 1
10.4445 1
7.39688 1
3.47075 1
-0.511727 1
9.10576 1
5.75794 1
4.85455 1
-4.83739 1
3.3411 1
5.22504 1
2.6407 1
3.68735 1
3.38724 1
3.03901 1
9.31362 1
-1.94141 1
6.07855 1
9.2195 1
7.92626 1
7.0935 1
11.4573 1
9.26375 1
2.58978 1
1.67674 1
1.51718 1
5.44668 1
5.40196 1
3.90545 1
9.94854 1
3.70232 1
12.5078 1
3.40206 1
7.42653 1
0.197758 1
6.16583 1
1.56006 1
6.55003 1
12.1659 1
4.60184 1
7.44189 1
5.91077 1
3.84069 1
5.81094 1
4.73606 1
6.07571 1
2.75804 1
4.35597 1
6.55342 1
4.02698 1
-1.61226 1
4.90804 1
12.3914 1
9.44096 1
2.32289 1
8.7296 1
4.05496 1
8.15668 1
1.87234 1
6.27839 1
5.88606 1
8.05191 1
6.14497 1
7.6868 1
9.40242 1
6.81449 1
3.23524 1
0.607989 1
6.62334 1
4.04874 1
7.74743 1
3.90445 1
9.50284 1
10.9036 1
5.47239 1
4.87614 1
6.26899 1
9.3144 1
1.09716 1
5.626 1
3.66834 1
1.57734 1
2.13225 1
6.3247 1
3.40292 1
3.74112 1
6.03274 1
2.12784 1
2.3515 1
6.34719 1
3.96477 1
4.30928 1
2.6473 1
7.30132 1
9.7669 1
6.01964 1
6.38218 1
8.07327 1
5.87658 1
2.31251 1
5.61594 1
7.92293 1
-0.328015 1
0.227234 1
11.5376 1
3.52086 1
3.09503 1
7.82132 1
4.50025 1
9.37627 1
0.726391 1
4.91355 1
1.01896 1
9.68985 1
5.03756 1
5.28466 1
4.92223 1
-1.71896 1
10.708 1
5.13153 1
5.53756 1
2.81632 1
5.14932 1
7.2098 1
7.85478 1
6.13323 1
4.86757 1
5.42368 1
4.34786 1
5.02617 1
-1.36593 1
3.61768 1
4.75747 1
14.7584 1
7.14472 1
0.0673695 1
8.2591 1
2.51602 1
2.6706 1
-1.24752 1
4.09799 1
11.9747 1
3.95821 1
8.07631 1
-3.74327 1
10.2525 1
3.06371 1
14.4721 1
9.97632 1
4.84392 1
3.52145 1
8.21809 1
3.08348 1
9.86372 1
3.79794 1
5.33078 1
3.61947 1
3.53544 1
5.25469 1
6.47644 1
3.61601 1
10.3188 1
7.7667 1
6.38985 1
5.47231 1
7.85411 1
7.25914 1
6.86707 1
3.97462 1
6.31643 1
5.40763 1
12.0233 1
6.24292 1
5.31363 1
4.97537 1
6.34068 1
4.94462 1
4.45581 1
6.25535 1
14.0256 1
5.49746 1
6.82907 1
3.66878 1
4.67401 1
9.34744 1
6.43064 1
3.46481 1
2.44892 1
6.70046 1
5.15156 1
6.72831 1
6.16759 1
2.36705 1
6.24036 1
5.46472 1
6.43657 1
11.7023 1
-4.86762 1
-0.204897 1
9.32996 1
7.04151 1
4.78231 1
3.96837 1
5.4618 1
6.12687 1
-3.81684 1
5.10812 1
1.4743 1
5.40287 1
3.39801 1
9.52639 1
5.47844 1
4.90801 1
0.396526 1
4.83964 1
5.63937 1
6.3796 1
5.75373 1
6.50128 1
2.92451 1
7.33005 1
7.85048 1
4.66541 1
6.72744 1
3.9378 1
5.00177 1
4.34982 1
3.7192 1
8.78803 1
4.83356 1
12.1877 1
12.5275 1
7.5019 1
5.14365 1
13.4256 1
2.57033 1
3.95234 1
11.045 1
7.99972 1
2.66151 1
-3.70414 1
3.69266 1
2.36508 1
3.19029 1
5.83533 1
7.4292 1
7.16886 1
9.09259 1
6.33995 1
4.64957 1
10.7617 1
5.65693 1
4.95817 1
6.89362 1
10.3332 1
3.21239 1
3.85397 1
2.13626 1
4.11976 1
6.29373 1
4.29277 1
7.964 1
4.20986 1
5.30764 1
6.71897 1
7.31017 1
6.46629 1
4.36476 1
13.68 1
7.59368 1
6.79302 1
12.6286 1
5.80068 1
4.55451 1
6.8179 1
6.45903 1
9.40898 1
4.01333 1
3.16142 1
5.63162 1
3.85799 1
4.08892 1
5.06607 1
-2.65618 1
3.36403 1
4.36157 1
2.83154 1
5.41329 1
6.5762 1
3.63829 1
9.26541 1
6.9247 1
6.06701 1
5.80545 1
-0.0307591 1
6.12961 1
6.14588 1
5.55967 1
7.9235 1
7.38004 1
3.82046 1
6.34377 1
3.7581 1
4.03735 1
5.41848 1
-1.99424 1
5.42435 1
8.75155 1
14.6674 1
4.40319 1
6.22903 1
3.69902 1
6.77315 1
1.61039 1
7.425 1
8.20576 1
0.515202 1
-0.145371 1
5.52982 1
4.29907 1
3.41155 1
2.40333 1
0.474409 1
7.15862 1
5.40616 1
10.4499 1
9.17422 1
4.75729 1
6.55085 1
2.72645 1
-3.29492 1
1.95512 1
5.18686 1
5.43463 1
6.85859 1
-3.1856 1
4.93215 1
-1.37273 1
4.08027 1
4.90946 1
2.06525 1
4.08914 1
2.81962 1
8.04893 1
8.18251 1
5.72617 1
8.4479 1
-0.690921 1
-0.420408 1
5.36261 1
1.67666 1
3.86065 1
2.92753 1
6.52389 1
3.26232 1
0.120262 1
3.64378 1
5.24488 1
5.12578 1
13.0697 1
6.60564 1
8.48936 1
2.65351 1
2.03375 1
1.77322 1
4.37072 1
4.40861 1
-0.44409 1
3.95104 1
7.41479 1
7.64139 1
9.92831 1
1.28768 1
4.37745 1
6.74885 1
2.5692 1
9.77614 1
4.34077 1
8.86821 1
7.56395 1
0.914283 1
6.32728 1
7.75152 1
6.0933 1
4.12018 1
5.13505 1
6.74724 1
-2.91852 1
7.42397 1
4.87256 1
6.45109 1
11.4863 1
3.42025 1
-3.92894 1
3.53327 1
4.56728 1
4.84156 1
6.55578 1
4.00894 1
3.33407 1
5.74726 1
5.51862 1
9.89782 1
6.39756 1
4.03767 1
2.78898 1
3.73278 1
8.36699 1
9.96904 1
8.68185 1
-1.7511 1
11.0727 1
3.87942 1
0.983669 1
5.14278 1
6.50191 1
4.89848 1
2.49272 1
4.37727 1
5.58018 1
8.29365 1
8.0095 1
7.35272 1
4.26499 1
6.53005 1
5.6217 1
8.09794 1
4.39869 1
7.52865 1
9.84835 1
5.01343 1
3.59414 1
5.99717 1
6.76714 1
8.30976 1
1.71211 1
-3.44531 1
9.50219 1
5.44104 1
13.0263 1
4.01334 1
6.81683 1
4.42659 1
-0.853378 1
13.4985 1
3.68299 1
2.67929 1
1.78585 1
4.89594 1
14.4448 1
3.30156 1
7.12584 1
4.28739 1
6.12523 1
11.9136 1
-0.0465577 1
6.49431 1
7.457 1
-2.51092 1
3.15867 1
11.4097 1
1.33806 1
5.64378 1
4.21662 1
3.86935 1
4.60934 1
4.21852 1
11.7726 1
5.23767 1
12.5028 1
0.216008 1
0.655513 1
3.23472 1
5.49239 1
-3.397 1
4.2818 1
5.22447 1
6.61904 1
5.16654 1
5.50253 1
4.75324 1
5.88107 1
-3.78726 1
5.83811 1
3.00176 1
3.2376 1
4.09313 1
5.71953 1
0.348368 1
13.043 1
3.34291 1
7.49631 1
6.70412 1
1.0017 1
7.82716 1
4.91144 1
-1.81013 1
5.95593 1
5.27857 1
5.80026 1
5.32229 1
4.64137 1
7.09525 1
4.76966 1
4.96624 1
-3.9459 1
5.92325 1
6.17383 1
2.44639 1
6.22288 1
9.30698 1
3.81158 1
4.80142 1
10.6687 1
2.40074 1
9.70603 1
5.25669 1
3.41671 1
6.47596 1
6.52341 1
10.9976 1
8.43647 1
4.15336 1
12.4457 1
13.1885 1
9.55822 1
1.46656 1
0.776943 1
9.08095 1
2.8131 1
1.55939 1
6.87311 1
3.80777 1
8.7417 1
2.67207 1
12.4996 1
-1.10967 1
6.38293 1
5.51929 1
10.2052 1
10.8197 1
-1.68736 1
5.7217 1
5.26019 1
1.56259 1
8.32861 1
6.6611 1
8.66371 1
3.02185 1
2.95175 1
7.06346 1
3.38057 1
-4.58561 1
14.3468 1
6.2395 1
8.05187 1
1.20858 1
1.77229 1
7.5853 1
4.04843 1
-2.7654 1
1.32224 1
9.0615 1
5.18744 1
-2.58767 1
3.56628 1
-0.976501 1
5.33808 1
-1.30632 1
4.84875 1
4.11033 1
-1.31716 1
7.64127 1
7.13449 1
1.89163 1
6.94185 1
4.31961 1
3.95643 1
5.98832 1
1.04365 1
2.87259 1
7.90237 1
8.07422 1
4.04069 1
7.60921 1
8.44972 1
3.76936 1
5.49003 1
3.9245 1
5.45214 1
-0.204618 1
4.98557 1
3.87904 1
5.35069 1
4.85709 1
4.05787 1
6.31139 1
-2.59042 1
3.62417 1
-1.52837 1
8.89276 1
-1.00888 1
6.01279 1
6.73515 1
11.7691 1
5.54691 1
-3.76718 1
4.581 1
4.21682 1
1.0483 1
12.5097 1
7.94879 1
13.9647 1
3.0525 1
5.32593 1
7.36564 1
3.94344 1
7.80053 1
9.62145 1
8.00835 1
-1.657 1
9.81699 1
6.48505 1
4.51987 1
7.50905 1
0.144049 1
3.69454 1
4.38603 1
5.11029 1
5.01728 1
4.45796 1
4.53029 1
8.69082 1
5.20033 1
4.74237 1
7.1206 1
5.80309 1
5.60955 1
8.1911 1
-0.621626 1
6.59862 1
7.33077 1
2.4984 1
4.028 1
6.92757 1
7.48981 1
6.60603 1
7.63685 1
9.04086 1
3.95393 1
2.71807 1
7.5939 1
6.68829 1
4.30285 1
-0.307254 1
-1.83377 1
6.03185 1
4.65996 1
5.32043 1
7.70307 1
8.4258 1
7.24652 1
6.81769 1
5.25769 1
7.00478 1
-0.159774 1
2.8439 1
4.43961 1
5.13704 1
4.5263 1
6.2135 1
5.38287 1
4.9905 1
4.57913 1
5.10411 1
7.47533 1
5.10387 1
5.26301 1
12.1898 1
3.46523 1
9.84641 1
8.33375 1
5.46815 1
5.84322 1
7.82436 1
2.61328 1
6.85575 1
5.2246 1
14.3959 1
4.58585 1
12.134 1
0.30467 1
12.3031 1
9.47226 1
5.43183 1
9.65161 1
7.61203 1
9.5367 1
9.13697 1
6.03132 1
5.43692 1
8.47214 1
6.49569 1
2.02692 1
3.0066 1
-1.06153 1
5.04236 1
8.06522 1
3.53996 1
-2.89548 1
3.90002 1
-4.69019 1
-1.8504 1
-4.64903 1
2.41589 1
6.43039 1
4.90417 1
8.79951 1
13.3481 1
8.91461 1
1.21849 1
5.24688 1
2.57577 1
6.9127 1
5.0164 1
11.0983 1
0.746723 1
6.51438 1
-2.41237 1
6.4727 1
6.34964 1
1.50548 1
14.7694 1
3.99073 1
3.52609 1
6.42628 1
12.2357 1
4.32675 1
4.54418 1
14.5744 1
8.18556 1
-1.72055 1
11.1157 1
7.1601 1
7.48225 1
2.0927 1
4.97389 1
5.15108 1
5.26423 1
4.90988 1
4.08241 1
5.54003 1
12.3443 1
8.25286 1
7.63194 1
2.6177 1
5.07817 1
6.6648 1
6.73032 1
4.7023 1
5.22919 1
7.09642 1
2.12813 1
4.12969 1
8.11818 1
6.14851 1
7.5119 1
3.46341 1
0.764999 1
-0.90795 1
5.98615 1
6.75222 1
6.30498 1
-1.42608 1
1.33314 1
0.52495 1
0.0920463 1
9.71272 1
9.7099 1
5.78059 1
5.96057 1
8.44371 1
8.33705 1
6.453 1
6.54116 1
3.47165 1
7.2864 1
0.704098 1
10.264 1
2.47003 1
6.29572 1
2.36526 1
6.31385 1
5.66516 1
0.891757 1
13.4331 1
3.46219 1
8.42492 1
3.68391 1
1.8619 1
10.5797 1
4.2426 1
9.02461 1
-3.50249 1
5.12734 1
3.24606 1
5.08672 1
6.36752 1
5.29541 1
8.89201 1
2.39339 1
5.24915 1
14.6072 1
4.13029 1
4.59417 1
7.1934 1
8.60926 1
5.03326 1
2.34147 1
13.9287 1
13.5471 1
3.39051 1
-0.396565 1
0.0335653 1
1.44041 1
5.06925 1
1.88108 1
4.65873 1
-1.5838 1
-1.97396 1
4.58289 1
2.71804 1
6.16921 1
4.68417 1
7.55098 1
4.357 1
2.22706 1
7.62813 1
14.3655 1
5.5776 1
11.6953 1
5.75967 1
5.49973 1
7.37641 1
8.47183 1
3.66509 1
8.38294 1
4.93982 1
8.49143 1
7.94955 1
10.1339 1
2.48885 1
0.972291 1
-0.43491 1
5.53232 1
3.43528 1
5.78418 1
4.43345 1
2.96835 1
7.67204 1
6.68509 1
0.298594 1
7.41133 1
5.63369 1
7.93979 1
-1.58276 1
2.99576 1
5.60959 1
2.13332 1
1.24031 1
12.2802 1
3.99587 1
4.54822 1
2.15846 1
3.0357 1
14.8169 1
6.65174 1
4.90279 1
6.33327 1
2.60426 1
1.82057 1
10.4046 1
-0.122662 1
1.43998 1
4.41627 1
8.39323 1
7.80846 1
0.799811 1
4.88445 1
10.5905 1
6.36994 1
5.67978 1
-0.714681 1
4.94845 1
6.14197 1
4.40775 1
5.09391 1
3.69097 1
5.38039 1
3.72138 1
-0.992151 1
7.31059 1
4.54909 1
-4.33284 1
8.34013 1
5.35628 1
3.12977 1
6.86339 1
8.26772 1
9.85112 1
4.08584 1
6.69563 1
1.86732 1
4.48711 1
6.05922 1
10.6907 1
7.16797 1
7.31934 1
13.5341 1
11.1072 1
2.5947 1
3.8523 1
-0.710017 1
5.65586 1
4.49635 1
7.81838 1
7.26356 1
6.58486 1
4.53967 1
0.204194 1
4.04376 1
3.73862 1
3.53185 1
5.07584 1
5.19553 1
7.98514 1
5.95378 1
10.7844 1
4.09802 1
2.23157 1
3.27481 1
2.44399 1
1.9974 1
8.25013 1
6.32306 1
-0.712157 1
8.33475 1
5.27145 1
8.35996 1
3.82158 1
7.73263 1
2.75817 1
6.11069 1
1.22592 1
5.44493 1
8.7311 1
4.90631 1
2.0142 1
12.1183 1
12.2957 1
6.13591 1
-1.92089 1
4.41424 1
2.75425 1
4.06086 1
5.42313 1
4.50522 1
-1.80658 1
1.53436 1
2.79725 1
6.23308 1
4.16792 1
4.90727 1
5.70905 1
7.55794 1
6.52191 1
1.16904 1
7.07932 1
5.44048 1
10.9989 1
4.0482 1
8.45778 1
5.62985 1
9.6898 1
4.23943 1
4.44109 1
-0.907304 1
-4.77018 1
8.53377 1
2.47016 1
3.89595 1
4.9945 1
6.25326 1
4.92652 1
9.68431 1
-3.88267 1
3.1174 1
3.68616 1
8.48635 1
3.46083 1
5.6097 1
3.86507 1
11.1399 1
11.7221 1
5.96332 1
4.52354 1
5.78606 1
6.7961 1
8.68278 1
9.04918 1
2.88733 1
7.40985 1
6.70465 1
4.44587 1
8.59744 1
3.90838 1
3.05237 1
7.83291 1
4.5304 1
6.38861 1
7.46275 1
10.7302 1
12.3952 1
5.41047 1
-0.174994 1
6.93703 1
6.02503 1
8.36841 1
9.26574 1
5.35057 1
9.75062 1
12.6019 1
5.15569 1
2.65531 1
3.67812 1
6.30956 1
0.367532 1
0.0261172 1
7.64438 1
5.41223 1
0.943804 1
8.36797 1
5.32244 1
5.41031 1
6.27448 1
7.19302 1
1.16514 1
4.63032 1
7.52656 1
8.03187 1
6.17991 1
-0.0654834 1
6.67445 1
9.55806 1
4.23025 1
6.88981 1
-2.50526 1
2.7623 1
4.93711 1
2.02128 1
3.42832 1
0.705444 1
6.81096 1
10.2052 1
8.0886 1
6.56478 1
4.06166 1
5.00023 1
5.95893 1
3.12369 1
2.33892 1
5.40671 1
4.41449 1
1.64936 1
8.16076 1
-2.54302 1
5.53447 1
10.8363 1
3.54233 1
7.30659 1
4.15285 1
11.4468 1
1.73913 1
-2.25843 1
10.1845 1
4.47687 1
4.97396 1
-1.84558 1
5.29591 1
3.23074 1
4.4061 1
12.9381 1
4.92662 1
7.63277 1
3.34934 1
9.17294 1
13.866 1
8.32726 1
8.65807 1
2.1717 1
5.49662 1
4.78986 1
-1.87386 1
9.47853 1
4.16617 1
0.652851 1
10.3219 1
2.54996 1
5.0682 1
1.98303 1
3.66172 1
5.48717 1
8.31458 1
3.10518 1
2.88261 1
12.3723 1
5.36882 1
5.36277 1
4.54278 1
2.56764 1
4.11397 1
7.91089 1
8.66479 1
7.9195 1
9.24381 1
5.89283 1
1.08999 1
5.90947 1
11.8806 1
8.06565 1
4.12338 1
8.93169 1
2.80099 1
7.18283 1
4.70212 1
10.6806 1
10.1735 1
5.79837 1
5.10539 1
2.89839 1
6.55817 1
7.52059 1
3.9517 1
5.33461 1
5.0723 1
6.07112 1
8.60786 1
-2.16457 1
1.3768 1
3.79013 1
3.18623 1
6.40732 1
3.80062 1
4.95618 1
7.56173 1
12.8811 1
12.9833 1
5.27311 1
6.31519 1
3.53919 1
5.68566 1
13.0401 1
3.91847 1
5.51323 1
0.373038 1
10.4459 1
4.38371 1
1.39929 1
2.64641 1
4.98357 1
6.41272 1
-1.50669 1
5.94488 1
6.21903 1
5.935 1
8.20564 1
3.71035 1
5.54719 1
5.75328 1
4.26206 1
7.35942 1
4.58531 1
-0.722234 1
4.36247 1
4.95397 1
2.03866 1
4.39361 1
6.19832 1
5.90796 1
5.02907 1
6.50377 1
10.524 1
5.0127 1
2.85858 1
1.26484 1
4.73845 1
7.69624 1
3.95485 1
6.05431 1
7.9848 1
4.65688 1
7.27756 1
2.33034 1
6.47777 1
2.80861 1
-0.412625 1
-2.52504 1
4.47539 1
6.6579 1
5.97703 1
7.55738 1
5.95214 1
8.31049 1
5.7998 1
6.84785 1
9.17858 1
9.43659 1
4.32251 1
3.25513 1
10.9395 1
9.59478 1
3.29494 1
5.56343 1
9.71628 1
3.83815 1
4.27509 1
12.6826 1
3.62836 1
4.91038 1
-0.299475 1
4.95597 1
1.75204 1
10.3898 1
9.12633 1
5.90499 1
5.6568 1
6.06074 1
5.06304 1
4.61544 1
6.07135 1
5.76215 1
9.72767 1
8.19039 1
5.7291 1
4.46639 1
2.79603 1
7.43157 1
5.65873 1
4.93605 1
5.80351 1
6.91762 1
6.18902 1
3.74975 1
0.290281 1
7.98785 1
4.49976 1
-0.957641 1
5.94183 1
5.01175 1
4.72532 1
4.14814 1
5.22432 1
3.29564 1
12.6963 1
5.09559 1
6.75977 1
8.58078 1
5.39908 1
2.52063 1
5.56887 1
4.51172 1
13.1557 1
0.799675 1
10.5014 1
4.93837 1
6.54493 1
5.29064 1
6.72153 1
7.50676 1
6.09679 1
8.12531 1
6.0135 1
5.21333 1
4.03206 1
2.24199 1
6.92312 1
2.5719 1
9.39463 1
6.33898 1
3.13524 1
3.4573 1
7.68812 1
13.1349 1
8.60714 1
-3.39996 1
5.13711 1
-0.197113 1
8.80491 1
10.5802 1
3.67358 1
4.08804 1
5.59564 1
1.27107 1
-1.48228 1
8.07285 1
6.33083 1
7.69954 1
7.30756 1
3.06482 1
5.27968 1
6.31991 1
1.37561 1
4.99606 1
4.42711 1
3.33889 1
7.1186 1
4.18025 1
-0.629531 1
4.97782 1
5.56746 1
9.29406 1
6.61505 1
6.83842 1
7.16256 1
4.02055 1
8.38779 1
3.44043 1
6.97339 1
4.73871 1
5.14359 1
3.53318 1
0.0709175 1
5.52712 1
5.12591 1
7.42987 1
6.27786 1
5.70729 1
7.41416 1
11.2898 1
6.79332 1
8.51925 1
0.790309 1
10.5564 1
10.7805 1
6.60564 1
0.295235 1
11.6495 1
9.8994 1
8.30011 1
4.93708 1
5.57778 1
11.4854 1
7.85718 1
3.52715 1
6.53056 1
8.63698 1
6.11455 1
4.54263 1
1.79618 1
10.4148 1
6.75794 1
4.40297 1
5.3435 1
4.42036 1
8.34492 1
8.26207 1
5.7218 1
6.0939 1
4.2009 1
4.43085 1
1.81383 1
3.47222 1
4.48338 1
5.57316 1
4.32633 1
2.3623 1
5.25448 1
3.31354 1
6.50561 1
6.01646 1
7.08583 1
2.6792 1
13.9742 1
7.85354 1
7.79424 1
6.72914 1
6.87018 1
2.08538 1
4.95566 1
4.51448 1
-1.17885 1
7.04305 1
6.13517 1
4.33307 1
6.6864 1
5.72229 1
5.49302 1
3.97731 1
9.89407 1
4.95374 1
4.58405 1
4.21862 1
4.51944 1
7.5936 1
6.08651 1
11.999 1
6.89412 1
2.43209 1
8.46967 1
5.70754 1
7.85546 1
2.58231 1
4.58085 1
4.11398 1
2.79932 1
0.48585 1
5.3073 1
5.45497 1
4.47132 1
-3.25915 1
5.84547 1
5.81506 1
7.97581 1
8.91601 1
9.95417 1
3.352 1
13.0877 1
1.45501 1
6.36588 1
1.21442 1
3.53514 1
8.13952 1
4.32423 1
2.50459 1
4.35368 1
0.328855 1
-0.881573 1
6.40178 1
5.45714 1
5.0259 1
1.62332 1
4.94538 1
2.84349 1
6.98585 1
2.26584 1
0.518887 1
0.400652 1
10.96 1
5.36019 1
6.52137 1
0.208059 1
2.35947 1
5.13774 1
4.81615 1
6.83202 1
5.99895 1
2.88413 1
8.15854 1
7.32602 1
7.07965 1
-3.50947 1
5.73204 1
-0.741275 1
6.96267 1
3.24457 1
6.80025 1
6.71942 1
9.62615 1
4.23462 1
5.66676 1
0.586459 1
2.12508 1
7.36855 1
10.8545 1
7.07189 1
6.26865 1
4.56025 1
2.95844 1
6.96734 1
9.31371 1
-0.347755 1
7.17489 1
5.11674 1
3.3902 1
5.31253 1
1.11628 1
5.14591 1
7.90283 1
3.28264 1
4.24728 1
6.81033 1
5.62751 1
10.3007 1
0.349745 1
5.48933 1
4.12887 1
9.49407 1
3.85191 1
5.5658 1
6.10192 1
4.77817 1
7.74487 1
6.46693 1
7.44601 1
10.702 1
6.67703 1
8.86623 1
7.46927 1
6.61553 1
1.17031 1
8.3628 1
6.2574 1
6.01168 1
7.43273 1
7.06637 1
6.14518 1
4.24354 1
5.77088 1
12.7864 1
12.5296 1
1.14331 1
5.96559 1
5.98344 1
11.7486 1
1.79925 1
4.15891 1
2.97029 1
13.3075 1
-2.84886 1
4.70812 1
5.65119 1
8.98836 1
6.21819 1
3.16047 1
0.926353 1
7.43977 1
10.7187 1
9.32432 1
5.86303 1
4.6402 1
6.10812 1
2.07923 1
-0.27191 1
5.78818 1
3.53691 1
5.61355 1
6.41523 1
3.34509 1
4.2905 1
6.53752 1
2.82527 1
8.91982 1
6.29739 1
2.80296 1
2.25129 1
4.10006 1
2.48721 1
11.1804 1
6.53602 1
1.79733 1
6.09291 1
6.09669 1
-2.85789 1
8.39152 1
4.72492 1
5.39902 1
5.65442 1
3.66392 1
5.9441 1
3.42566 1
1.7559 1
0.499965 1
6.78737 1
5.49684 1
14.6606 1
5.24293 1
4.92996 1
6.07906 1
-1.9961 1
7.4967 1
-1.21996 1
5.713 1
6.80985 1
-4.57573 1
-1.28359 1
10.8087 1
9.20452 1
7.37024 1
4.74711 1
-3.2982 1
14.0284 1
1.08336 1
9.91921 1
4.88222 1
2.78839 1
-3.2459 1
4.89305 1
12.4484 1
6.48843 1
4.58723 1
9.39281 1
3.18019 1
4.18128 1
9.44246 1
8.19886 1
0.665049 1
5.53399 1
5.9624 1
4.22982 1
3.64565 1
4.03149 1
5.50521 1
5.40943 1
5.49665 1
7.13689 1
5.78298 1
6.65901 1
6.16234 1
-1.76494 1
0.790921 1
13.5817 1
5.74067 1
3.70583 1
7.85895 1
14.3831 1
6.7761 1
2.42811 1
8.17544 1
5.72209 1
3.11739 1
7.79557 1
3.61072 1
5.44293 1
4.53268 1
8.17787 1
11.0355 1
4.96353 1
5.5995 1
4.20822 1
7.9321 1
2.84662 1
2.49069 1
4.11424 1
7.00964 1
13.3149 1
6.8235 1
6.15462 1
0.832317 1
12.8463 1
0.336331 1
6.36977 1
3.29832 1
6.14097 1
0.221296 1
4.02333 1
4.69369 1
3.71882 1
8.86009 1
4.93319 1
5.24585 1
6.67916 1
7.02866 1
9.91744 1
4.91554 1
4.74483 1
3.50624 1
8.68459 1
8.18473 1
5.54799 1
5.99661 1
4.52678 1
4.93387 1
8.00585 1
6.29151 1
4.44726 1
6.27992 1
1.67797 1
3.03776 1
6.57707 1
-2.7658 1
0.511342 1
2.30871 1
3.50282 1
-3.52947 1
2.14183 1
8.18654 1
2.43759 1
10.8854 1
5.80067 1
4.1235 1
5.80495 1
8.51558 1
3.86609 1
9.39734 1
5.03385 1
2.17266 1
12.438 1
0.518851 1
8.61506 1
-2.34768 1
1.75033 1
-1.84329 1
4.36485 1
5.8828 1
4.53692 1
2.40751 1
-2.99338 1
1.82136 1
3.61422 1
0.445941 1
2.28536 1
4.59647 1
-1.14104 1
3.83515 1
7.53588 1
3.5757 1
9.45778 1
5.20445 1
8.62726 1
4.10819 1
6.8683 1
9.18438 1
4.23608 1
10.0455 1
7.14304 1
6.05743 1
8.31418 1
6.98934 1
5.26101 1
5.85557 1
7.28267 1
9.12454 1
-0.856809 1
4.59225 1
7.79533 1
6.38193 1
6.74669 1
6.47241 1
7.62453 1
8.28184 1
1.77647 1
5.17076 1
8.52546 1
7.58916 1
8.21931 1
5.89145 1
7.49134 1
4.48802 1
2.09306 1
3.60699 1
8.73462 1
3.10556 1
7.76538 1
0.295949 1
7.76842 1
2.97006 1
-3.57273 1
5.84945 1
5.42786 1
5.86839 1
4.78634 1
5.23689 1
14.2633 1
-0.0471426 1
1.01162 1
0.84581 1
4.3232 1
5.8181 1
2.78395 1
8.04125 1
-3.03852 1
4.68816 1
-0.38693 1
12.7883 1
9.59229 1
5.28836 1
6.3657 1
9.53836 1
8.04907 1
4.06048 1
6.30166 1
7.23341 1
5.30127 1
8.35542 1
6.08341 1
6.2299 1
4.9415 1
6.41455 1
6.27 1
9.62412 1
4.48045 1
4.36016 1
3.05257 1
6.95274 1
-3.91037 1
5.48467 1
7.0313 1
8.14282 1
-0.333368 1
1.78134 1
7.03554 1
9.17283 1
10.3597 1
-1.66263 1
5.99748 1
2.71721 1
5.87779 1
11.1532 1
7.44938 1
9.24342 1
6.89672 1
2.68403 1
-0.671554 1
11.5132 1
-2.98986 1
1.56699 1
5.98228 1
3.37999 1
4.4403 1
3.43456 1
4.03928 1
6.60847 1
1.78311 1
6.72883 1
0.634403 1
7.26771 1
6.87382 1
2.07045 1
5.73465 1
4.08207 1
5.76246 1
2.86777 1
3.99141 1
-4.7878 1
-3.76197 1
4.42065 1
7.23378 1
1.66583 1
3.36027 1
-0.104086 1
7.38076 1
6.71907 1
5.1074 1
3.53132 1
7.46584 1
5.67704 1
5.60012 1
7.08801 1
4.09354 1
2.7961 1
13.0494 1
4.36123 1
10.0497 1
4.43353 1
2.36719 1
6.48087 1
7.04647 1
4.14095 1
5.63519 1
4.77975 1
7.53868 1
1.99654 1
-4.05685 1
7.94616 1
7.9426 1
6.00969 1
-0.740154 1
5.83052 1
4.71966 1
5.56983 1
5.4115 1
6.66496 1
5.15064 1
3.58755 1
6.38224 1
4.89823 1
5.56197 1
5.1807 1
6.86298 1
-2.19745 1
4.9263 1
9.91681 1
5.47996 1
9.82082 1
4.52204 1
4.09947 1
4.99006 1
5.80082 1
0.0386104 1
3.13344 1
5.23186 1
5.88965 1
6.77614 1
0.926066 1
2.60353 1
5.93472 1
7.23468 1
5.04279 1
6.8834 1
4.55146 1
4.94173 1
11.7385 1
7.26449 1
5.81873 1
7.35145 1
3.39107 1
6.67726 1
4.16527 1
5.13898 1
4.63193 1
3.50738 1
3.04811 1
3.2388 1
8.35299 1
6.88617 1
9.50417 1
4.55258 1
5.62873 1
5.48019 1
4.36528 1
14.4074 1
4.47775 1
3.01568 1
5.39578 1
5.50669 1
7.14082 1
2.96745 1
6.11771 1
6.96125 1
5.47493 1
-0.855654 1
5.71684 1
9.34779 1
8.37591 1
-2.90344 1
5.73436 1
4.38296 1
12.617 1
6.81534 1
12.5355 1
4.72863 1
13.0245 1
6.21973 1
7.73227 1
3.9919 1
7.4546 1
10.4036 1
2.09553 1
6.51506 1
6.14456 1
3.21784 1
6.50181 1
3.6347 1
5.64184 1
8.58656 1
3.11127 1
4.91453 1
7.65814 1
12.0933 1
3.96678 1
3.16645 1
-0.144489 1
0.585889 1
3.23564 1
2.68292 1
2.5909 1
5.17431 1
-1.45253 1
12.0485 1
5.34007 1
4.51546 1
1.66521 1
-3.00183 1
4.84245 1
7.19462 1
7.24567 1
12.3385 1
6.9349 1
9.33911 1
6.81445 1
9.89472 1
8.25338 1
12.9608 1
1.24223 1
7.73432 1
9.36004 1
6.63986 1
6.49044 1
5.42305 1
6.45619 1
5.10335 1
3.6896 1
6.23908 1
5.35546 1
3.02156 1
1.55449 1
4.33366 1
3.34943 1
9.10945 1
-1.35396 1
7.17875 1
7.00838 1
5.73568 1
5.34188 1
7.14428 1
-4.69388 1
9.34902 1
9.65505 1
0.94859 1
2.42773 1
3.88764 1
6.00384 1
8.52405 1
1.73575 1
10.3966 1
-1.6492 1
-2.32161 1
-3.21305 1
14.3384 1
4.68045 1
7.59755 1
4.60534 1
12.3042 1
4.08596 1
5.79386 1
5.64654 1
4.53032 1
7.7305 1
5.00852 1
4.30786 1
1.35211 1
7.40668 1
5.96275 1
6.35406 1
9.22373 1
5.7261 1
5.44817 1
10.8 1
5.89311 1
5.73962 1
5.61375 1
7.92538 1
4.43649 1
-3.86913 1
3.65472 1
6.5558 1
1.66131 1
5.42239 1
3.49342 1
9.62533 1
1.43374 1
11.3075 1
4.65115 1
10.835 1
5.09142 1
6.17593 1
6.18063 1
11.802 1
9.97511 1
-2.38575 1
3.03414 1
4.26868 1
3.97844 1
6.99597 1
4.54539 1
4.83291 1
6.06373 1
5.36516 1
7.86737 1
7.80866 1
7.09886 1
7.39673 1
5.46158 1
3.79877 1
3.58236 1
5.84895 1
5.763 1
-2.78364 1
3.99185 1
4.87988 1
-2.67943 1
5.26473 1
5.44111 1
4.39411 1
5.27867 1
12.8382 1
8.81202 1
3.3785 1
3.97671 1
8.54313 1
4.07627 1
6.58875 1
4.02431 1
5.39175 1
5.57689 1
3.47798 1
1.14357 1
4.45569 1
13.3785 1
3.44234 1
6.93652 1
3.32916 1
4.58792 1
13.1372 1
6.43713 1
10.5875 1
13.1565 1
3.55053 1
3.83385 1
10.3165 1
5.15955 1
7.8564 1
6.52117 1
4.17918 1
-1.19447 1
3.39864 1
12.3205 1
6.04169 1
11.1484 1
3.47194 1
10.7103 1
4.03094 1
7.11138 1
8.62838 1
6.23732 1
4.12291 1
6.96279 1
8.64248 1
0.273595 1
2.69621 1
4.62334 1
6.0417 1
4.25532 1
3.99418 1
5.04115 1
11.6828 1
2.54447 1
5.35461 1
6.04901 1
8.90711 1
4.19418 1
3.07142 1
4.46995 1
6.28921 1
-3.12451 1
5.01991 1
4.70821 1
6.07839 1
6.7706 1
9.81768 1
4.96981 1
4.06572 1
1.71773 1
5.83927 1
2.84698 1
5.10289 1
0.595869 1
4.53254 1
1.41282 1
5.78265 1
2.05692 1
4.81962 1
6.54256 1
5.15215 1
7.84091 1
4.22813 1
9.38312 1
4.79759 1
4.69769 1
12.7951 1
6.29347 1
6.3932 1
-1.97729 1
4.03546 1
5.74958 1
8.00025 1
7.2976 1
5.60668 1
3.38615 1
-1.89428 1
6.61481 1
1.43686 1
0.341146 1
4.78083 1
1.77656 1
7.0434 1
7.46696 1
3.36197 1
4.96451 1
0.989314 1
0.913249 1
1.29983 1
6.15219 1
5.8544 1
3.86178 1
0.840157 1
6.77351 1
6.60029 1
2.06189 1
4.96553 1
3.58958 1
2.90462 1
4.80043 1
6.43483 1
2.38743 1
1.26008 1
5.82557 1
6.62338 1
4.68643 1
5.50682 1
10.0553 1
-3.58488 1
6.82199 1
5.7261 1
5.98691 1
5.67803 1
13.3804 1
4.97082 1
2.92562 1
-1.22123 1
9.17066 1
-0.896833 1
14.4708 1
2.44336 1
6.71612 1
9.31957 1
1.42424 1
4.84231 1
1.31318 1
9.00507 1
3.6637 1
4.92154 1
5.14611 1
8.11955 1
6.56721 1
6.36152 1
3.5316 1
1.46435 1
5.17259 1
5.94827 1
6.20486 1
5.873 1
-0.0798666 1
3.57071 1
5.72758 1
9.86921 1
5.84438 1
5.02301 1
6.77304 1
-3.25192 1
11.0139 1
5.53174 1
5.46113 1
3.67478 1
9.44623 1
6.40582 1
8.71018 1
11.0593 1
4.7377 1
7.7764 1
8.77221 1
0.0230535 1
1.84968 1
8.76738 1
13.2589 1
0.357948 1
6.35586 1
0.779261 1
7.51577 1
2.77976 1
6.96823 1
5.92309 1
2.30401 1
5.33653 1
4.07215 1
7.2529 1
7.19393 1
4.60837 1
1.98249 1
6.1918 1
12.2376 1
5.48715 1
-0.0671171 1
6.99617 1
9.3095 1
3.02905 1
-2.01264 1
5.44266 1
6.70302 1
5.52875 1
5.1979 1
10.1494 1
0.55909 1
5.62174 1
0.409524 1
5.43614 1
8.25018 1
6.44267 1
4.26557 1
10.9303 1
5.70789 1
-0.479271 1
5.29458 1
4.19564 1
6.33568 1
-0.774076 1
9.90678 1
4.62227 1
10.2208 1
8.60431 1
3.62103 1
8.72445 1
6.78927 1
4.7217 1
5.60251 1
9.43189 1
0.98731 1
1.55964 1
4.14549 1
5.35659 1
1.35978 1
0.694228 1
5.03593 1
6.8807 1
9.2089 1
6.59418 1
4.21523 1
3.11342 1
7.16889 1
4.08712 1
6.65686 1
8.96506 1
5.21977 1
9.52267 1
-0.363975 1
5.93135 1
7.6553 1
6.22609 1
-2.62303 1
-3.89188 1
5.46402 1
3.89252 1
8.67068 1
0.529105 1
6.33131 1
9.00424 1
5.5093 1
8.92728 1
2.68995 1
2.74738 1
-2.7361 1
6.14674 1
3.64315 1
5.46916 1
5.12427 1
1.48572 1
6.02398 1
4.6731 1
4.64376 1
5.30569 1
14.1313 1
-3.27644 1
3.97223 1
11.5094 1
7.28245 1
2.47285 1
6.99411 1
6.24017 1
7.05991 1
5.30028 1
5.9518 1
7.85406 1
-2.5472 1
12.0178 1
1.67467 1
6.13648 1
3.90636 1
6.75271 1
5.55368 1
11.7352 1
1.87612 1
4.47955 1
5.07172 1
9.59696 1
7.25553 1
8.68124 1
12.4857 1
7.16682 1
8.27693 1
14.5896 1
-1.10384 1
4.74423 1
2.85153 1
8.94926 1
5.4098 1
6.81874 1
10.6436 1
11.6314 1
8.72589 1
12.922 1
3.85783 1
4.89621 1
4.36688 1
5.4492 1
5.46911 1
5.83529 1
1.72861 1
4.16738 1
3.36957 1
10.6878 1
4.69898 1
4.69204 1
5.69716 1
4.63434 1
14.8123 1
0.910358 1
5.78926 1
7.24154 1
3.23396 1
5.55544 1
5.11793 1
5.24493 1
11.1616 1
4.54476 1
8.31857 1
7.7634 1
-4.36684 1
-1.42028 1
6.52804 1
1.96788 1
0.314947 1
14.4592 1
5.73688 1
4.57463 1
13.8359 1
5.57491 1
4.39859 1
7.3561 1
2.21963 1
5.02275 1
3.09128 1
6.35549 1
4.2117 1
0.339042 1
-3.91518 1
9.48049 1
11.7972 1
3.86458 1
-1.34752 1
2.29222 1
4.15243 1
6.46271 1
2.57867 1
6.26077 1
9.05364 1
5.30192 1
3.65449 1
3.61148 1
5.28981 1
11.1191 1
8.72277 1
3.2788 1
5.22517 1
0.897021 1
5.71234 1
7.52119 1
3.86103 1
-2.62973 1
5.80374 1
11.6407 1
5.51317 1
7.87719 1
14.5702 1
-3.98897 1
1.18527 1
4.46635 1
4.50116 1
7.02522 1
6.02226 1
2.50557 1
2.31514 1
4.3766 1
2.1567 1
4.567 1
-3.52388 1
7.79664 1
-2.40554 1
5.23093 1
1.18347 1
-3.66225 1
6.05335 1
5.15955 1
3.81339 1
6.51815 1
6.56493 1
3.12091 1
8.79688 1
1.36581 1
0.466196 1
7.55935 1
4.80686 1
6.48818 1
3.38734 1
4.68317 1
0.767699 1
2.11392 1
5.67744 1
1.61496 1
2.15348 1
4.19231 1
7.52299 1
4.45137 1
2.18874 1
3.84526 1
4.86189 1
7.77938 1
7.7286 1
0.970247 1
6.99868 1
5.17474 1
10.2819 1
6.3959 1
3.40988 1
5.17381 1
2.1859 1
6.75177 1
5.123 1
6.59105 1
4.11478 1
6.28075 1
3.13104 1
7.22549 1
8.50008 1
13.4328 1
6.03205 1
4.98819 1
13.9593 1
1.41402 1
3.99681 1
-0.740643 1
4.33493 1
5.02694 1
3.85373 1
3.86244 1
3.87157 1
5.93268 1
4.76926 1
3.75902 1
5.78117 1
2.26315 1
11.9467 1
6.59569 1
3.23892 1
4.20044 1
4.02279 1
4.82676 1
6.2056 1
7.06299 1
6.62979 1
-0.0871163 1
4.44495 1
5.36321 1
0.9432 1
-0.154983 1
13.7426 1
5.47378 1
6.35305 1
5.29041 1
0.247125 1
6.18728 1
0.554426 1
3.95262 1
12.5481 1
4.53598 1
6.95602 1
4.99019 1
6.27865 1
7.59 1
4.39019 1
6.04904 1
10.5155 1
8.17055 1
4.96323 1
0.367164 1
4.77549 1
3.06806 1
1.64724 1
3.95986 1
4.32846 1
7.51276 1
1.33436 1
-4.17067 1
3.96794 1
4.77728 1
3.60372 1
10.457 1
2.08444 1
5.90379 1
6.46101 1
-0.353417 1
8.75666 1
2.8176 1
3.57993 1
3.67203 1
6.05294 1
4.46819 1
3.50006 1
6.8522 1
7.88512 1
4.77799 1
3.69519 1
5.09334 1
6.68015 1
9.1754 1
13.5992 1
2.25622 1
3.34532 1
3.31108 1
10.403 1
4.4001 1
2.92552 1
3.66103 1
1.55658 1
3.466 1
5.24401 1
8.99063 1
5.81036 1
10.5296 1
3.43274 1
4.04924 1
4.32946 1
5.45164 1
4.52622 1
-1.57656 1
8.91358 1
13.9935 1
5.71551 1
4.04372 1
4.20288 1
3.76792 1
7.44256 1
3.43191 1
4.07225 1
5.74024 1
4.88048 1
-0.646678 1
4.22113 1
8.92239 1
5.11182 1
-1.46434 1
5.56603 1
7.4825 1
4.50709 1
3.62886 1
5.45505 1
6.29039 1
4.58011 1
-2.1029 1
3.11923 1
5.31168 1
10.6421 1
-0.153991 1
2.53137 1
10.5309 1
6.1241 1
2.71948 1
9.64538 1
3.91656 1
6.77721 1
-2.9941 1
2.33984 1
6.60208 1
4.17709 1
8.5691 1
5.36617 1
4.70352 1
-0.616642 1
7.26225 1
6.40663 1
6.02786 1
6.86254 1
6.86193 1
6.39124 1
6.43762 1
3.0363 1
7.2437 1
6.44222 1
7.58049 1
6.17415 1
5.88796 1
-1.05023 1
13.1992 1
3.35666 1
9.77246 1
6.75849 1
2.65327 1
2.89835 1
3.54506 1
4.39033 1
4.31877 1
7.05884 1
5.70342 1
4.9332 1
-0.503257 1
2.16033 1
7.77251 1
3.66799 1
4.00541 1
4.1301 1
7.1273 1
4.83356 1
4.77502 1
5.30493 1
9.55556 1
6.15312 1
4.50372 1
12.4394 1
0.452351 1
6.19067 1
6.47557 1
3.98396 1
6.61414 1
2.67896 1
6.53411 1
6.20565 1
6.01695 1
6.55278 1
6.62946 1
5.12464 1
5.30124 1
3.22562 1
2.4308 1
2.21942 1
10.7119 1
6.80157 1
6.45714 1
4.13126 1
4.3036 1
2.81152 1
3.71312 1
-2.95883 1
7.01974 1
4.94135 1
13.8143 1
6.83224 1
14.4072 1
2.8555 1
5.79899 1
7.1551 1
1.6014 1
3.82615 1
2.54834 1
2.69211 1
5.70437 1
4.9987 1
10.0821 1
8.3396 1
5.59189 1
5.05858 1
7.23686 1
4.59232 1
5.31291 1
-0.155024 1
4.98148 1
4.22497 1
1.57215 1
4.55425 1
3.64349 1
6.13633 1
3.38264 1
3.18145 1
2.30374 1
1.7358 1
4.29511 1
8.17477 1
0.321873 1
2.53569 1
2.40612 1
-2.07133 1
4.42469 1
6.31058 1
7.77012 1
5.51647 1
4.77455 1
4.87297 1
7.16727 1
5.33894 1
5.08308 1
9.95816 1
4.9767 1
0.964476 1
3.35208 1
5.23926 1
-3.49056 1
6.67508 1
3.60811 1
-1.88303 1
5.8703 1
-0.852695 1
6.48854 1
-0.207712 1
3.13202 1
4.43843 1
2.87477 1
4.53973 1
2.43442 1
13.1721 1
1.12081 1
4.30021 1
8.969 1
8.66564 1
10.5397 1
-2.65242 1
5.50477 1
8.12174 1
0.393366 1
7.02107 1
8.49736 1
-3.8485 1
9.34973 1
5.03134 1
8.12546 1
6.27571 1
5.27981 1
4.97931 1
7.3509 1
4.46382 1
5.1425 1
4.49932 1
9.25301 1
4.63969 1
4.5746 1
3.8286 1
6.36239 1
4.75268 1
6.68414 1
4.84317 1
6.6484 1
4.02824 1
4.91983 1
6.88828 1
-0.816538 1
7.19869 1
4.64938 1
2.17363 1
5.486 1
4.98401 1
7.06719 1
6.35446 1
5.14207 1
-2.31046 1
5.92947 1
3.26718 1
1.30739 1
5.88075 1
3.1055 1
3.56222 1
0.874693 1
6.9919 1
4.11005 1
5.20462 1
2.94137 1
4.94814 1
5.52198 1
13.9356 1
-0.736713 1
7.47325 1
4.15 1
7.4727 1
3.40691 1
5.46094 1
1.25459 1
5.58911 1
13.2633 1
8.97199 1
2.84321 1
1.00897 1
11.7027 1
2.16799 1
4.1785 1
5.92408 1
2.2893 1
-4.26573 1
0.0309521 1
4.69966 1
4.7959 1
5.46759 1
3.87061 1
5.42273 1
3.80503 1
10.896 1
2.668 1
2.14091 1
4.36407 1
2.9781 1
2.52766 1
11.836 1
5.1016 1
6.92635 1
0.547827 1
6.85082 1
1.2452 1
4.58607 1
3.33691 1
1.5594 1
2.36291 1
5.55683 1
4.88606 1
8.80804 1
2.84145 1
8.09026 1
-3.75141 1
14.0855 1
3.01741 1
5.04504 1
5.2821 1
-0.00534514 1
2.79077 1
-1.98832 1
3.61444 1
0.359925 1
1.49331 1
3.86196 1
1.88726 1
5.5281 1
14.0986 1
8.09523 1
11.5874 1
1.67364 1
6.92844 1
5.23197 1
10.3098 1
8.12543 1
3.6601 1
4.77393 1
5.48719 1
5.83438 1
-4.62358 1
13.5805 1
4.51829 1
6.22692 1
4.6694 1
7.15424 1
2.8988 1
1.73891 1
6.28932 1
-2.35337 1
4.13345 1
6.91661 1
8.86947 1
5.23262 1
5.10572 1
5.96077 1
4.22667 1
5.6777 1
3.78019 1
4.84374 1
5.46406 1
5.11507 1
3.73806 1
-3.80674 1
10.6407 1
-0.529779 1
5.17057 1
7.18122 1
4.04748 1
4.9395 1
4.77571 1
5.81412 1
1.25745 1
5.99992 1
2.96345 1
-0.681676 1
4.38868 1
4.37534 1
3.47244 1
-0.0852064 1
6.18496 1
2.39967 1
0.138776 1
3.06909 1
4.85893 1
1.71017 1
5.33573 1
8.91765 1
7.31767 1
5.99943 1
8.46942 1
7.12792 1
11.7967 1
5.16722 1
7.36897 1
5.86038 1
8.46469 1
14.1217 1
2.36551 1
5.83267 1
8.7475 1
3.53386 1
9.85774 1
3.07231 1
14.5241 1
5.42039 1
7.68593 1
4.34614 1
11.3863 1
11.4719 1
11.4498 1
9.49544 1
3.62579 1
4.74915 1
5.31379 1
10.2595 1
3.14113 1
7.97835 1
13.9094 1
4.79922 1
4.33608 1
4.1767 1
2.56879 1
7.91932 1
6.78875 1
-2.10013 1
5.41591 1
6.93553 1
0.609115 1
0.601113 1
0.172897 1
-3.40204 1
-1.71234 1
6.09922 1
3.62756 1
8.72067 1
1.83742 1
4.87433 1
5.97467 1
-0.311607 1
5.49662 1
7.09363 1
-0.310006 1
8.61664 1
4.77488 1
6.0913 1
8.10746 1
3.15414 1
9.45139 1
5.97378 1
6.54662 1
-0.528132 1
5.42555 1
5.4415 1
10.8247 1
2.80556 1
6.57889 1
3.41754 1
3.92582 1
6.23178 1
5.29194 1
2.59619 1
7.25088 1
5.53262 1
-2.28827 1
6.22618 1
7.05267 1
4.71231 1
5.78385 1
12.5271 1
7.5663 1
6.18212 1
9.46165 1
4.98931 1
3.43973 1
5.56257 1
5.36286 1
0.817116 1
3.77017 1
4.30276 1
11.9893 1
-4.09292 1
6.36945 1
6.20581 1
4.96333 1
4.38261 1
1.40471 1
10.5292 1
10.52 1
9.43623 1
4.40232 1
5.74951 1
4.92198 1
5.62494 1
8.65147 1
7.28404 1
13.0835 1
8.99431 1
6.29977 1
9.98163 1
1.82687 1
7.04952 1
6.01804 1
6.37101 1
6.25871 1
6.20988 1
8.54094 1
5.56055 1
1.24775 1
5.11955 1
3.55543 1
7.09506 1
4.10775 1
6.57618 1
8.11877 1
5.96881 1
7.83632 1
2.37164 1
5.22897 1
1.96218 1
8.34483 1
7.12279 1
6.75399 1
-0.694166 1
7.74375 1
3.85626 1
11.9858 1
1.73656 1
4.52998 1
6.12624 1
1.24715 1
8.00283 1
5.83948 1
6.71736 1
5.47277 1
8.71698 1
1.29175 1
14.6135 1
7.93335 1
-0.55131 1
3.87512 1
5.58144 1
4.8088 1
5.37361 1
3.70643 1
7.09412 1
10.0501 1
1.71979 1
5.09294 1
14.2093 1
7.70004 1
7.45477 1
2.89975 1
9.79968 1
1.80196 1
6.2482 1
7.80487 1
1.06509 1
4.27721 1
6.74257 1
3.14701 1
5.17094 1
3.58678 1
6.85744 1
5.04534 1
4.44316 1
4.09112 1
5.32705 1
2.03801 1
5.17883 1
4.67324 1
1.42014 1
4.70926 1
6.93232 1
10.1523 1
-1.70311 1
12.4823 1
11.271 1
4.07053 1
3.93841 1
7.81279 1
2.92648 1
10.2173 1
-1.53384 1
3.6874 1
7.73861 1
5.41542 1
2.58579 1
3.91723 1
6.04554 1
3.8698 1
7.9773 1
5.50936 1
4.30138 1
2.38256 1
2.48983 1
4.74447 1
6.37921 1
4.59048 1
6.20761 1
-2.66075 1
4.62498 1
8.18377 1
5.94563 1
6.81573 1
5.69452 1
14.1468 1
5.4616 1
4.19093 1
5.21969 1
7.33961 1
1.96576 1
5.75793 1
4.78325 1
5.82606 1
8.38293 1
3.87808 1
13.5553 1
7.17222 1
7.60662 1
8.39021 1
11.1755 1
8.89784 1
2.7559 1
8.45114 1
6.72274 1
4.56707 1
3.00539 1
5.09803 1
7.64844 1
7.38651 1
2.97547 1
6.87809 1
5.29468 1
5.61366 1
5.33255 1
5.93355 1
6.93468 1
7.07799 1
4.0433 1
13.4151 1
8.20049 1
4.41424 1
8.43587 1
5.70509 1
9.76624 1
1.21754 1
4.54105 1
3.92085 1
11.4939 1
8.08926 1
4.83578 1
3.50343 1
3.84724 1
3.43182 1
6.31785 1
5.10817 1
6.20777 1
6.35485 1
7.11938 1
4.46445 1
12.4637 1
6.05548 1
7.42098 1
8.67251 1
2.98606 1
2.43639 1
4.94534 1
10.6221 1
-4.31172 1
3.83546 1
0.437336 1
6.41497 1
5.75774 1
5.57952 1
11.0635 1
4.19768 1
1.90171 1
3.9411 1
5.92031 1
10.0226 1
6.03446 1
4.11744 1
5.42073 1
7.81122 1
10.6217 1
6.16266 1
6.34985 1
7.41111 1
6.95167 1
4.16103 1
2.2009 1
1.22932 1
9.79105 1
4.78146 1
6.98492 1
3.23493 1
6.87487 1
12.5928 1
2.92112 1
-2.39945 1
2.97152 1
7.87497 1
-1.23936 1
-4.54685 1
-1.8332 1
5.94827 1
8.38112 1
12.6613 1
9.79607 1
10.3427 1
10.5446 1
6.14118 1
2.20572 1
5.20288 1
2.76313 1
0.439193 1
6.8101 1
3.90634 1
0.0166757 1
5.9835 1
6.69696 1
7.09581 1
8.3677 1
3.52427 1
5.85946 1
9.09644 1
4.32959 1
5.43187 1
3.81756 1
3.33669 1
3.08959 1
4.22792 1
6.75611 1
2.03537 1
6.87067 1
-0.141994 1
14.5951 1
3.29424 1
6.78593 1
0.268302 1
10.4225 1
9.16949 1
5.48783 1
11.0022 1
13.8371 1
6.11281 1
1.88198 1
8.57129 1
11.0947 1
4.47749 1
-2.6611 1
3.31338 1
4.15909 1
7.41892 1
2.76366 1
-3.56937 1
9.53352 1
5.38404 1
7.96112 1
7.58833 1
3.27262 1
7.54197 1
4.8566 1
12.6024 1
6.01786 1
3.72908 1
0.857932 1
4.74752 1
2.15018 1
-0.827638 1
4.97058 1
7.92005 1
10.7986 1
-0.244035 1
-3.34015 1
5.91741 1
7.0317 1
11.091 1
12.7673 1
8.32057 1
8.09631 1
-3.642 1
4.92101 1
5.06666 1
7.42833 1
7.12366 1
13.7691 1
1.29398 1
-1.23498 1
2.36291 1
10.549 1
2.03422 1
5.458 1
3.65987 1
7.50851 1
2.35223 1
4.88661 1
13.1601 1
2.40013 1
6.86484 1
8.92153 1
14.8101 1
4.2849 1
3.99989 1
14.2117 1
5.9635 1
5.04712 1
6.35845 1
3.6737 1
8.40923 1
4.32872 1
4.70125 1
7.00991 1
2.8832 1
11.6795 1
10.123 1
3.17267 1
6.95658 1
2.28378 1
7.61401 1
2.43405 1
7.95859 1
3.49822 1
-2.15957 1
3.20771 1
4.38352 1
4.65279 1
4.7864 1
5.06047 1
3.79748 1
8.43512 1
2.48614 1
-0.640408 1
4.13891 1
12.0998 1
7.5718 1
6.00621 1
5.3974 1
9.14519 1
11.6019 1
2.95281 1
4.36027 1
5.12167 1
5.60424 1
0.405523 1
7.09654 1
8.39347 1
8.43699 1
0.333839 1
2.63496 1
3.80193 1
7.64097 1
6.42858 1
4.72027 1
2.45373 1
5.21693 1
8.80422 1
4.65262 1
7.06492 1
-1.50705 1
9.37083 1
4.4222 1
11.5591 1
4.23824 1
-3.36542 1
0.343368 1
4.05193 1
5.68262 1
4.52443 1
4.90758 1
3.69811 1
5.92157 1
4.48517 1
3.01294 1
3.98421 1
-0.89708 1
5.10479 1
5.60151 1
2.4014 1
6.67223 1
4.07525 1
5.69693 1
2.56979 1
6.54353 1
5.76649 1
4.55489 1
5.51524 1
3.8677 1
9.18444 1
-1.09554 1
8.35063 1
6.21563 1
3.42869 1
5.11919 1
4.21363 1
10.7806 1
1.97775 1
7.44252 1
6.39077 1
8.86418 1
6.61006 1
6.53564 1
4.39062 1
5.12436 1
5.95966 1
1.4748 1
4.94198 1
5.31916 1
9.65209 1
7.93271 1
5.33408 1
8.04875 1
5.64303 1
6.17145 1
3.17817 1
5.37076 1
4.8797 1
0.45613 1
5.88363 1
6.1942 1
5.94451 1
5.37241 1
7.10475 1
4.93725 1
-2.82822 1
4.89678 1
11.9137 1
5.43001 1
1.75599 1
4.29376 1
4.0762 1
8.4047 1
8.29125 1
5.44445 1
5.17939 1
7.9398 1
6.05194 1
13.9538 1
3.73359 1
3.27841 1
5.41302 1
6.06607 1
9.36914 1
1.43559 1
5.59601 1
2.20241 1
5.56597 1
5.56309 1
5.53813 1
3.39207 1
-4.14239 1
0.839642 1
5.32298 1
5.77645 1
0.567132 1
5.51914 1
5.1617 1
7.47744 1
9.97628 1
8.58597 1
8.91005 1
0.483336 1
7.18431 1
-1.61386 1
6.10714 1
5.27155 1
6.249 1
3.95254 1
5.06299 1
5.88816 1
5.56117 1
6.1041 1
4.94625 1
6.69587 1
7.67923 1
9.77873 1
5.67473 1
0.108634 1
3.11188 1
7.70833 1
7.44796 1
1.25158 1
-0.795938 1
7.79224 1
5.8598 1
0.995436 1
9.33849 1
3.97948 1
6.33608 1
6.92551 1
3.60061 1
2.51425 1
6.10988 1
7.55014 1
5.26322 1
-0.828685 1
3.83109 1
4.19482 1
-2.51692 1
6.39396 1
-4.28356 1
5.16714 1
11.7174 1
-1.34743 1
10.5238 1
7.08502 1
2.62753 1
3.32797 1
4.36843 1
6.97227 1
5.39996 1
6.30853 1
8.07838 1
10.2813 1
-3.89792 1
8.42218 1
4.57385 1
7.78961 1
3.51561 1
7.44067 1
-3.6789 1
7.08865 1
1.52639 1
6.39568 1
5.642 1
3.33662 1
1.1291 1
1.97507 1
-1.22069 1
6.45695 1
4.11505 1
4.84297 1
4.79611 1
7.52322 1
2.63428 1
8.45989 1
7.16618 1
8.01848 1
2.94048 1
9.18841 1
1.81575 1
0.791273 1
0.473456 1
6.49688 1
11.4079 1
7.78355 1
14.1054 1
-2.34204 1
5.85949 1
1.31312 1
6.43657 1
2.19001 1
-2.98466 1
6.05689 1
10.5643 1
0.663534 1
5.62323 1
3.87052 1
9.53368 1
5.69997 1
6.48254 1
10.3244 1
5.72893 1
2.32293 1
5.12033 1
4.97716 1
7.18628 1
4.92424 1
4.74801 1
5.23778 1
3.63583 1
1.62297 1
0.332154 1
5.05657 1
1.71036 1
7.76506 1
5.30103 1
7.16079 1
8.4378 1
5.72512 1
5.68538 1
8.88758 1
5.833 1
1.16999 1
7.9128 1
6.01504 1
-2.29852 1
4.76631 1
3.65902 1
2.88384 1
6.36716 1
8.19997 1
6.84814 1
8.38359 1
0.0805147 1
3.62181 1
5.11292 1
5.63153 1
6.53085 1
7.00493 1
12.4484 1
9.95334 1
5.00866 1
6.81392 1
4.86717 1
2.95911 1
6.48824 1
6.91138 1
2.33335 1
12.6872 1
5.32632 1
10.5237 1
9.45812 1
0.0675685 1
4.5226 1
-0.705935 1
0.605691 1
8.34902 1
3.34491 1
6.43831 1
5.21904 1
5.30416 1
8.02491 1
11.1811 1
3.5738 1
13.3047 1
5.97778 1
4.37674 1
1.47005 1
8.87197 1
10.6883 1
4.09281 1
5.4749 1
0.229046 1
2.04049 1
4.00523 1
8.40111 1
8.15107 1
2.11691 1
3.75411 1
-0.645683 1
5.59606 1
1.25491 1
4.34679 1
5.05308 1
1.14755 1
4.5108 1
3.04799 1
4.20818 1
5.88403 1
4.66152 1
5.36468 1
2.95404 1
8.48343 1
5.59124 1
9.04324 1
5.90915 1
4.19713 1
5.07965 1
3.71182 1
9.16165 1
1.94657 1
5.04016 1
7.74173 1
11.8907 1
4.94971 1
10.3872 1
13.8315 1
6.4268 1
7.76966 1
0.928125 1
4.83927 1
7.35682 1
6.06954 1
5.16338 1
4.96234 1
6.80824 1
-1.2573 1
4.87526 1
3.09038 1
5.98805 1
7.14066 1
12.0467 1
1.68145 1
3.05267 1
6.06148 1
0.717641 1
2.94169 1
-3.60861 1
1.22158 1
4.90184 1
3.40551 1
10.5798 1
7.35372 1
3.91789 1
6.87124 1
8.52254 1
4.13795 1
7.19194 1
4.63196 1
1.00271 1
10.6335 1
3.94618 1
-0.807773 1
8.18298 1
4.54563 1
4.07868 1
6.26904 1
6.38699 1
5.72499 1
3.45399 1
14.483 1
3.16505 1
8.44172 1
3.60263 1
8.61961 1
5.36275 1
3.54946 1
8.46221 1
6.28966 1
8.55412 1
2.2983 1
5.8976 1
8.35317 1
5.3363 1
-2.06875 1
-4.66618 1
5.84626 1
-0.34499 1
5.4684 1
5.61766 1
7.5812 1
-2.89105 1
5.62613 1
1.9645 1
8.37992 1
2.5499 1
4.10261 1
0.223606 1
5.27767 1
2.60723 1
4.85169 1
-0.633807 1
0.00468363 1
-0.368677 1
2.12814 1
-1.12386 1
5.72649 1
2.14098 1
-1.22089 1
6.07297 1
4.08615 1
13.5831 1
6.71337 1
5.63602 1
5.1821 1
0.883255 1
-4.78286 1
9.92952 1
7.51466 1
6.10843 1
7.74247 1
2.61784 1
9.35631 1
11.5346 1
5.35228 1
9.82667 1
7.8928 1
6.55441 1
5.14212 1
4.08842 1
3.0515 1
9.97622 1
8.8134 1
4.66199 1
6.74111 1
5.12454 1
10.1415 1
5.46996 1
-1.89917 1
1.73436 1
2.52193 1
6.45419 1
5.7672 1
1.54204 1
5.20153 1
6.60705 1
4.93133 1
6.90962 1
5.15328 1
3.04646 1
4.62457 1
14.7234 1
9.99347 1
3.77259 1
4.59045 1
5.98578 1
8.5554 1
2.84169 1
-3.90064 1
3.46886 1
11.4549 1
13.8666 1
6.9121 1
5.0548 1
0.735383 1
0.591785 1
4.7868 1
7.26845 1
9.43287 1
7.54006 1
10.4329 1
8.21191 1
4.70649 1
7.07468 1
11.7667 1
5.47729 1
6.10368 1
4.59702 1
10.0879 1
6.56548 1
4.75384 1
5.16213 1
3.61097 1
5.39895 1
5.40793 1
5.07369 1
4.82922 1
3.47071 1
13.6755 1
0.607084 1
4.2119 1
-1.78061 1
2.90109 1
7.97131 1
6.86356 1
5.23074 1
5.35188 1
6.32532 1
7.53375 1
4.34212 1
2.9874 1
4.47337 1
-1.49649 1
6.30099 1
5.45147 1
4.61175 1
7.06368 1
2.21658 1
7.87922 1
-0.251947 1
3.7935 1
8.72827 1
12.0209 1
0.111975 1
13.4891 1
-2.13662 1
9.0622 1
4.76306 1
6.8511 1
4.22413 1
4.649 1
0.453901 1
9.95715 1
5.9911 1
5.42038 1
9.14305 1
4.22807 1
9.81235 1
6.13325 1
10.1571 1
5.34191 1
10.5269 1
8.0862 1
2.33206 1
9.15985 1
8.75119 1
-4.69584 1
6.08772 1
2.3914 1
6.70729 1
11.5872 1
5.11099 1
4.1693 1
7.21735 1
6.35449 1
12.5886 1
8.55884 1
4.38234 1
1.63468 1
-2.96162 1
6.20383 1
1.42697 1
4.29381 1
8.33197 1
6.51707 1
-2.99157 1
3.9258 1
11.4541 1
5.39776 1
7.75754 1
-1.44643 1
3.76296 1
5.61155 1
10.6564 1
6.58539 1
5.64675 1
4.81436 1
5.6692 1
5.73176 1
4.91575 1
0.642991 1
7.8107 1
6.11989 1
2.8734 1
3.43827 1
3.09983 1
5.15791 1
3.84777 1
8.89851 1
-1.00937 1
10.8451 1
6.715 1
5.67822 1
5.8013 1
4.73559 1
3.97279 1
5.03697 1
5.38461 1
7.12857 1
4.83488 1
9.37317 1
6.25465 1
10.8111 1
3.2155 1
8.28484 1
-0.206426 1
5.90875 1
-4.14741 1
12.0637 1
2.05335 1
7.91983 1
1.11731 1
4.1541 1
7.04629 1
5.51381 1
3.38699 1
4.51556 1
4.75658 1
6.67926 1
8.86993 1
4.03842 1
5.20722 1
3.66194 1
6.5424 1
3.09159 1
5.74452 1
-2.53507 1
3.68949 1
8.91044 1
2.55469 1
1.9752 1
3.54072 1
3.74314 1
3.79938 1
5.77508 1
4.69438 1
8.30171 1
7.25097 1
6.46314 1
4.12674 1
1.21886 1
2.65419 1
4.27999 1
7.26123 1
6.94635 1
-0.839771 1
4.57086 1
1.09643 1
10.9127 1
-4.10754 1
5.18282 1
6.52068 1
8.49837 1
5.20134 1
3.04771 1
8.61028 1
11.0287 1
2.91621 1
4.26872 1
14.4238 1
5.16558 1
8.5726 1
4.73139 1
6.89087 1
10.7993 1
10.2357 1
4.52857 1
8.95097 1
4.22827 1
3.8009 1
6.17845 1
4.90889 1
6.10179 1
6.97416 1
3.73356 1
13.6235 1
-1.50179 1
3.99929 1
4.18358 1
6.16908 1
11.629 1
4.91492 1
2.90189 1
6.63888 1
5.0403 1
6.69282 1
5.86574 1
2.87018 1
-3.47003 1
10.6301 1
1.87592 1
0.206708 1
5.77116 1
14.3888 1
-0.115565 1
4.80289 1
8.17948 1
6.09275 1
-4.28105 1
3.51272 1
7.53093 1
4.98378 1
14.1864 1
8.67823 1
3.33233 1
-2.01771 1
-0.479829 1
2.55594 1
7.52774 1
2.75895 1
4.60226 1
7.41902 1
0.890747 1
3.14381 1
12.5459 1
2.10027 1
1.64705 1
6.99742 1
11.5785 1
3.79318 1
6.55068 1
3.84499 1
-1.06077 1
5.59064 1
5.51806 1
4.25737 1
9.40409 1
7.25825 1
5.96806 1
5.26254 1
-2.09238 1
4.86905 1
7.56366 1
7.13662 1
4.63024 1
1.44819 1
0.336988 1
6.97453 1
3.72131 1
7.19959 1
10.014 1
12.0148 1
4.97384 1
4.88738 1
6.52496 1
6.12702 1
10.6663 1
7.94282 1
5.40482 1
10.8829 1
2.60153 1
9.79378 1
5.57884 1
4.43442 1
2.57502 1
5.6619 1
4.24429 1
6.66492 1
7.84014 1
4.98005 1
6.49099 1
5.80204 1
5.23725 1
1.91363 1
1.93492 1
-3.64281 1
13.0382 1
7.34086 1
10.5401 1
4.88297 1
7.33502 1
2.8052 1
4.52964 1
-1.38991 1
4.58775 1
10.5408 1
9.77844 1
1.42972 1
2.61214 1
1.94039 1
5.21074 1
6.56816 1
6.56727 1
6.51631 1
3.81578 1
1.38737 1
3.93867 1
10.2033 1
-1.12929 1
9.0996 1
5.28136 1
5.82375 1
2.10977 1
9.51145 1
4.40812 1
3.98183 1
7.54611 1
6.62997 1
7.1402 1
12.4345 1
7.86074 1
9.33727 1
7.81858 1
1.84806 1
4.33856 1
7.07447 1
4.33898 1
-2.17944 1
6.33083 1
2.11046 1
3.51056 1
6.5111 1
5.35866 1
3.68573 1
1.82074 1
7.20287 1
4.61474 1
6.68148 1
5.11032 1
13.9192 1
5.15908 1
6.65007 1
14.0305 1
7.26829 1
-3.79442 1
4.79748 1
3.48533 1
8.699 1
7.55678 1
7.71459 1
10.5946 1
7.45463 1
3.54115 1
7.33452 1
3.58074 1
8.38946 1
3.26653 1
2.21426 1
8.20193 1
-1.86494 1
8.07666 1
7.90083 1
9.39512 1
4.61099 1
11.4521 1
1.24044 1
5.20861 1
-0.0229452 1
6.11208 1
5.9843 1
1.40977 1
5.5232 1
8.45172 1
6.57155 1
5.56302 1
5.56162 1
3.53083 1
9.4522 1
3.23344 1
5.14365 1
6.08532 1
7.35882 1
5.061 1
6.14709 1
7.53193 1
0.46497 1
9.99595 1
-3.24646 1
5.52969 1
6.91236 1
5.22337 1
3.56046 1
-4.12566 1
3.40356 1
7.66526 1
6.34113 1
4.51608 1
4.56308 1
6.85313 1
2.62018 1
7.49749 1
10.2527 1
2.09185 1
4.25184 1
7.91458 1
5.80809 1
4.31875 1
8.03794 1
9.65864 1
3.98228 1
5.55272 1
7.82819 1
4.59815 1
8.67595 1
6.17685 1
10.4767 1
5.75798 1
1.68831 1
9.8881 1
8.86685 1
5.2265 1
12.5641 1
