4.84915 1
0.437185 1
6.16758 1
5.84596 1
-4.81287 1
-1.8006 1
7.1438 1
7.96461 1
7.80443 1
8.1504 1
-0.166675 1
2.61915 1
9.21984 1
5.00695 1
2.62881 1
5.40079 1
4.87199 1
2.19197 1
13.5292 1
7.41143 1
5.99707 1
0.19005 1
2.07859 1
1.90034 1
0.127946 1
7.7603 1
6.99586 1
5.23311 1
6.5763 1
5.74572 1
3.13836 1
8.18986 1
1.00318 1
4.71386 1
7.8071 1
3.81047 1
8.27991 1
7.88364 1
7.61141 1
14.0229 1
4.23172 1
7.25279 1
4.44217 1
5.19654 1
4.91103 1
6.39298 1
5.92289 1
4.92725 1
4.9849 1
11.2053 1
5.68217 1
1.73283 1
0.11954 1
7.35528 1
5.23334 1
5.03685 1
6.95078 1
-3.04185 1
6.42863 1
7.51543 1
8.01402 1
2.90593 1
4.56287 1
6.45802 1
1.5507 1
3.12399 1
9.02676 1
5.63041 1
2.47932 1
5.4349 1
5.01676 1
5.26106 1
3.68754 1
7.64052 1
5.20196 1
8.25625 1
-1.51744 1
3.10676 1
5.84358 1
5.46479 1
4.12603 1
6.60066 1
9.48871 1
6.56298 1
5.5608 1
-3.22645 1
10.769 1
5.80812 1
4.77516 1
-0.350166 1
2.77734 1
4.84984 1
3.38073 1
2.73675 1
-3.40635 1
5.03184 1
4.71937 1
5.41509 1
3.3622 1
6.39135 1
12.4517 1
0.375481 1
5.00003 1
7.07027 1
7.18164 1
6.67647 1
1.80009 1
-2.7348 1
-1.96998 1
2.31827 1
6.83697 1
14.1867 1
4.05477 1
5.91601 1
6.38619 1
5.22857 1
2.19568 1
-0.781326 1
4.20717 1
2.5926 1
4.24927 1
12.0863 1
3.58381 1
1.33727 1
3.2123 1
7.49484 1
7.84343 1
-1.99204 1
4.34547 1
2.66933 1
4.85388 1
11.6043 1
9.2353 1
2.88158 1
11.1243 1
4.97709 1
5.11254 1
5.64944 1
-1.20616 1
5.2321 1
8.26061 1
13.0682 1
0.424544 1
10.3412 1
7.85884 1
9.1156 1
2.29061 1
9.30058 1
2.7318 1
3.47013 1
2.7785 1
6.99113 1
3.31202 1
3.52545 1
4.86062 1
6.72344 1
2.37422 1
7.55825 1
3.41353 1
4.48506 1
8.67229 1
3.96321 1
7.21361 1
-4.30264 1
7.26176 1
2.36087 1
10.7474 1
-2.6987 1
8.92067 1
5.37631 1
7.35739 1
5.38509 1
2.14948 1
-1.71907 1
10.8962 1
-4.41586 1
5.12013 1
9.53486 1
5.55241 1
9.82189 1
4.46619 1
5.31654 1
1.10703 1
5.75514 1
-0.674319 1
1.16037 1
-4.42722 1
5.31926 1
10.1362 1
11.1363 1
5.31363 1
5.92825 1
8.08781 1
6.51265 1
1.76642 1
3.58505 1
5.77374 1
6.36614 1
5.75177 1
2.11029 1
5.03861 1
11.9883 1
9.37469 1
6.93586 1
6.17575 1
5.09008 1
3.37128 1
6.1166 1
3.10157 1
8.99894 1
-0.282444 1
9.51237 1
9.91249 1
7.53079 1
3.50471 1
8.34438 1
2.77911 1
5.16029 1
6.0965 1
-2.16603 1
6.50208 1
13.9353 1
6.51034 1
3.21742 1
5.9314 1
3.5166 1
6.70878 1
-2.06862 1
-2.89411 1
5.24509 1
5.79508 1
1.39643 1
5.48088 1
2.10416 1
0.489453 1
4.56431 1
5.55477 1
0.369523 1
11.7895 1
4.75899 1
5.32919 1
6.90416 1
0.167348 1
5.6757 1
-3.04823 1
-0.48042 1
0.491263 1
7.04559 1
6.98442 1
6.4598 1
5.69151 1
2.73794 1
1.52995 1
1.04322 1
6.0415 1
6.1112 1
9.0859 1
2.68202 1
5.9282 1
11.9393 1
6.32346 1
5.83123 1
5.18132 1
4.95493 1
-4.64575 1
4.68646 1
8.27824 1
0.134749 1
8.83604 1
2.0772 1
11.9053 1
11.156 1
4.74926 1
5.13464 1
-4.24544 1
3.93577 1
4.0947 1
0.179293 1
6.81972 1
2.91038 1
5.87101 1
5.00444 1
5.32046 1
5.82632 1
3.22738 1
4.12112 1
1.68008 1
4.85754 1
2.10674 1
3.55021 1
5.65699 1
6.73775 1
5.99778 1
-0.336058 1
5.26315 1
2.88232 1
-0.0706172 1
9.37191 1
9.58844 1
9.07828 1
10.0739 1
4.03664 1
6.9765 1
2.65525 1
4.45962 1
-0.573445 1
6.79476 1
5.9492 1
-0.717031 1
3.2531 1
10.1122 1
1.58674 1
8.787 1
3.78797 1
7.42289 1
2.56179 1
12.0548 1
4.21625 1
11.1879 1
4.18145 1
8.71119 1
9.10318 1
6.04397 1
12.1124 1
4.80582 1
6.32052 1
5.14277 1
4.75582 1
2.2068 1
6.86462 1
2.91896 1
10.4854 1
6.65628 1
4.19194 1
6.3709 1
5.22041 1
7.54065 1
7.09511 1
5.81367 1
4.38356 1
7.41862 1
7.74644 1
2.39049 1
4.41567 1
-1.74165 1
-4.26988 1
4.83242 1
-0.439287 1
7.9563 1
4.42682 1
1.04075 1
6.48485 1
1.60508 1
4.74836 1
10.8726 1
7.80397 1
5.19863 1
-3.45246 1
4.51748 1
5.6799 1
7.91326 1
6.14792 1
8.30569 1
10.1451 1
1.38967 1
8.11552 1
3.87732 1
0.464151 1
4.31235 1
7.31994 1
6.97773 1
2.89906 1
3.81858 1
9.1238 1
-2.6113 1
3.54141 1
1.63931 1
4.37154 1
4.44954 1
9.79006 1
6.70377 1
3.57387 1
5.96532 1
1.89116 1
7.0542 1
8.02739 1
9.28072 1
3.16887 1
10.8883 1
7.23909 1
13.9613 1
4.10819 1
5.09064 1
6.91848 1
4.91258 1
8.06854 1
3.81475 1
5.35183 1
14.0934 1
3.76234 1
4.45992 1
3.80419 1
4.11817 1
6.46784 1
8.32123 1
4.64053 1
2.56972 1
4.09373 1
1.56897 1
6.56402 1
5.12985 1
1.62638 1
5.08812 1
5.21236 1
1.11258 1
6.46957 1
6.84123 1
4.25564 1
6.67206 1
7.19283 1
0.345135 1
6.18728 1
4.16654 1
7.22719 1
-1.65857 1
1.98123 1
6.56215 1
3.9683 1
6.38774 1
1.93482 1
13.9345 1
8.61978 1
-3.22815 1
4.57292 1
3.60333 1
5.88212 1
9.22064 1
6.69852 1
2.90028 1
5.14603 1
1.89266 1
5.79244 1
4.95565 1
8.28563 1
12.7691 1
6.61902 1
3.84366 1
-0.63901 1
4.7019 1
1.17916 1
11.0346 1
5.0781 1
1.45218 1
6.44516 1
9.41014 1
8.34771 1
1.4251 1
6.02046 1
7.07984 1
6.53209 1
2.89722 1
7.51029 1
11.2842 1
3.48288 1
5.94421 1
5.06424 1
4.32361 1
7.61278 1
1.66245 1
5.5209 1
-1.24501 1
-0.648011 1
5.49076 1
3.61293 1
5.81153 1
6.08445 1
-1.34361 1
10.844 1
4.47205 1
2.15607 1
6.86579 1
4.38446 1
4.51489 1
6.52393 1
4.9593 1
-3.63699 1
6.50779 1
6.86346 1
5.2221 1
4.13811 1
6.45746 1
5.61176 1
10.2916 1
9.00457 1
4.61304 1
6.82001 1
9.49894 1
6.56085 1
6.13665 1
6.25643 1
7.12145 1
0.811847 1
5.33509 1
3.34148 1
4.93107 1
5.03674 1
5.61269 1
0.341914 1
6.22837 1
2.54293 1
7.13094 1
-3.94793 1
5.80843 1
9.20252 1
8.75434 1
8.73911 1
9.09649 1
5.07216 1
10.6974 1
-0.806076 1
-3.55143 1
5.64693 1
7.63654 1
2.45322 1
2.77084 1
5.89162 1
6.03416 1
3.53282 1
4.5853 1
2.11994 1
0.52726 1
5.06311 1
7.78781 1
4.10811 1
-1.43982 1
1.49387 1
-1.1514 1
-1.93218 1
5.54363 1
2.3444 1
5.87331 1
1.75082 1
7.83837 1
3.97077 1
-0.811486 1
7.1868 1
7.93051 1
4.52028 1
14.1199 1
-3.53226 1
7.55381 1
4.22616 1
12.936 1
14.4256 1
5.38633 1
2.70719 1
-4.60526 1
4.17051 1
4.88474 1
2.30462 1
1.50833 1
4.69643 1
4.29191 1
2.53669 1
6.38645 1
14.2449 1
3.86816 1
6.3542 1
8.09712 1
-0.439062 1
5.19771 1
11.0184 1
-4.24928 1
4.99897 1
4.71107 1
2.90319 1
9.63261 1
11.0467 1
12.112 1
3.00283 1
9.37595 1
8.89153 1
5.18013 1
3.83287 1
4.68639 1
6.85186 1
10.7212 1
9.67682 1
6.14232 1
10.6601 1
7.31158 1
1.4716 1
9.43195 1
3.8688 1
0.368897 1
1.87516 1
1.35408 1
0.84786 1
4.16373 1
3.07986 1
-3.628 1
13.9372 1
-3.62388 1
5.35522 1
3.69769 1
6.73582 1
8.24516 1
7.37587 1
5.18799 1
7.49923 1
7.64424 1
5.77583 1
6.27701 1
2.67967 1
8.97721 1
6.68413 1
6.26662 1
5.3658 1
11.5621 1
4.35539 1
11.7655 1
7.27519 1
5.73429 1
2.5896 1
1.16729 1
6.2729 1
-4.60726 1
2.7151 1
-2.36948 1
7.48448 1
6.5786 1
8.0588 1
11.4771 1
6.11964 1
0.720821 1
14.5069 1
2.32064 1
5.14417 1
5.27411 1
5.44924 1
7.98224 1
2.09799 1
2.30412 1
3.99272 1
2.36343 1
5.29756 1
5.175 1
-4.08081 1
3.36017 1
4.88271 1
12.3147 1
-0.734093 1
5.87826 1
8.75506 1
4.88411 1
13.1725 1
3.5081 1
9.66667 1
6.60268 1
3.73018 1
4.9726 1
3.09095 1
2.49841 1
7.87318 1
4.04214 1
9.5986 1
12.399 1
1.10294 1
6.74823 1
4.5129 1
7.94131 1
7.46063 1
5.196 1
4.90488 1
5.29924 1
5.06062 1
5.1311 1
4.32573 1
5.55752 1
4.66011 1
2.31556 1
3.54779 1
0.560653 1
6.314 1
6.47004 1
7.22996 1
4.64682 1
5.11851 1
-1.1178 1
3.12522 1
8.18447 1
4.06331 1
6.23729 1
7.50082 1
8.70465 1
6.41885 1
3.07322 1
5.12599 1
2.19204 1
9.0359 1
4.71576 1
8.78412 1
8.42375 1
2.89766 1
2.26916 1
6.10722 1
-3.6761 1
7.00932 1
-0.69411 1
6.06163 1
10.2049 1
4.33081 1
3.97751 1
8.20337 1
8.57488 1
4.30461 1
4.38157 1
1.25463 1
1.5447 1
10.9528 1
1.41385 1
6.58505 1
0.878753 1
6.42628 1
5.94507 1
10.9037 1
10.7532 1
11.441 1
4.33371 1
3.33067 1
2.91852 1
8.5973 1
4.78071 1
4.18305 1
5.0161 1
5.28992 1
5.21624 1
4.36909 1
5.60831 1
7.86863 1
12.2452 1
-0.932089 1
6.12025 1
6.44202 1
5.26679 1
3.91801 1
4.92906 1
9.23344 1
11.0974 1
4.0191 1
5.71663 1
-1.28684 1
8.11807 1
7.20459 1
3.78088 1
11.485 1
3.97941 1
13.6462 1
7.30412 1
6.46536 1
7.0469 1
7.3606 1
7.52256 1
5.11877 1
8.01718 1
6.72526 1
3.34074 1
5.59646 1
13.5942 1
4.80792 1
12.3779 1
4.83621 1
5.54375 1
2.81052 1
5.34146 1
8.70304 1
4.13295 1
3.80417 1
3.99842 1
2.51071 1
1.95039 1
11.7342 1
4.79836 1
3.19804 1
1.20445 1
11.5675 1
-4.82417 1
3.9199 1
3.96987 1
7.2612 1
8.04889 1
5.95754 1
3.08895 1
6.30713 1
11.1081 1
5.49246 1
6.95498 1
8.63375 1
7.05112 1
5.34913 1
3.56667 1
7.21474 1
6.40865 1
4.04972 1
6.87833 1
11.9857 1
5.2373 1
8.13785 1
3.37394 1
6.42231 1
7.89449 1
6.35951 1
6.4879 1
5.47039 1
5.56293 1
10.2536 1
4.61229 1
3.44836 1
3.60062 1
0.659688 1
-0.563586 1
5.53392 1
6.29679 1
2.76256 1
7.92948 1
9.79574 1
4.7032 1
4.7977 1
6.63127 1
6.46753 1
7.30276 1
5.19926 1
9.91498 1
3.83554 1
2.61832 1
5.52032 1
5.01745 1
5.44732 1
4.78953 1
3.8001 1
6.39208 1
7.56863 1
7.82652 1
4.11691 1
9.3365 1
13.6641 1
4.92527 1
-1.29445 1
8.35984 1
6.71335 1
3.0874 1
1.10479 1
5.9065 1
10.1473 1
7.1575 1
5.2593 1
7.82783 1
5.94444 1
3.99965 1
3.48807 1
3.48149 1
8.27737 1
8.04417 1
7.80325 1
0.989967 1
4.88517 1
4.68009 1
7.39158 1
12.0141 1
3.15128 1
13.1065 1
2.37431 1
10.4353 1
-1.27708 1
-2.5425 1
7.64588 1
6.64963 1
5.57606 1
4.66748 1
2.29261 1
6.16359 1
7.54998 1
5.58508 1
5.52982 1
5.92339 1
4.81315 1
13.4414 1
3.34037 1
6.87349 1
0.51069 1
1.25643 1
2.88424 1
12.1253 1
11.641 1
5.68422 1
5.80255 1
4.25474 1
6.71035 1
2.70216 1
4.97171 1
7.81797 1
4.67479 1
4.5626 1
7.89726 1
8.53506 1
6.10927 1
5.61465 1
5.72283 1
-1.44177 1
4.69836 1
2.77643 1
13.8147 1
7.33323 1
4.14683 1
4.53556 1
8.14918 1
6.27139 1
7.05733 1
4.06526 1
2.94166 1
13.8624 1
-1.70635 1
6.28326 1
7.27145 1
9.65765 1
-1.80608 1
7.41421 1
4.39793 1
5.91787 1
4.38656 1
5.63831 1
-0.0763272 1
-1.78966 1
13.7663 1
4.45872 1
7.05731 1
1.78415 1
5.65231 1
12.4883 1
12.1362 1
6.03846 1
5.99421 1
3.51706 1
14.2433 1
10.8605 1
-0.734506 1
5.10345 1
5.89911 1
3.86927 1
7.43562 1
9.74056 1
3.40927 1
1.79632 1
8.6507 1
5.33656 1
4.89919 1
13.1932 1
5.43665 1
0.0684027 1
5.44806 1
5.54601 1
0.259278 1
5.2996 1
3.8171 1
1.9986 1
3.41695 1
8.44787 1
2.86432 1
11.3226 1
3.77783 1
7.45177 1
6.19615 1
3.82431 1
4.34583 1
6.00465 1
5.56531 1
7.0787 1
5.85049 1
2.62019 1
10.5749 1
4.56289 1
0.966298 1
4.1143 1
6.05285 1
1.85097 1
5.93182 1
4.33242 1
13.342 1
5.84511 1
2.87157 1
5.4982 1
2.67586 1
3.67965 1
5.3434 1
5.12302 1
8.75935 1
8.06812 1
3.48773 1
-3.72554 1
4.3846 1
1.97388 1
2.59806 1
3.85382 1
9.08929 1
3.66077 1
8.97778 1
4.38733 1
3.7268 1
5.25379 1
7.27719 1
5.85184 1
-0.427074 1
3.60845 1
11.5337 1
4.29311 1
3.62556 1
6.87262 1
0.759641 1
7.62144 1
-2.30851 1
3.24509 1
7.31685 1
2.64951 1
3.56659 1
-3.00209 1
6.02729 1
8.99473 1
6.51401 1
0.255 1
4.11417 1
9.67887 1
6.69613 1
4.07437 1
3.53474 1
6.23934 1
3.19191 1
4.61916 1
-1.81503 1
0.997927 1
8.65776 1
4.27042 1
6.21448 1
13.8055 1
11.252 1
6.22229 1
5.23472 1
5.535 1
7.32002 1
1.50392 1
5.57552 1
5.61635 1
4.86729 1
-1.05112 1
3.28578 1
4.66765 1
4.82313 1
4.97996 1
4.25996 1
9.15642 1
-2.11917 1
8.37308 1
0.404353 1
3.75736 1
5.06712 1
5.42187 1
5.42229 1
4.53844 1
5.39948 1
10.7862 1
0.914829 1
7.9215 1
8.77097 1
8.90963 1
2.80701 1
1.72514 1
5.24633 1
5.24641 1
9.45912 1
5.82392 1
6.91018 1
1.24001 1
7.98242 1
4.78911 1
3.92731 1
4.45438 1
6.89403 1
-3.43779 1
9.38946 1
6.83114 1
8.1668 1
4.4186 1
5.74503 1
5.93135 1
8.6473 1
2.65348 1
4.71707 1
-4.65238 1
9.18534 1
6.15273 1
13.1743 1
7.33084 1
-0.0776913 1
6.11559 1
1.66347 1
3.77324 1
-2.08835 1
2.04844 1
4.26467 1
5.94871 1
13.2456 1
7.86278 1
5.32262 1
6.36664 1
-2.27056 1
2.68955 1
6.39775 1
1.18789 1
11.3118 1
12.3387 1
7.64887 1
4.96791 1
3.77609 1
8.35588 1
2.14902 1
12.3547 1
1.66419 1
5.55906 1
8.30917 1
-0.836433 1
5.19825 1
9.90924 1
5.82101 1
6.2893 1
3.80449 1
5.40388 1
4.61524 1
0.507379 1
5.97192 1
8.26922 1
5.22496 1
1.05811 1
2.93589 1
10.0216 1
4.51201 1
6.16602 1
4.34151 1
4.10741 1
3.1022 1
8.2762 1
3.42775 1
8.46981 1
8.60786 1
13.1543 1
7.46686 1
5.51952 1
8.8614 1
8.49937 1
9.19228 1
13.0989 1
7.69474 1
3.44136 1
0.869323 1
6.33829 1
3.63685 1
5.04748 1
6.11311 1
4.41449 1
9.24048 1
4.96907 1
0.242266 1
4.40196 1
11.6476 1
2.08648 1
5.19013 1
14.0458 1
6.28758 1
5.48429 1
7.43662 1
11.7416 1
3.27245 1
4.98245 1
6.74637 1
6.83666 1
4.29067 1
2.46811 1
4.66407 1
4.991 1
6.94615 1
3.08693 1
14.269 1
3.97616 1
5.05398 1
0.776026 1
5.52347 1
9.25496 1
3.75525 1
4.0371 1
6.36072 1
4.47692 1
4.97562 1
-1.5849 1
4.01212 1
5.11385 1
5.29917 1
10.0083 1
5.2354 1
1.07468 1
5.77763 1
6.7505 1
5.18879 1
2.57961 1
3.69314 1
8.2142 1
2.79769 1
3.80911 1
7.64334 1
3.98558 1
3.77785 1
9.04965 1
3.81935 1
7.61349 1
5.90731 1
13.8078 1
-1.10771 1
-3.81457 1
4.43683 1
14.0528 1
1.95546 1
4.28899 1
3.53546 1
-1.31202 1
7.09602 1
3.29452 1
6.44979 1
6.66601 1
6.03967 1
8.25636 1
0.053254 1
6.60145 1
-3.07162 1
4.42726 1
2.64843 1
4.6989 1
14.6633 1
4.87962 1
-1.77669 1
2.60897 1
7.04363 1
8.8912 1
1.93421 1
4.92288 1
1.82254 1
8.4647 1
5.51036 1
4.44018 1
3.77433 1
-1.46424 1
4.98679 1
5.47637 1
3.41813 1
3.29171 1
5.65414 1
2.99699 1
5.0638 1
5.52906 1
4.60802 1
0.752764 1
0.201161 1
9.06385 1
4.91842 1
5.01783 1
4.42123 1
-0.77643 1
4.44878 1
5.21433 1
-3.37523 1
6.0142 1
3.92573 1
6.75656 1
6.33646 1
3.52101 1
11.2052 1
2.9172 1
4.86526 1
7.74934 1
3.7645 1
14.2531 1
5.48441 1
6.32023 1
5.26941 1
4.32203 1
6.77403 1
4.28737 1
3.5465 1
7.54399 1
0.273086 1
6.36462 1
5.85532 1
5.68936 1
8.46293 1
6.58837 1
6.6285 1
5.82228 1
5.60811 1
6.55263 1
4.43636 1
7.56253 1
7.25763 1
-0.76461 1
8.771 1
0.390059 1
4.28789 1
12.0743 1
5.14062 1
5.66706 1
4.91687 1
8.0735 1
7.3156 1
5.47292 1
7.50169 1
5.32079 1
7.68738 1
4.50783 1
0.479335 1
-3.81818 1
8.06152 1
3.23589 1
2.70327 1
3.9516 1
3.95878 1
5.2165 1
4.51409 1
4.81448 1
4.33871 1
6.08351 1
9.8126 1
11.5963 1
9.41713 1
0.347276 1
5.35357 1
4.16646 1
5.86408 1
5.26878 1
7.71733 1
5.47564 1
1.09732 1
4.17691 1
4.90953 1
4.16578 1
-2.45576 1
6.33908 1
7.89992 1
9.02622 1
1.62821 1
5.53514 1
-4.30231 1
3.25866 1
0.593311 1
10.2546 1
8.66956 1
1.86969 1
7.69975 1
5.3311 1
6.65867 1
4.88267 1
5.57161 1
7.25736 1
9.07286 1
4.82804 1
9.47815 1
6.141 1
-4.85586 1
3.89739 1
7.64188 1
5.01304 1
8.86352 1
9.46937 1
5.88674 1
4.30687 1
6.49577 1
5.99012 1
7.1407 1
7.48902 1
5.70754 1
-0.67406 1
6.34979 1
0.497348 1
-4.62679 1
11.5834 1
-3.74887 1
10.3475 1
7.17797 1
4.79069 1
4.44283 1
3.30658 1
10.4012 1
7.56626 1
3.03318 1
11.9331 1
2.25599 1
1.24404 1
-2.09172 1
6.47397 1
1.0799 1
5.21301 1
7.35051 1
3.09427 1
7.08678 1
7.03912 1
5.22344 1
4.75102 1
-4.20284 1
5.79965 1
4.81118 1
6.94642 1
5.68763 1
7.08578 1
9.17461 1
9.48886 1
3.61865 1
4.89643 1
4.84055 1
4.26891 1
10.8134 1
6.88647 1
4.43486 1
4.4717 1
4.45763 1
7.93117 1
10.1275 1
1.22826 1
5.89082 1
1.6448 1
6.74717 1
1.96862 1
6.42066 1
5.02668 1
1.39924 1
3.20245 1
7.39489 1
5.49245 1
11.1939 1
8.06369 1
4.31235 1
2.3468 1
5.91475 1
5.03777 1
6.00301 1
6.27867 1
2.94178 1
10.3702 1
-1.0745 1
3.92794 1
3.1471 1
6.78249 1
1.6769 1
0.414677 1
2.60098 1
6.35393 1
2.6642 1
9.85635 1
8.41302 1
12.7514 1
9.64712 1
3.53791 1
2.2688 1
2.82262 1
4.40821 1
7.70592 1
3.81081 1
6.41491 1
5.18837 1
7.66955 1
5.80261 1
2.75805 1
4.90085 1
4.01834 1
3.46959 1
2.46043 1
4.81235 1
6.17367 1
4.32555 1
4.49921 1
1.28459 1
6.6937 1
-0.18031 1
5.21474 1
7.23275 1
2.32737 1
4.71563 1
13.8665 1
2.43297 1
7.95445 1
3.07484 1
3.7622 1
0.863313 1
-2.52615 1
11.2384 1
6.71921 1
2.17504 1
7.85152 1
7.4464 1
7.99639 1
6.61491 1
-2.72295 1
5.59022 1
11.4977 1
11.291 1
5.16398 1
8.75488 1
-0.132189 1
3.31058 1
3.71141 1
3.52679 1
3.27885 1
3.42033 1
6.52403 1
2.32078 1
3.81369 1
7.27102 1
13.9742 1
4.14433 1
8.42805 1
1.93007 1
6.41229 1
5.75749 1
5.94495 1
7.1964 1
7.69393 1
6.95047 1
2.80121 1
1.58346 1
5.40354 1
4.4939 1
7.6059 1
0.0764034 1
5.50806 1
8.7702 1
3.64971 1
7.0897 1
7.17619 1
8.71523 1
6.37829 1
4.45854 1
5.48207 1
6.79977 1
4.08665 1
4.73499 1
6.64747 1
7.3132 1
2.89385 1
8.23674 1
11.2559 1
6.28509 1
10.9124 1
4.9245 1
-3.07828 1
5.77791 1
4.92208 1
4.97719 1
0.794877 1
7.35878 1
2.74203 1
5.40499 1
6.74899 1
5.00055 1
7.02724 1
5.029 1
4.35037 1
8.23979 1
5.54939 1
5.13132 1
9.95726 1
8.48532 1
3.49005 1
5.3383 1
2.00994 1
3.51724 1
5.66187 1
4.23494 1
6.84746 1
5.41849 1
9.66845 1
1.01523 1
3.80992 1
2.45179 1
3.02533 1
7.54143 1
3.67728 1
6.19073 1
4.53153 1
3.49427 1
8.20636 1
-1.14535 1
-0.378196 1
-0.312853 1
1.72216 1
1.46784 1
2.54255 1
3.77694 1
4.218 1
8.93784 1
6.2992 1
7.0091 1
3.86221 1
4.93173 1
0.958788 1
8.2475 1
5.85538 1
1.42477 1
8.46492 1
3.68298 1
-0.00228786 1
3.04038 1
5.25129 1
5.3943 1
6.68894 1
3.22992 1
-0.0868248 1
7.36482 1
1.28088 1
12.5604 1
7.25697 1
3.79483 1
5.11069 1
8.35164 1
12.624 1
4.66194 1
7.9836 1
2.63777 1
4.486 1
7.50286 1
3.63916 1
5.83691 1
6.09643 1
4.30572 1
4.40782 1
0.734234 1
4.0457 1
8.60688 1
11.3108 1
7.19625 1
12.9922 1
2.94388 1
1.99567 1
-0.876093 1
5.54404 1
8.1355 1
-2.10409 1
4.52831 1
7.62037 1
5.37068 1
4.90994 1
5.07576 1
5.54897 1
4.24094 1
8.12199 1
7.13293 1
4.01153 1
4.32821 1
1.67138 1
1.30309 1
12.2965 1
2.34989 1
3.80514 1
2.08077 1
8.45347 1
1.87934 1
5.36153 1
5.37293 1
7.7131 1
4.85658 1
5.25602 1
8.07603 1
6.24687 1
5.5739 1
4.60628 1
5.54684 1
12.0624 1
7.18651 1
10.5129 1
5.25752 1
4.90077 1
-3.50098 1
14.7769 1
0.259667 1
9.65742 1
8.73753 1
-1.57268 1
5.72546 1
2.31311 1
1.38061 1
3.79869 1
7.33821 1
12.9004 1
3.87357 1
7.38379 1
5.24026 1
7.53972 1
8.32608 1
2.52819 1
7.07125 1
6.02826 1
5.62518 1
5.95085 1
5.4628 1
14.6656 1
6.65653 1
4.78934 1
2.62121 1
0.694063 1
4.76099 1
-0.414566 1
4.0216 1
3.98129 1
1.58545 1
4.91663 1
5.59033 1
4.25477 1
4.85085 1
6.9519 1
4.24907 1
1.23758 1
13.3108 1
4.34631 1
3.14894 1
-0.336319 1
6.08425 1
1.00967 1
0.595266 1
6.06157 1
2.81928 1
-0.335961 1
8.0294 1
7.02636 1
7.25585 1
4.30358 1
2.83447 1
6.24984 1
5.45414 1
3.33771 1
8.12207 1
11.9376 1
4.75576 1
14.2693 1
8.39408 1
4.67303 1
3.57753 1
3.62902 1
-4.52209 1
1.76261 1
7.64132 1
6.73412 1
3.98237 1
5.20925 1
7.2645 1
4.58758 1
5.40004 1
5.17577 1
5.04078 1
4.62494 1
4.74546 1
5.47503 1
3.52779 1
6.21868 1
11.3773 1
9.59108 1
0.477343 1
9.09233 1
8.96425 1
8.01557 1
-3.08351 1
8.88772 1
5.45755 1
7.58453 1
4.32954 1
9.56635 1
3.8671 1
4.97845 1
6.72774 1
2.83989 1
5.47902 1
7.16615 1
11.3077 1
0.997713 1
6.95782 1
7.60231 1
5.53532 1
14.7989 1
3.48383 1
6.55853 1
5.10931 1
-3.42265 1
4.69702 1
3.66485 1
2.28077 1
9.92719 1
-2.72588 1
11.474 1
4.13269 1
6.17244 1
7.01053 1
3.86919 1
2.65369 1
3.08401 1
7.83149 1
4.99264 1
12.0145 1
4.39526 1
4.66348 1
-0.817141 1
3.48926 1
9.41586 1
9.86186 1
10.6877 1
5.19654 1
5.39051 1
3.24973 1
3.28512 1
8.35883 1
5.74514 1
1.81223 1
5.6061 1
9.37605 1
-2.00809 1
10.0955 1
5.13947 1
-2.06101 1
6.21052 1
3.83355 1
4.32294 1
12.4832 1
5.93443 1
3.44487 1
2.43134 1
5.10909 1
7.45854 1
4.02133 1
1.45787 1
2.83025 1
4.06278 1
5.46267 1
7.88219 1
2.3176 1
4.61496 1
7.83186 1
-0.0736006 1
2.87115 1
8.87184 1
8.8199 1
5.28964 1
8.26946 1
7.24569 1
3.32898 1
1.91419 1
11.3748 1
5.97459 1
8.68793 1
10.9858 1
-0.502927 1
6.73537 1
4.87416 1
5.16146 1
3.73865 1
1.48507 1
7.04109 1
6.37544 1
5.15456 1
6.47416 1
2.96132 1
3.75229 1
-1.45361 1
7.63434 1
4.44715 1
12.9945 1
6.15758 1
9.18581 1
4.44899 1
4.58813 1
-0.0287107 1
6.57491 1
8.11491 1
8.70064 1
4.9161 1
1.73234 1
13.5053 1
8.06437 1
6.23678 1
13.8571 1
9.96764 1
2.8817 1
7.68928 1
5.21009 1
5.52085 1
1.27282 1
10.6995 1
10.1941 1
14.5018 1
4.17418 1
4.95937 1
12.9032 1
12.6607 1
12.9677 1
14.7777 1
1.22698 1
7.02951 1
7.06153 1
-1.16386 1
3.90327 1
4.55374 1
3.01276 1
7.24146 1
2.9656 1
9.94333 1
7.46299 1
1.69655 1
7.54314 1
5.90156 1
5.40178 1
9.40735 1
11.2009 1
4.32325 1
3.92131 1
6.74016 1
4.69491 1
-2.0006 1
9.46478 1
2.75569 1
3.87644 1
4.50945 1
0.431442 1
-1.43493 1
-0.692947 1
2.76843 1
5.07241 1
8.08218 1
14.6736 1
-1.58181 1
6.37878 1
6.05325 1
3.77343 1
8.20398 1
-0.0869217 1
3.1184 1
3.10995 1
4.56847 1
2.31281 1
4.81838 1
5.66295 1
2.80214 1
3.52303 1
6.44178 1
13.0412 1
4.08024 1
4.26309 1
7.09951 1
8.07103 1
4.642 1
4.19854 1
6.62019 1
4.95958 1
8.76439 1
2.70056 1
3.4288 1
-1.31148 1
11.1288 1
6.02334 1
8.8229 1
8.42836 1
9.1723 1
6.87527 1
2.40174 1
9.78114 1
3.46624 1
6.09761 1
5.24759 1
7.17256 1
-4.72298 1
7.91747 1
2.63918 1
6.33847 1
8.13569 1
3.64404 1
5.7621 1
0.311333 1
10.948 1
11.1167 1
4.57072 1
7.4449 1
6.1861 1
13.8946 1
7.17605 1
5.35958 1
8.917 1
3.34545 1
4.06541 1
2.02159 1
3.52786 1
5.31336 1
14.0673 1
-1.26498 1
7.8788 1
3.52797 1
2.48444 1
4.4999 1
0.497446 1
9.61094 1
4.11323 1
5.22046 1
7.99911 1
7.30906 1
4.70412 1
6.81439 1
-0.326207 1
0.459155 1
7.24864 1
3.66376 1
5.57807 1
3.7826 1
2.03182 1
3.90917 1
11.6941 1
10.003 1
7.15225 1
4.62147 1
6.6145 1
5.38494 1
8.08683 1
4.02634 1
0.130486 1
2.82669 1
4.21868 1
0.540454 1
0.499784 1
7.18777 1
9.74325 1
3.64829 1
8.18902 1
6.26512 1
5.77653 1
4.83114 1
7.27664 1
3.58586 1
6.75675 1
5.36726 1
11.1937 1
3.09439 1
3.73418 1
3.8124 1
8.10324 1
5.02006 1
-1.03041 1
-0.603177 1
5.55795 1
4.61009 1
14.6793 1
6.44787 1
3.25961 1
3.84169 1
3.59959 1
4.43379 1
2.87911 1
1.60838 1
8.18383 1
5.34381 1
-2.09406 1
-3.40049 1
14.6566 1
9.62371 1
5.70617 1
-3.66298 1
5.06902 1
4.07742 1
8.25937 1
5.05994 1
-0.0832555 1
12.5038 1
10.5726 1
3.78586 1
4.66139 1
5.90608 1
10.8252 1
4.22586 1
5.86973 1
9.2271 1
2.71524 1
12.0038 1
4.79565 1
-4.07369 1
7.31597 1
4.97396 1
-3.17229 1
5.81138 1
0.352853 1
2.14058 1
5.13631 1
-1.66843 1
9.80531 1
3.81473 1
7.0564 1
-1.62283 1
5.36285 1
-3.87408 1
9.3263 1
2.56796 1
9.4502 1
-4.14104 1
7.76493 1
-1.91525 1
8.50804 1
-1.93775 1
11.0676 1
5.37071 1
0.456202 1
4.26642 1
5.02045 1
1.99962 1
11.2719 1
7.46811 1
3.7531 1
6.24246 1
10.3785 1
4.67832 1
9.8217 1
6.26662 1
5.02325 1
4.72286 1
0.488076 1
8.31526 1
5.61978 1
-1.68063 1
5.46623 1
10.4511 1
3.46886 1
4.97975 1
2.41399 1
10.1306 1
2.12324 1
12.034 1
10.0778 1
-2.65975 1
-1.02261 1
3.75623 1
0.416295 1
4.75252 1
3.26048 1
10.3936 1
6.47085 1
-0.717846 1
3.94758 1
5.98133 1
2.18362 1
6.34513 1
11.2833 1
8.77303 1
3.27905 1
4.45058 1
11.1585 1
5.92989 1
10.4691 1
9.35567 1
7.60707 1
6.69497 1
7.87347 1
6.13002 1
5.86799 1
5.99558 1
6.48998 1
4.17107 1
2.91568 1
6.5142 1
3.29118 1
4.00371 1
4.97096 1
6.34811 1
6.48596 1
6.63398 1
4.81955 1
2.96974 1
3.91209 1
5.23015 1
8.73134 1
0.106595 1
5.36232 1
3.61588 1
3.20784 1
5.3529 1
8.07314 1
10.0621 1
11.6488 1
4.70094 1
6.48855 1
0.368573 1
-3.74703 1
5.90743 1
4.97918 1
9.01099 1
5.59725 1
0.757673 1
-3.74636 1
3.64745 1
2.02952 1
11.4655 1
2.38744 1
5.63304 1
5.11901 1
-3.66068 1
14.0811 1
4.74483 1
8.84138 1
12.2475 1
13.9773 1
14.3076 1
4.84461 1
3.58957 1
-0.751736 1
2.6167 1
5.37058 1
4.77785 1
7.85135 1
5.32138 1
7.30768 1
11.3299 1
9.28561 1
4.11251 1
3.59121 1
5.32979 1
2.06449 1
3.49322 1
1.08212 1
9.48529 1
7.81415 1
6.09705 1
4.98154 1
3.44288 1
4.12358 1
13.4761 1
-4.66619 1
7.52508 1
4.79161 1
7.17005 1
4.884 1
4.56859 1
4.17704 1
12.6343 1
4.38917 1
5.97883 1
4.23926 1
6.66488 1
4.06879 1
6.96709 1
4.56926 1
5.17706 1
12.7071 1
5.53553 1
5.20863 1
11.4459 1
8.01158 1
3.78582 1
1.0317 1
5.59069 1
11.5258 1
5.54474 1
2.76752 1
4.52711 1
5.16055 1
4.34769 1
11.1668 1
9.66777 1
2.11651 1
-1.88062 1
7.86382 1
8.51363 1
14.568 1
5.4089 1
3.19671 1
7.07941 1
1.60774 1
4.64891 1
2.19278 1
7.49374 1
2.98054 1
13.0922 1
4.5579 1
7.6215 1
2.71348 1
4.63341 1
6.70332 1
1.71753 1
3.87 1
9.55816 1
7.04503 1
7.30541 1
0.942951 1
8.49432 1
6.71655 1
2.42048 1
4.59312 1
4.11042 1
10.0381 1
6.08424 1
4.64204 1
-0.578258 1
5.30457 1
7.73174 1
3.76802 1
-0.543174 1
3.23608 1
1.57942 1
2.174 1
6.70647 1
5.25993 1
5.23719 1
12.8368 1
6.62209 1
2.94277 1
6.00642 1
11.682 1
5.34864 1
0.963689 1
5.84557 1
5.46456 1
7.14969 1
3.36364 1
1.54373 1
6.024 1
5.30741 1
5.44971 1
3.67459 1
7.94772 1
6.70186 1
-0.565884 1
4.98862 1
8.11818 1
6.88664 1
2.46494 1
-0.056004 1
6.19187 1
5.66986 1
-0.180203 1
7.29103 1
5.36507 1
4.80376 1
8.00248 1
6.89963 1
5.38113 1
7.93517 1
9.18385 1
1.34356 1
3.08298 1
4.13333 1
3.79088 1
8.11045 1
4.26137 1
5.6639 1
8.16568 1
5.13755 1
5.24357 1
6.7273 1
9.04889 1
-2.2856 1
3.60406 1
7.47176 1
4.19565 1
6.39534 1
6.44025 1
5.46813 1
2.88054 1
4.11881 1
1.88381 1
11.9273 1
-0.55767 1
11.686 1
4.92453 1
5.67246 1
4.70012 1
6.15376 1
6.6451 1
7.92703 1
0.845112 1
3.97778 1
-1.86166 1
0.982696 1
7.06464 1
5.80206 1
8.09957 1
12.0946 1
6.60973 1
6.40694 1
3.70439 1
7.65742 1
3.32252 1
-3.69164 1
7.81063 1
4.47372 1
0.555863 1
4.40289 1
4.25664 1
5.98275 1
4.66886 1
9.36514 1
8.84235 1
-2.45723 1
5.04405 1
1.73467 1
6.02979 1
6.28158 1
3.02373 1
9.64496 1
12.2141 1
4.116 1
8.05074 1
-0.8712 1
12.4653 1
4.84829 1
6.46383 1
6.28681 1
5.66959 1
-0.368652 1
7.66936 1
7.71152 1
3.81322 1
9.69219 1
4.41024 1
7.61605 1
12.7377 1
-0.470663 1
2.96885 1
6.61273 1
0.102574 1
4.53366 1
9.93931 1
6.34801 1
8.77747 1
10.0674 1
11.5143 1
7.35401 1
4.61097 1
3.78951 1
2.16368 1
6.07494 1
4.21492 1
-2.31665 1
-2.44665 1
6.85964 1
5.73023 1
7.89457 1
5.30877 1
3.3509 1
8.05298 1
6.58954 1
1.79639 1
3.85805 1
7.19509 1
6.68399 1
3.11505 1
-3.85607 1
5.01118 1
5.38309 1
6.23234 1
3.27423 1
6.77097 1
5.47038 1
10.7027 1
5.90644 1
6.40326 1
5.1268 1
5.6842 1
-2.84024 1
0.992997 1
13.8345 1
5.08346 1
7.11978 1
0.775323 1
3.80948 1
4.85967 1
4.38848 1
3.08889 1
3.17587 1
5.88288 1
4.66984 1
6.52532 1
4.76948 1
-1.2509 1
5.91731 1
3.99329 1
5.74196 1
4.26265 1
4.00169 1
-0.711174 1
8.50414 1
5.41256 1
4.25343 1
3.03331 1
8.83448 1
9.04157 1
8.26447 1
2.85857 1
6.70364 1
3.9139 1
4.92529 1
6.29947 1
4.17103 1
11.4002 1
2.61566 1
4.83429 1
5.55572 1
4.55719 1
6.5857 1
5.34015 1
13.5444 1
8.46071 1
10.2171 1
1.4268 1
9.08952 1
2.81919 1
-3.71952 1
3.89546 1
6.95389 1
1.21733 1
-3.49943 1
4.66311 1
3.0672 1
6.13261 1
10.1675 1
6.83123 1
3.66987 1
4.86494 1
3.99079 1
7.40712 1
6.68187 1
3.49894 1
2.80053 1
0.449269 1
6.90625 1
1.6972 1
14.5812 1
9.13135 1
2.6563 1
3.68972 1
3.27986 1
9.50752 1
6.44793 1
4.53662 1
-2.50539 1
6.26418 1
3.88385 1
7.47944 1
4.89151 1
6.00781 1
5.02385 1
-3.52318 1
10.3659 1
-1.39433 1
-4.75932 1
3.36915 1
5.9833 1
2.83492 1
4.67249 1
6.77251 1
6.51391 1
3.81441 1
5.48118 1
4.54079 1
3.45378 1
6.07716 1
6.13918 1
-0.846273 1
4.60759 1
2.08064 1
9.84966 1
13.5895 1
5.26743 1
5.83263 1
4.7699 1
0.397035 1
6.77299 1
9.93792 1
2.69726 1
7.74468 1
2.16016 1
0.14285 1
-4.82504 1
11.1596 1
6.33912 1
4.47419 1
13.1438 1
3.95003 1
6.41499 1
3.63525 1
11.0235 1
5.33015 1
10.5355 1
9.23739 1
7.32943 1
1.58672 1
3.77558 1
1.82867 1
14.2453 1
7.16313 1
-2.63311 1
2.43924 1
8.96136 1
9.0035 1
6.55862 1
7.83119 1
4.52855 1
2.58676 1
7.30369 1
8.4026 1
4.69418 1
5.17411 1
5.00311 1
8.77189 1
8.61319 1
3.76112 1
0.11439 1
4.82006 1
3.51069 1
4.41987 1
5.39857 1
2.94022 1
5.60541 1
2.79402 1
4.49174 1
13.032 1
4.88153 1
3.88418 1
9.35996 1
3.59857 1
4.67716 1
8.45677 1
6.73639 1
9.20881 1
7.04316 1
11.1719 1
5.52418 1
6.51835 1
4.33301 1
-0.400024 1
5.55823 1
8.25279 1
3.026 1
6.09739 1
4.27238 1
5.25913 1
4.15271 1
5.41831 1
2.77016 1
6.75633 1
8.94506 1
7.35367 1
8.52509 1
3.9448 1
6.35113 1
4.75833 1
7.90613 1
6.44793 1
8.51287 1
7.46525 1
-4.81854 1
4.02932 1
4.34148 1
1.3589 1
7.99392 1
5.71635 1
5.01468 1
3.47129 1
9.69436 1
5.2424 1
10.0345 1
7.45124 1
9.12859 1
1.572 1
1.58188 1
8.35419 1
7.76541 1
3.46823 1
4.16538 1
5.37511 1
-0.410974 1
6.36125 1
7.54348 1
-3.43165 1
6.0022 1
11.8548 1
3.44335 1
-1.35563 1
3.68403 1
7.97874 1
7.42768 1
5.6598 1
7.99508 1
2.37998 1
-2.98247 1
4.32365 1
8.24023 1
3.97471 1
6.01483 1
-4.24185 1
10.4441 1
8.32037 1
8.03676 1
6.61992 1
5.20154 1
3.74958 1
2.54731 1
5.20488 1
3.40232 1
12.0006 1
3.69294 1
0.363452 1
6.25261 1
1.04625 1
11.082 1
6.86975 1
4.03953 1
9.53598 1
1.08302 1
0.931865 1
4.21975 1
2.68914 1
1.8929 1
5.09636 1
6.09575 1
7.74682 1
5.05098 1
5.95467 1
8.10147 1
1.71068 1
2.61655 1
6.82829 1
3.06821 1
5.98208 1
5.91333 1
5.30133 1
2.36366 1
-0.0549543 1
3.17283 1
4.92935 1
7.91595 1
6.97552 1
3.32543 1
7.54786 1
3.83218 1
4.35735 1
9.17088 1
-1.02794 1
1.2549 1
5.444 1
3.54853 1
7.11966 1
12.9509 1
5.45248 1
5.59498 1
4.27003 1
7.57313 1
-1.0524 1
11.1135 1
0.731806 1
5.18726 1
5.10673 1
5.00311 1
4.67206 1
5.60966 1
5.40833 1
8.53874 1
10.9004 1
2.20772 1
6.0388 1
3.34301 1
-1.34442 1
3.937 1
7.28213 1
4.79725 1
-0.186309 1
4.58259 1
7.94218 1
10.3787 1
-3.03486 1
7.55608 1
5.12977 1
-1.10938 1
12.9034 1
7.86185 1
5.86365 1
4.5248 1
7.10127 1
4.70076 1
4.13551 1
9.52225 1
1.8024 1
2.83155 1
10.1303 1
5.27197 1
-0.120598 1
5.8196 1
5.1333 1
3.80016 1
4.31011 1
0.160145 1
5.71386 1
7.62277 1
3.97156 1
8.12033 1
2.36262 1
6.37417 1
6.30741 1
7.70898 1
5.52496 1
8.6914 1
3.86761 1
4.3954 1
11.5507 1
13.8208 1
-1.24714 1
4.46472 1
4.82579 1
5.19846 1
4.37882 1
4.88076 1
7.12 1
6.14681 1
9.72234 1
2.971 1
-1.78155 1
-1.66245 1
2.80736 1
-1.76314 1
-2.78439 1
12.3636 1
5.77325 1
6.31854 1
7.95028 1
6.05868 1
0.811664 1
0.900486 1
6.52866 1
9.1353 1
0.681356 1
4.72747 1
2.68772 1
4.64672 1
5.99203 1
5.3169 1
6.19086 1
4.73827 1
-4.64965 1
3.85632 1
7.03849 1
1.96244 1
7.56176 1
5.89841 1
7.37086 1
3.0158 1
0.415223 1
8.24863 1
14.1663 1
1.16134 1
5.59389 1
7.17803 1
14.6756 1
3.94385 1
4.4686 1
1.87126 1
3.80407 1
3.39349 1
0.82804 1
-0.52019 1
5.90257 1
7.65277 1
-2.18146 1
5.89436 1
6.5264 1
9.25535 1
6.48593 1
5.21448 1
9.53024 1
6.81468 1
5.73679 1
5.97772 1
1.70481 1
8.96203 1
4.36617 1
6.42593 1
5.24835 1
4.84503 1
7.18591 1
5.18231 1
1.80424 1
5.91117 1
3.88868 1
5.33967 1
-3.13417 1
5.0314 1
-0.373974 1
9.96179 1
1.35107 1
4.729 1
6.35255 1
5.54141 1
9.53048 1
8.82052 1
5.84685 1
10.219 1
2.25953 1
2.11199 1
5.38942 1
1.27202 1
0.242821 1
5.45006 1
7.01804 1
8.83108 1
4.20368 1
6.74996 1
-4.44054 1
6.58926 1
5.22262 1
9.6234 1
4.6014 1
1.53219 1
6.28912 1
6.35482 1
6.65933 1
4.1187 1
7.36936 1
5.27062 1
6.61395 1
5.58165 1
-1.40632 1
12.9647 1
-3.46753 1
3.0801 1
0.840409 1
6.06359 1
4.88448 1
10.7798 1
-3.39649 1
5.16759 1
7.86381 1
13.0258 1
5.58045 1
8.41005 1
6.62328 1
3.61933 1
6.14322 1
7.67782 1
4.10951 1
6.30453 1
6.95062 1
6.01076 1
3.51224 1
2.79688 1
6.22182 1
3.27826 1
3.48098 1
5.43943 1
5.0017 1
7.01612 1
4.28524 1
2.92216 1
8.58565 1
3.97241 1
3.63939 1
5.07918 1
3.58309 1
8.0785 1
3.09981 1
2.59313 1
4.90653 1
7.23823 1
7.32841 1
4.29142 1
2.01441 1
-4.85448 1
3.66181 1
1.10914 1
4.07946 1
0.256436 1
5.59702 1
9.1013 1
6.51417 1
1.87046 1
14.7574 1
6.48327 1
6.89489 1
7.93206 1
4.70435 1
8.21814 1
4.85171 1
0.951154 1
4.99412 1
2.58792 1
4.00297 1
0.358094 1
6.47314 1
5.14521 1
8.98805 1
4.33996 1
6.08037 1
-1.50657 1
-3.25519 1
7.91853 1
13.9504 1
3.93065 1
3.33891 1
6.5251 1
5.34886 1
4.31264 1
4.98514 1
3.18508 1
6.80976 1
-4.25625 1
6.10044 1
5.12293 1
4.98011 1
4.79881 1
3.6701 1
8.28676 1
5.2284 1
9.03365 1
7.01568 1
4.07912 1
6.16067 1
4.38893 1
4.59165 1
6.13853 1
3.48568 1
13.9912 1
3.13376 1
4.22181 1
3.16148 1
6.25086 1
7.76838 1
5.71774 1
2.16026 1
6.47533 1
7.73465 1
9.38627 1
8.82672 1
3.34033 1
2.54115 1
5.6437 1
3.15713 1
4.48213 1
5.13848 1
5.06675 1
3.8291 1
7.79187 1
5.54512 1
5.97924 1
1.26489 1
6.41402 1
4.6095 1
8.07746 1
0.46508 1
4.77135 1
7.70838 1
5.05511 1
6.85124 1
5.40259 1
2.44708 1
4.83075 1
4.84139 1
6.63262 1
-2.59344 1
13.6875 1
5.52701 1
-1.53066 1
6.41381 1
6.87508 1
2.21612 1
3.42813 1
-4.16685 1
3.41999 1
-2.82012 1
3.07144 1
6.62755 1
5.78954 1
6.38031 1
4.4448 1
7.13097 1
8.31792 1
7.51387 1
4.61053 1
5.51558 1
8.83177 1
-2.00784 1
14.8315 1
8.65907 1
8.5839 1
8.76237 1
5.12386 1
2.11155 1
5.07926 1
4.02834 1
-4.35557 1
8.40672 1
5.27377 1
-3.02988 1
2.30107 1
6.75258 1
5.25626 1
5.62499 1
3.14847 1
9.48234 1
12.2985 1
6.58424 1
6.22366 1
12.4088 1
10.1009 1
0.602941 1
6.43597 1
3.17153 1
5.38145 1
7.03317 1
3.75223 1
3.77232 1
5.5737 1
7.8681 1
-4.16462 1
7.91121 1
2.80211 1
4.84293 1
5.15724 1
3.17705 1
2.21763 1
4.56982 1
5.74509 1
1.81097 1
4.89607 1
10.9501 1
5.67642 1
6.11411 1
6.5034 1
12.1535 1
4.31493 1
5.41187 1
4.87208 1
9.26417 1
6.80433 1
1.0912 1
13.2342 1
2.92935 1
9.61243 1
5.2442 1
4.52548 1
6.58766 1
1.6798 1
0.518228 1
8.02313 1
4.99434 1
5.1329 1
2.23592 1
5.99131 1
1.98974 1
14.0631 1
0.266112 1
3.80034 1
4.95425 1
10.4176 1
2.52586 1
7.6147 1
4.83629 1
1.83748 1
10.6305 1
4.99689 1
7.40097 1
4.09159 1
1.51768 1
8.83542 1
2.65911 1
0.623828 1
-0.392424 1
5.97743 1
4.11872 1
2.6846 1
5.61687 1
4.23562 1
3.70588 1
0.35979 1
9.38104 1
0.536669 1
4.87247 1
8.0652 1
7.1185 1
7.25968 1
7.22145 1
8.16432 1
13.6486 1
5.95648 1
6.62088 1
12.3143 1
10.4403 1
8.69541 1
4.37913 1
-1.09741 1
-0.149521 1
5.40563 1
2.0018 1
3.84486 1
5.25541 1
3.94956 1
3.64936 1
2.58744 1
9.73287 1
5.26674 1
0.0905373 1
2.22708 1
7.24546 1
5.97798 1
5.86094 1
3.94754 1
5.07541 1
3.00654 1
1.89864 1
-4.5555 1
6.564 1
6.13915 1
3.30834 1
3.36693 1
6.59041 1
-1.40166 1
4.40415 1
4.71068 1
6.34184 1
7.92183 1
6.40644 1
4.99695 1
6.20152 1
4.82027 1
3.31898 1
4.38076 1
-4.86856 1
7.96628 1
10.2476 1
6.26698 1
5.01503 1
3.33197 1
7.07519 1
9.48194 1
4.62366 1
7.2008 1
4.99701 1
6.39694 1
5.0454 1
4.76628 1
4.25799 1
4.41893 1
-0.641413 1
6.10302 1
6.395 1
3.28282 1
9.81094 1
3.78479 1
5.71793 1
1.53451 1
10.4853 1
6.39561 1
3.4821 1
9.44256 1
5.33696 1
3.27918 1
2.44855 1
1.49685 1
4.90799 1
6.16807 1
10.1326 1
3.70801 1
5.02251 1
-1.89024 1
5.82769 1
7.04859 1
3.24457 1
9.07707 1
1.93035 1
6.73109 1
5.32907 1
2.73984 1
2.88563 1
7.96749 1
5.24415 1
4.5686 1
5.17477 1
6.6294 1
6.47775 1
1.32225 1
6.94294 1
6.57226 1
6.48041 1
4.39307 1
4.53507 1
1.69696 1
5.73621 1
5.27314 1
5.65182 1
6.01233 1
2.54558 1
7.25189 1
6.4117 1
3.12215 1
8.36373 1
0.775951 1
9.69681 1
8.15651 1
7.40994 1
3.74562 1
0.226058 1
5.62238 1
5.13423 1
-1.05572 1
3.22647 1
4.16861 1
-4.6504 1
5.31888 1
5.33807 1
7.51098 1
3.3985 1
0.0962488 1
12.6342 1
2.80546 1
6.78166 1
14.4182 1
4.78342 1
4.92847 1
5.00858 1
5.32408 1
5.97362 1
7.25532 1
7.11315 1
6.86645 1
3.94086 1
6.26838 1
14.3833 1
-0.122533 1
4.31164 1
2.29356 1
8.64922 1
3.03993 1
4.74031 1
4.34352 1
6.04202 1
4.37669 1
6.18466 1
1.20112 1
13.8341 1
4.43316 1
6.61177 1
9.17135 1
5.12705 1
9.72175 1
2.73811 1
10.1805 1
4.62882 1
5.22581 1
2.98439 1
-1.15582 1
5.62295 1
5.7026 1
0.366256 1
-2.82314 1
9.11172 1
4.69178 1
0.00553314 1
1.01706 1
8.45141 1
1.65548 1
5.28526 1
3.67603 1
11.9061 1
13.2419 1
4.81211 1
3.29093 1
6.75441 1
1.76415 1
4.39402 1
8.31932 1
3.56239 1
6.68709 1
-0.0448132 1
3.48217 1
4.02737 1
5.95532 1
6.37429 1
5.13104 1
2.94132 1
4.13533 1
5.86669 1
5.42836 1
3.74725 1
5.63283 1
-0.0588993 1
7.92018 1
5.47138 1
2.33578 1
5.77952 1
4.47718 1
9.19347 1
4.09649 1
3.50666 1
1.65864 1
5.25878 1
4.27003 1
12.2446 1
5.60287 1
8.27049 1
-1.45304 1
5.38158 1
4.52021 1
6.14885 1
-2.23543 1
3.51639 1
-0.035976 1
-0.25962 1
5.3207 1
4.88305 1
10.4258 1
10.0381 1
2.30724 1
4.70835 1
12.878 1
6.37988 1
2.94817 1
4.88096 1
4.52226 1
7.16393 1
8.9233 1
5.23067 1
5.8892 1
3.21102 1
3.45188 1
2.07986 1
-0.787065 1
2.68684 1
-0.319161 1
10.2397 1
9.662 1
5.05428 1
7.95872 1
0.247855 1
6.32148 1
3.1618 1
2.62179 1
6.2683 1
4.18351 1
7.20077 1
14.8131 1
3.81479 1
9.12954 1
3.90618 1
3.29332 1
4.27248 1
-0.534239 1
5.30458 1
6.42327 1
9.11727 1
3.86137 1
3.81591 1
9.06734 1
-1.32606 1
4.39297 1
3.02319 1
3.05027 1
2.83116 1
4.80483 1
12.7863 1
6.5231 1
11.3008 1
4.7857 1
5.35124 1
2.3202 1
7.03604 1
4.32626 1
7.0761 1
3.14788 1
11.9181 1
2.58755 1
4.27558 1
4.28922 1
7.36152 1
8.29779 1
5.82072 1
3.51613 1
3.00233 1
3.28889 1
2.57795 1
5.96994 1
0.467277 1
2.02992 1
4.61172 1
4.54883 1
3.56097 1
4.66487 1
-3.76018 1
6.09566 1
6.69103 1
7.18967 1
6.86537 1
10.5343 1
9.43834 1
4.94904 1
1.66703 1
6.92119 1
6.45071 1
9.01852 1
7.46388 1
4.63399 1
3.93974 1
-3.34177 1
4.8501 1
-4.31996 1
10.6278 1
7.97626 1
4.91242 1
10.5982 1
1.80816 1
3.99661 1
7.24769 1
4.56328 1
2.82744 1
12.057 1
5.96584 1
4.54934 1
5.19314 1
3.98051 1
4.7518 1
3.3397 1
9.05495 1
10.1207 1
4.43999 1
2.4704 1
5.61387 1
1.86035 1
5.20395 1
3.38507 1
1.78558 1
9.83191 1
3.83002 1
-0.426732 1
5.1872 1
1.66289 1
3.8512 1
0.995583 1
-0.369286 1
3.1662 1
10.504 1
-2.24279 1
4.73464 1
-3.1885 1
5.77852 1
0.797977 1
1.98231 1
5.0615 1
7.86883 1
4.49365 1
6.71044 1
14.6445 1
0.499419 1
8.5352 1
13.6967 1
6.31337 1
4.84918 1
7.83616 1
10.1525 1
6.12141 1
2.21097 1
7.03683 1
1.74724 1
2.71313 1
4.50964 1
5.32411 1
5.90226 1
7.54265 1
4.15284 1
4.46937 1
-3.5708 1
7.43742 1
2.23867 1
7.71047 1
5.85216 1
-2.25633 1
7.21437 1
4.89797 1
-0.903282 1
3.30432 1
9.41726 1
5.90384 1
6.22315 1
4.26839 1
6.9852 1
11.512 1
4.87596 1
5.64503 1
3.85756 1
5.5312 1
14.0633 1
5.26224 1
5.91568 1
4.84097 1
2.8068 1
4.58073 1
6.14525 1
4.37357 1
3.9276 1
5.48443 1
5.82925 1
1.99004 1
2.34431 1
2.75642 1
3.24246 1
5.08002 1
8.04395 1
3.52878 1
2.67413 1
7.82498 1
5.08223 1
4.417 1
4.61827 1
3.66275 1
6.73752 1
0.550094 1
6.00006 1
7.63403 1
14.7334 1
6.34181 1
2.40211 1
4.35733 1
3.64595 1
-0.863328 1
5.13 1
12.5772 1
7.11528 1
14.2351 1
4.76498 1
5.58897 1
3.8365 1
3.37656 1
5.07272 1
4.25529 1
-3.30705 1
5.20992 1
3.73965 1
-4.2278 1
7.14405 1
4.69422 1
1.46936 1
-0.573611 1
6.01368 1
3.77542 1
4.22842 1
5.16905 1
3.81439 1
6.71656 1
0.352908 1
1.77143 1
5.37722 1
2.61093 1
5.77662 1
5.69615 1
1.9331 1
3.33317 1
3.80634 1
-2.50352 1
8.20508 1
5.4304 1
8.1029 1
3.11345 1
2.18604 1
8.1315 1
2.81387 1
-0.749922 1
4.76476 1
13.9335 1
-4.20161 1
3.9099 1
6.28813 1
9.51211 1
6.15211 1
5.89091 1
10.1155 1
5.34771 1
-2.46392 1
7.05783 1
-1.88145 1
13.9177 1
5.88142 1
5.72256 1
4.92143 1
7.73112 1
3.66968 1
-0.64083 1
4.45441 1
3.39326 1
4.95603 1
-0.246438 1
5.38365 1
6.61929 1
5.48294 1
-2.25774 1
5.9437 1
6.75419 1
7.18618 1
-2.73162 1
4.69669 1
2.06705 1
1.54353 1
7.14987 1
4.84819 1
1.52039 1
4.18199 1
5.09569 1
7.75745 1
4.2656 1
5.323 1
3.94875 1
4.09453 1
1.22506 1
5.69534 1
8.97393 1
5.97479 1
7.17488 1
6.40399 1
5.70155 1
7.16968 1
4.48573 1
9.87658 1
9.30256 1
4.1377 1
4.26154 1
-4.12898 1
6.61476 1
7.72315 1
7.84462 1
3.70633 1
4.26221 1
6.28929 1
5.47178 1
5.94178 1
-3.03215 1
7.18839 1
5.24599 1
0.473204 1
2.44971 1
8.62986 1
6.20963 1
5.04726 1
-0.619613 1
5.38686 1
4.956 1
3.22126 1
7.84714 1
4.33668 1
7.08953 1
4.03024 1
2.28551 1
4.82119 1
7.08177 1
4.40741 1
-3.11458 1
2.69897 1
12.3527 1
6.01654 1
3.57246 1
4.40678 1
1.16543 1
5.1841 1
3.83848 1
4.28611 1
4.56782 1
10.3938 1
7.67964 1
5.44662 1
6.74227 1
10.741 1
3.82395 1
5.51137 1
8.08442 1
0.904216 1
7.17197 1
0.579873 1
9.19858 1
4.21846 1
3.41492 1
-0.312893 1
4.28556 1
6.83828 1
4.9767 1
5.42401 1
7.46189 1
3.78485 1
4.8965 1
0.971914 1
3.53577 1
5.62169 1
3.39532 1
1.55324 1
7.89588 1
7.84653 1
3.33625 1
-2.35563 1
6.49859 1
7.62143 1
3.69999 1
2.96184 1
5.11057 1
3.28888 1
4.33382 1
7.62155 1
10.9627 1
8.14813 1
3.24861 1
3.17132 1
6.81837 1
1.01315 1
3.14725 1
10.248 1
-2.05133 1
6.10575 1
5.02053 1
4.43618 1
-0.67509 1
-1.84045 1
13.3211 1
8.57965 1
6.59119 1
6.77786 1
12.3038 1
8.69218 1
7.9247 1
3.93904 1
-0.0263698 1
5.94679 1
6.86045 1
10.6241 1
-2.48086 1
4.73785 1
5.33825 1
6.60745 1
9.07505 1
4.7364 1
1.82572 1
6.65737 1
3.56509 1
3.00109 1
6.67707 1
6.984 1
4.69093 1
3.20212 1
3.5836 1
4.42325 1
3.91367 1
4.08775 1
3.91145 1
4.8206 1
5.20016 1
6.20813 1
5.50099 1
7.31072 1
7.02932 1
5.91837 1
6.74314 1
6.3055 1
8.90806 1
4.99754 1
6.74908 1
5.27895 1
5.22072 1
-1.77079 1
6.08188 1
7.11254 1
-0.926409 1
9.64567 1
6.28177 1
7.92897 1
4.26019 1
10.068 1
5.92736 1
5.25347 1
5.07414 1
-3.46831 1
7.60157 1
0.124202 1
6.93238 1
4.85632 1
3.58728 1
4.6771 1
1.62446 1
6.45096 1
10.0866 1
3.80956 1
5.98208 1
4.93899 1
7.87845 1
6.10374 1
5.28951 1
10.9694 1
3.06357 1
0.511248 1
2.84625 1
3.00197 1
5.3502 1
3.18785 1
4.83947 1
7.85017 1
12.4245 1
6.61471 1
12.1034 1
4.96596 1
4.00363 1
6.28228 1
6.00379 1
6.94012 1
2.37455 1
6.11129 1
5.77627 1
5.2165 1
6.47071 1
1.58257 1
4.56058 1
6.96705 1
5.77567 1
2.07164 1
3.30376 1
4.66505 1
8.28624 1
3.32758 1
5.68923 1
7.64016 1
10.4062 1
8.2306 1
4.41712 1
4.43392 1
4.96471 1
4.49136 1
3.93556 1
6.7446 1
4.40787 1
5.56944 1
-3.53286 1
5.74077 1
5.69254 1
7.84617 1
4.18398 1
-0.843587 1
4.24887 1
4.89508 1
2.11749 1
6.5048 1
5.94009 1
7.14055 1
2.30474 1
13.1908 1
11.7583 1
8.066 1
7.06941 1
5.07503 1
5.02464 1
3.65872 1
3.39831 1
6.95768 1
-2.37987 1
14.0014 1
6.25477 1
12.5418 1
4.68035 1
3.22619 1
6.85585 1
5.85705 1
3.39522 1
2.42009 1
3.92271 1
5.41338 1
6.69458 1
3.42202 1
6.71226 1
2.62017 1
10.1373 1
5.90507 1
5.93908 1
5.31597 1
5.9781 1
3.89435 1
3.36739 1
-0.569122 1
4.8778 1
5.13601 1
4.7832 1
7.06263 1
2.1224 1
-1.59782 1
8.64169 1
10.5232 1
7.2475 1
3.56751 1
6.86427 1
5.13007 1
10.1282 1
7.60756 1
-1.33157 1
9.68776 1
5.9754 1
9.81536 1
3.14752 1
5.70737 1
0.0628265 1
1.41607 1
2.99528 1
4.05763 1
-0.14823 1
6.08659 1
2.867 1
8.80319 1
3.15354 1
4.76077 1
5.4574 1
5.77122 1
3.66103 1
5.20157 1
9.61289 1
5.8549 1
4.59273 1
5.87895 1
0.118442 1
5.85281 1
6.89241 1
8.73972 1
-0.614923 1
5.89797 1
-2.86028 1
9.93667 1
1.64349 1
4.66721 1
9.67277 1
2.49397 1
-2.25151 1
5.46534 1
-1.63483 1
7.19227 1
5.33602 1
3.62566 1
5.11423 1
2.91608 1
6.8097 1
5.1558 1
2.89646 1
-4.08561 1
7.337 1
3.4074 1
-0.658363 1
3.791 1
7.19996 1
6.67717 1
13.926 1
4.21429 1
-2.00551 1
2.71252 1
2.10899 1
3.77375 1
3.03251 1
4.94224 1
10.4343 1
4.91088 1
8.67535 1
5.10541 1
13.3464 1
-1.11735 1
4.58442 1
6.01301 1
3.7801 1
9.82998 1
10.8347 1
5.06777 1
5.73772 1
-3.34649 1
8.06626 1
3.24185 1
5.87734 1
-0.686764 1
12.5597 1
11.7573 1
1.40074 1
1.76543 1
2.59329 1
2.20383 1
9.17098 1
5.76539 1
5.01498 1
2.878 1
-2.49126 1
5.63928 1
5.43583 1
8.95049 1
5.61046 1
5.11105 1
-3.60757 1
6.42191 1
5.63204 1
5.93323 1
6.14013 1
8.5257 1
3.55077 1
5.2468 1
5.95133 1
10.6387 1
8.30623 1
4.78623 1
8.23612 1
3.04795 1
2.55572 1
6.45214 1
6.46615 1
7.70867 1
7.61202 1
5.63657 1
2.54039 1
8.51101 1
-0.00614776 1
5.63031 1
8.48076 1
2.938 1
3.34287 1
6.202 1
-4.18355 1
9.58658 1
7.97723 1
6.3692 1
8.61261 1
6.75178 1
7.92126 1
2.35512 1
2.03746 1
0.958029 1
3.01936 1
4.12009 1
2.72176 1
-0.167864 1
4.9782 1
5.4021 1
-0.469876 1
8.33823 1
-0.780572 1
3.0807 1
1.32845 1
9.6239 1
8.09808 1
6.07529 1
5.98413 1
4.92688 1
-3.03553 1
2.28563 1
-3.53146 1
8.93415 1
7.2939 1
0.00788671 1
5.71289 1
11.2136 1
12.6946 1
6.35157 1
2.69892 1
5.8561 1
2.36365 1
-0.432704 1
7.15902 1
3.27439 1
1.22111 1
6.09225 1
7.04541 1
4.13376 1
5.63964 1
1.55542 1
3.44194 1
8.15522 1
5.57507 1
6.84918 1
7.59379 1
7.55201 1
9.63886 1
10.8679 1
4.32799 1
4.86627 1
5.42244 1
6.40762 1
4.94187 1
6.19827 1
4.91947 1
3.91057 1
6.21455 1
4.70925 1
13.442 1
7.41368 1
4.12528 1
8.85246 1
2.28047 1
0.706397 1
6.58874 1
7.85328 1
7.67472 1
4.46915 1
6.52764 1
3.37765 1
8.19244 1
2.71097 1
4.6823 1
5.87388 1
4.87043 1
6.55114 1
2.32407 1
10.0397 1
0.279467 1
6.60904 1
14.1032 1
11.7845 1
8.74312 1
7.40202 1
1.57997 1
5.65054 1
4.54359 1
3.78955 1
5.69403 1
12.3598 1
8.64122 1
0.281298 1
6.4439 1
4.08909 1
4.81521 1
7.20093 1
14.5838 1
3.61674 1
2.66965 1
4.73566 1
4.36968 1
10.4505 1
4.08422 1
5.59196 1
11.9432 1
4.41008 1
8.28941 1
-3.26865 1
2.15268 1
3.67726 1
2.41374 1
6.06709 1
10.9171 1
4.87315 1
8.5855 1
10.343 1
5.1011 1
8.54547 1
4.90736 1
10.455 1
3.86274 1
1.3565 1
3.2995 1
5.29846 1
7.25586 1
7.17575 1
4.03782 1
5.33709 1
1.0541 1
3.93131 1
4.9554 1
3.79524 1
12.8303 1
-1.7347 1
3.09358 1
6.32798 1
7.73783 1
10.2992 1
7.60091 1
6.37068 1
7.34649 1
7.04555 1
13.0748 1
5.06959 1
0.431256 1
2.24957 1
5.49441 1
1.44346 1
8.12743 1
1.43309 1
-0.802022 1
5.19883 1
2.36968 1
2.37764 1
7.29943 1
4.17121 1
6.47527 1
1.6227 1
1.30253 1
6.00086 1
5.93718 1
7.76552 1
3.35452 1
8.30893 1
7.50301 1
-0.207293 1
7.8621 1
5.45653 1
7.05864 1
5.92476 1
8.38211 1
2.73023 1
1.62707 1
7.75774 1
2.77925 1
3.26281 1
6.95315 1
2.05488 1
3.87875 1
9.8818 1
4.71196 1
5.00622 1
1.53802 1
7.41548 1
4.73392 1
3.68706 1
5.12406 1
9.75127 1
5.71796 1
3.77388 1
5.71495 1
2.77546 1
4.56181 1
5.41344 1
8.38223 1
5.19512 1
10.7012 1
0.699349 1
8.18948 1
-3.64233 1
3.42744 1
5.42154 1
4.75544 1
5.48372 1
2.86164 1
6.08566 1
5.25339 1
1.82592 1
14.0452 1
6.26793 1
3.8248 1
6.22726 1
5.82065 1
9.40225 1
5.26619 1
3.85586 1
-3.14432 1
5.22218 1
3.52482 1
3.72209 1
13.5432 1
1.91862 1
3.83188 1
9.9962 1
3.44411 1
9.15428 1
6.36486 1
4.13724 1
9.02704 1
6.42418 1
5.82382 1
8.17502 1
0.385298 1
-2.77947 1
3.69493 1
8.59233 1
8.99233 1
3.71117 1
-0.939815 1
5.78346 1
9.6998 1
4.14359 1
11.1117 1
11.1264 1
6.64608 1
5.68449 1
4.38897 1
6.09901 1
4.3292 1
3.84299 1
3.91935 1
1.83534 1
7.80262 1
10.8645 1
5.69907 1
0.900786 1
3.99612 1
9.99847 1
6.73951 1
3.84334 1
6.93527 1
8.33089 1
5.01068 1
5.51193 1
4.12564 1
1.76017 1
-2.3559 1
4.97144 1
10.2315 1
6.94256 1
3.5214 1
4.46009 1
4.67047 1
2.85159 1
5.82715 1
8.03889 1
-1.67656 1
3.97177 1
6.00537 1
3.21705 1
0.417605 1
9.71795 1
0.889758 1
7.10907 1
4.46305 1
6.48651 1
5.28756 1
-0.120339 1
4.22524 1
6.32936 1
2.64007 1
4.57717 1
13.3168 1
11.7577 1
8.73466 1
4.4929 1
3.61705 1
-0.695499 1
8.82535 1
7.36796 1
7.40147 1
3.00853 1
6.51101 1
3.61402 1
3.85623 1
6.06266 1
13.3201 1
7.42132 1
-2.03319 1
5.72999 1
5.29877 1
10.8964 1
8.3596 1
5.16786 1
3.3171 1
4.36185 1
6.94923 1
8.7425 1
3.38224 1
5.15731 1
12.9795 1
8.13089 1
14.5982 1
5.81765 1
5.84558 1
3.33944 1
6.38517 1
4.36723 1
4.62791 1
5.97906 1
5.45618 1
8.6026 1
13.3828 1
7.56238 1
10.3382 1
4.15537 1
6.97946 1
-0.218229 1
5.06704 1
11.0332 1
6.69655 1
0.411081 1
5.42375 1
9.24896 1
3.7491 1
4.4559 1
-2.10147 1
3.51441 1
7.03763 1
8.91805 1
4.33226 1
4.61744 1
5.53707 1
2.3674 1
4.69235 1
7.0201 1
7.95964 1
11.5571 1
7.71635 1
4.4395 1
6.36499 1
11.4768 1
5.2093 1
5.5282 1
2.37984 1
7.49082 1
2.00227 1
6.77189 1
3.85038 1
9.30536 1
1.93955 1
4.36049 1
-3.52519 1
4.47837 1
7.82969 1
6.04072 1
6.90137 1
7.2735 1
4.78775 1
6.10384 1
2.77415 1
5.00815 1
8.2625 1
-4.34743 1
-0.984406 1
2.24952 1
4.87079 1
4.80845 1
2.95095 1
7.05413 1
2.89205 1
5.72435 1
4.2801 1
4.90603 1
6.31819 1
9.10542 1
3.75692 1
5.11456 1
3.21777 1
8.55576 1
1.43764 1
3.04957 1
0.132893 1
3.05611 1
2.55641 1
3.32393 1
5.89819 1
5.47681 1
4.29767 1
4.77996 1
3.864 1
8.92653 1
10.3092 1
6.20473 1
6.13462 1
5.11735 1
10.464 1
4.68021 1
4.54736 1
8.34014 1
-0.317018 1
6.31641 1
13.3356 1
7.64425 1
5.91725 1
0.712419 1
11.4334 1
5.52125 1
7.92499 1
13.4735 1
0.688619 1
9.70162 1
4.2347 1
0.217848 1
4.81818 1
11.8067 1
4.61063 1
1.84075 1
10.277 1
2.6239 1
3.98181 1
7.12121 1
12.4387 1
5.51918 1
6.48448 1
4.36816 1
4.08574 1
3.35369 1
2.36215 1
6.57231 1
6.58397 1
-2.17443 1
3.96047 1
5.70126 1
5.04682 1
4.86367 1
7.49441 1
5.17077 1
11.284 1
4.32239 1
5.08867 1
5.51087 1
4.53171 1
4.49258 1
3.9936 1
0.988233 1
3.99344 1
9.86034 1
12.0238 1
-0.90392 1
9.4704 1
4.09318 1
4.21225 1
6.14662 1
9.27824 1
3.7208 1
6.26928 1
7.74937 1
5.97121 1
6.59191 1
2.29114 1
3.25206 1
-1.49906 1
3.60499 1
4.08484 1
5.32765 1
3.9502 1
2.3601 1
4.05834 1
8.36571 1
5.19584 1
6.31987 1
4.75802 1
5.87606 1
12.4276 1
5.56561 1
2.64017 1
5.37503 1
4.97541 1
11.3202 1
5.85124 1
-1.52603 1
2.66432 1
5.70764 1
4.76766 1
5.11264 1
1.52005 1
6.30623 1
5.65996 1
4.49149 1
5.02511 1
10.1262 1
6.27444 1
3.02828 1
7.95598 1
5.67548 1
3.80332 1
8.36783 1
7.60849 1
-3.57276 1
13.5361 1
4.4552 1
1.31902 1
6.49079 1
6.29028 1
10.8562 1
7.28483 1
8.32681 1
6.74514 1
9.6402 1
6.81625 1
5.69706 1
8.84137 1
7.45126 1
7.68393 1
5.08273 1
4.66783 1
11.9654 1
9.79272 1
5.57575 1
4.57528 1
3.25211 1
4.20487 1
6.58995 1
0.158033 1
3.80278 1
7.07277 1
5.11569 1
8.71799 1
6.29884 1
0.0827741 1
3.1647 1
9.45516 1
4.77959 1
7.7878 1
8.41357 1
9.88774 1
6.19652 1
4.16848 1
12.4168 1
5.02891 1
6.79722 1
5.86238 1
8.36384 1
-1.76709 1
6.85499 1
3.68647 1
5.11474 1
7.14625 1
7.91217 1
3.5783 1
6.36537 1
6.83861 1
10.122 1
-1.09709 1
6.63816 1
13.2812 1
4.09293 1
1.25802 1
5.56639 1
5.59804 1
1.78183 1
1.49224 1
5.34444 1
6.05381 1
6.13438 1
4.95428 1
9.54512 1
6.1216 1
7.30382 1
7.62753 1
5.12205 1
10.7376 1
3.93666 1
6.41991 1
8.72157 1
4.58565 1
4.60949 1
7.48201 1
5.66449 1
3.64899 1
7.02017 1
4.62666 1
2.69324 1
-4.87619 1
9.60588 1
5.87278 1
5.68625 1
3.74424 1
4.33934 1
3.90539 1
9.93328 1
10.0862 1
4.21268 1
12.7266 1
8.89604 1
7.92642 1
-1.05855 1
5.6167 1
6.43717 1
6.41047 1
11.3613 1
0.779985 1
8.15036 1
-0.46113 1
1.50803 1
5.26754 1
-1.35786 1
2.89776 1
5.89598 1
10.3562 1
7.77033 1
6.33874 1
5.18946 1
3.7731 1
3.60892 1
6.90609 1
4.02551 1
8.31517 1
5.26913 1
4.02156 1
5.28812 1
7.24157 1
5.09767 1
12.0384 1
7.61008 1
9.87587 1
8.54156 1
11.1568 1
6.04415 1
5.7236 1
14.638 1
4.50134 1
2.06841 1
7.17621 1
-0.64665 1
3.63535 1
10.0983 1
3.8748 1
2.46867 1
7.36289 1
5.17924 1
4.03882 1
11.4228 1
1.52662 1
6.00057 1
6.44937 1
7.38569 1
2.12281 1
4.83932 1
5.44787 1
6.91518 1
4.7698 1
4.27866 1
8.72804 1
6.17587 1
3.74153 1
6.22473 1
4.63866 1
4.09752 1
5.91729 1
5.48932 1
3.28764 1
2.25852 1
-2.45783 1
9.21037 1
-1.30218 1
2.67844 1
2.77511 1
4.39318 1
4.35312 1
5.52532 1
6.07281 1
6.52333 1
5.70776 1
5.81337 1
9.9354 1
11.9842 1
-2.09013 1
7.89573 1
0.458144 1
3.54357 1
4.86484 1
6.78032 1
2.49175 1
1.07614 1
4.33481 1
3.75055 1
4.44105 1
9.57469 1
6.32274 1
13.439 1
4.56778 1
6.7514 1
5.07976 1
4.49328 1
3.84339 1
5.90829 1
10.3188 1
7.57756 1
-3.25784 1
5.49845 1
-2.18889 1
5.8085 1
0.29415 1
2.58314 1
5.19631 1
6.06398 1
4.7116 1
2.92985 1
5.5137 1
4.90147 1
3.68075 1
5.69354 1
5.50643 1
5.09721 1
0.200703 1
4.04413 1
5.52718 1
3.15817 1
2.24412 1
3.19896 1
4.79019 1
8.41954 1
4.6036 1
4.89504 1
6.40181 1
0.398592 1
9.18614 1
3.46125 1
6.30234 1
7.10375 1
7.0655 1
5.51129 1
11.2659 1
13.3861 1
2.83975 1
1.83225 1
5.60692 1
8.04013 1
7.83858 1
4.5881 1
2.71326 1
1.03935 1
2.1496 1
4.71306 1
-3.58892 1
11.808 1
7.41997 1
4.99002 1
4.06004 1
6.00972 1
6.13998 1
3.23614 1
11.4646 1
6.74165 1
9.39127 1
10.2273 1
8.58507 1
8.29305 1
8.53863 1
4.41262 1
5.1078 1
4.7961 1
3.97507 1
4.18991 1
4.0424 1
7.45028 1
8.66664 1
8.37776 1
6.34285 1
6.47787 1
-1.7955 1
-2.23838 1
4.17572 1
5.04299 1
7.36528 1
6.35457 1
6.02068 1
-2.39568 1
0.10714 1
9.40849 1
0.744164 1
7.05283 1
2.62081 1
1.22367 1
5.71162 1
3.47603 1
4.04088 1
4.89297 1
4.23663 1
6.19545 1
1.52116 1
5.43386 1
8.36942 1
4.12116 1
3.17385 1
10.7431 1
4.38981 1
3.70304 1
10.631 1
6.13601 1
4.13608 1
7.71003 1
4.88794 1
6.7882 1
8.09764 1
-3.58483 1
2.33703 1
3.58656 1
6.57388 1
0.0252869 1
2.10255 1
5.98904 1
5.051 1
8.57182 1
2.92908 1
4.52929 1
7.71814 1
6.09285 1
3.46806 1
3.76159 1
3.77808 1
3.86326 1
6.0077 1
7.55711 1
7.21468 1
2.88193 1
3.66093 1
7.22957 1
11.7877 1
1.60996 1
2.46582 1
4.66243 1
3.63213 1
5.5722 1
2.42487 1
6.86057 1
3.80871 1
6.12275 1
0.556276 1
4.61356 1
0.0781534 1
4.78671 1
2.97112 1
3.16155 1
7.30465 1
3.79449 1
6.54507 1
-1.92062 1
-3.99744 1
11.8304 1
-4.23299 1
4.5323 1
5.11365 1
5.62874 1
-4.76393 1
5.4742 1
4.87511 1
-0.636413 1
7.0502 1
2.02275 1
0.689549 1
4.99123 1
4.2753 1
1.66921 1
6.68611 1
4.23854 1
9.6495 1
13.5704 1
6.79192 1
12.7228 1
-1.75313 1
4.29604 1
6.38204 1
7.9649 1
4.08304 1
3.69795 1
1.11833 1
3.50835 1
5.58202 1
-2.61762 1
4.59534 1
0.942546 1
3.55339 1
4.98875 1
1.47777 1
8.76571 1
4.08063 1
6.33354 1
-0.312963 1
6.09545 1
5.21651 1
3.96458 1
11.6036 1
2.92009 1
5.42115 1
5.02018 1
8.10852 1
1.41753 1
4.90654 1
5.79738 1
4.83552 1
-2.88112 1
7.92607 1
6.80978 1
2.78117 1
7.05957 1
8.45595 1
-3.8088 1
5.75322 1
13.5737 1
3.68578 1
4.92419 1
6.93115 1
4.25195 1
7.1656 1
3.59438 1
5.9778 1
-1.80427 1
5.76018 1
-0.743513 1
6.90735 1
5.017 1
3.30485 1
-2.54898 1
4.75416 1
-0.602957 1
-4.61749 1
4.17423 1
1.25954 1
5.35112 1
13.1012 1
3.71792 1
1.44523 1
11.1074 1
6.29036 1
-0.439454 1
3.89328 1
4.50181 1
2.95497 1
5.20644 1
-1.48967 1
0.103233 1
7.02448 1
5.33667 1
2.7407 1
9.26336 1
6.10505 1
1.20499 1
7.41727 1
6.34025 1
8.99895 1
4.62601 1
1.04939 1
5.66753 1
4.30415 1
2.24035 1
5.83289 1
5.56196 1
6.47014 1
4.81932 1
6.71069 1
2.4739 1
9.83274 1
12.9415 1
6.06647 1
3.71231 1
4.65966 1
4.02456 1
-1.81851 1
2.58089 1
-0.964774 1
2.85776 1
5.58184 1
6.44477 1
2.92431 1
-0.574614 1
6.62691 1
13.5335 1
0.169734 1
1.30432 1
3.01454 1
9.38917 1
-1.8832 1
5.74171 1
6.70037 1
6.02423 1
8.97459 1
6.50729 1
5.3859 1
6.83308 1
-3.93839 1
6.0802 1
5.06036 1
3.87527 1
5.12887 1
8.03319 1
-4.8629 1
9.69774 1
3.68257 1
5.93081 1
3.68559 1
3.03744 1
2.24756 1
14.7496 1
8.24718 1
7.0318 1
6.57922 1
2.18791 1
5.45952 1
5.97511 1
5.5799 1
9.26896 1
1.33911 1
1.08675 1
6.14116 1
6.47457 1
0.567593 1
5.49688 1
2.90933 1
0.983861 1
1.6297 1
1.19423 1
4.2841 1
2.37419 1
4.83123 1
1.85371 1
0.627386 1
4.21873 1
10.5038 1
12.6512 1
9.31371 1
5.35249 1
6.50938 1
4.7588 1
7.12051 1
4.90069 1
3.60538 1
8.4424 1
4.31544 1
11.0777 1
5.9634 1
6.34134 1
14.6695 1
5.79858 1
13.2177 1
5.68334 1
7.50776 1
5.26032 1
5.47068 1
5.11576 1
5.7531 1
10.2554 1
-0.56058 1
9.07642 1
4.16246 1
4.80836 1
4.98264 1
3.07447 1
3.95431 1
5.52724 1
4.43785 1
-3.47192 1
4.04403 1
5.63182 1
10.1458 1
4.65358 1
2.6481 1
4.33947 1
3.66875 1
10.4849 1
3.36776 1
10.6217 1
-1.45124 1
3.90965 1
4.08742 1
3.87017 1
3.38539 1
-1.50627 1
3.83496 1
9.35957 1
5.87976 1
6.34134 1
6.8203 1
7.5982 1
4.98686 1
2.397 1
-0.833229 1
4.67341 1
7.27112 1
3.98896 1
6.56523 1
1.1055 1
6.96738 1
5.36277 1
4.40434 1
7.37104 1
0.0858515 1
3.8516 1
4.52378 1
7.81906 1
0.517033 1
2.73619 1
5.15312 1
2.08514 1
4.91323 1
6.66697 1
4.92734 1
5.47383 1
-4.16091 1
5.40769 1
0.422696 1
5.01191 1
3.75803 1
6.21147 1
3.87605 1
6.43473 1
9.41653 1
5.46608 1
10.8542 1
9.59228 1
8.12512 1
3.37092 1
5.76413 1
5.56226 1
7.29306 1
7.97496 1
2.3519 1
5.91954 1
4.18448 1
7.94836 1
6.00235 1
5.2626 1
4.9009 1
6.38023 1
4.67773 1
-1.07626 1
6.25498 1
5.89137 1
4.55127 1
3.83144 1
-0.028766 1
7.44413 1
7.27791 1
1.54427 1
5.1281 1
5.85227 1
6.32384 1
10.6198 1
10.1095 1
8.39223 1
-3.24072 1
-3.93694 1
-2.46249 1
10.6876 1
6.07048 1
4.18385 1
12.036 1
7.90587 1
11.5928 1
4.7228 1
-1.46266 1
3.70927 1
-0.544118 1
4.90991 1
4.90397 1
5.32442 1
-4.58517 1
12.1868 1
2.68688 1
3.16191 1
4.24259 1
5.96877 1
1.79554 1
5.57942 1
3.71742 1
-0.213112 1
9.35567 1
5.14904 1
7.67563 1
4.4215 1
4.87525 1
7.40603 1
2.43849 1
6.1935 1
6.65535 1
6.61124 1
4.06839 1
4.56311 1
8.20814 1
9.11718 1
0.192583 1
2.44607 1
6.70912 1
0.960542 1
-1.55954 1
-1.50649 1
1.52364 1
5.10243 1
8.79076 1
4.0391 1
6.26138 1
4.97203 1
7.79095 1
7.76454 1
7.11478 1
7.72932 1
3.42141 1
3.17047 1
0.966663 1
3.27881 1
8.44689 1
7.73809 1
2.12333 1
10.0056 1
-1.76252 1
4.40338 1
6.06333 1
5.31849 1
5.17553 1
5.24931 1
4.00601 1
8.14696 1
5.89193 1
6.37912 1
6.59326 1
1.08946 1
7.10321 1
0.600955 1
12.4946 1
3.99118 1
4.95725 1
13.0217 1
3.63111 1
2.97557 1
-3.10378 1
9.95728 1
13.1953 1
2.67458 1
5.03721 1
3.50086 1
9.65546 1
7.2135 1
8.16812 1
6.13793 1
5.93224 1
11.4887 1
5.57611 1
3.80768 1
6.95266 1
8.4136 1
-1.2047 1
4.59112 1
2.91036 1
4.61389 1
8.33434 1
7.01888 1
4.67262 1
9.82458 1
8.15391 1
2.8723 1
6.59256 1
4.14095 1
4.50881 1
1.93562 1
5.04996 1
0.670369 1
-0.28086 1
4.28959 1
4.59795 1
-2.46327 1
14.4621 1
7.00742 1
1.31053 1
1.48379 1
4.28985 1
11.3483 1
5.73616 1
3.18066 1
-2.89671 1
-3.0031 1
4.35754 1
5.78786 1
8.43858 1
6.50964 1
5.83956 1
5.37809 1
6.17222 1
7.06148 1
3.60778 1
1.61628 1
3.2742 1
8.41175 1
10.8268 1
4.78303 1
4.76928 1
5.42853 1
14.3455 1
6.31688 1
9.09179 1
4.69738 1
10.3612 1
4.97319 1
5.52624 1
6.56414 1
9.97824 1
0.551503 1
6.17069 1
5.21022 1
8.64301 1
5.0119 1
2.30508 1
7.10342 1
6.80366 1
5.22313 1
5.60631 1
7.23765 1
8.38954 1
0.78607 1
5.18068 1
3.7992 1
-1.12848 1
7.00262 1
2.01314 1
6.56559 1
2.71692 1
4.39405 1
0.495721 1
6.67963 1
7.14077 1
4.84698 1
3.7662 1
6.59319 1
2.77867 1
5.77156 1
2.81892 1
0.423623 1
4.08306 1
10.1302 1
7.23303 1
5.44376 1
6.60193 1
4.98206 1
4.51081 1
5.21503 1
7.70433 1
6.88844 1
12.2086 1
3.90085 1
6.51827 1
4.13594 1
3.44439 1
9.19077 1
4.5293 1
2.259 1
2.85662 1
1.33085 1
5.58446 1
2.37893 1
6.37133 1
5.40731 1
5.07523 1
8.34109 1
0.980654 1
0.136341 1
3.75133 1
8.61334 1
11.0248 1
5.21947 1
0.80995 1
5.32605 1
5.71343 1
8.63742 1
4.05074 1
5.65628 1
11.3008 1
1.01744 1
13.8458 1
7.96532 1
4.14734 1
8.43033 1
5.49811 1
5.34258 1
-0.700014 1
4.3955 1
5.29964 1
7.98707 1
4.23432 1
8.35228 1
-1.15669 1
9.47538 1
8.07395 1
9.29215 1
5.7213 1
10.2821 1
2.19848 1
4.66688 1
9.02116 1
4.03374 1
7.83427 1
5.73935 1
5.72605 1
4.28371 1
0.795027 1
6.74935 1
8.99991 1
3.94927 1
2.09747 1
5.522 1
-0.51063 1
7.21417 1
5.99394 1
8.83138 1
3.12109 1
7.08568 1
8.96894 1
2.35272 1
9.8721 1
3.25733 1
2.81837 1
1.60134 1
8.96712 1
7.82928 1
7.78882 1
6.57445 1
8.3042 1
8.05315 1
3.5077 1
4.36438 1
9.85988 1
10.6694 1
5.03632 1
8.55479 1
7.13454 1
6.96664 1
2.59947 1
-3.31313 1
3.66256 1
4.32734 1
-1.97448 1
3.63304 1
-2.73181 1
8.44641 1
8.46798 1
6.16947 1
3.80917 1
3.20205 1
9.36087 1
5.23871 1
5.78658 1
10.9723 1
8.06328 1
11.1293 1
3.12543 1
11.2983 1
1.7848 1
3.91859 1
4.13518 1
9.67332 1
7.74183 1
3.86149 1
4.66633 1
6.1565 1
7.2062 1
3.39307 1
6.14721 1
-1.65233 1
3.28944 1
3.8697 1
7.53817 1
3.82737 1
0.75401 1
10.8185 1
12.5134 1
11.8255 1
5.42404 1
1.0309 1
4.23895 1
7.97713 1
10.4273 1
6.65949 1
4.8402 1
5.39051 1
1.95049 1
14.4976 1
4.09061 1
1.08288 1
6.44928 1
6.6285 1
6.1285 1
4.13724 1
8.95813 1
4.54171 1
4.09253 1
2.93019 1
-0.472524 1
5.11416 1
3.802 1
7.08286 1
-2.31134 1
3.35766 1
8.04579 1
5.17725 1
0.521907 1
1.59867 1
-1.03911 1
2.06678 1
4.45388 1
7.46959 1
6.16384 1
4.86091 1
5.97423 1
4.26031 1
7.37266 1
12.7553 1
8.50756 1
-0.449783 1
6.59722 1
9.86846 1
-0.602347 1
4.42271 1
11.6954 1
3.95197 1
3.48042 1
4.55778 1
7.36132 1
8.07533 1
3.61193 1
6.02836 1
3.79818 1
4.61296 1
8.29359 1
-3.71502 1
7.73182 1
2.88581 1
6.66039 1
6.41957 1
4.6358 1
4.32365 1
3.48371 1
12.5216 1
5.42384 1
5.39821 1
3.87059 1
7.33531 1
5.99522 1
5.19157 1
6.23493 1
6.52374 1
-2.69045 1
13.1477 1
-0.237885 1
4.26942 1
3.0042 1
6.14301 1
3.83975 1
4.93498 1
-0.619159 1
6.26389 1
9.8685 1
6.86203 1
3.19276 1
12.7797 1
1.84937 1
5.64497 1
3.27721 1
7.19122 1
-0.974747 1
2.75746 1
9.47707 1
6.7935 1
6.65847 1
4.63447 1
4.28529 1
3.24665 1
-1.07545 1
5.04692 1
3.04111 1
4.10767 1
4.87489 1
3.52838 1
6.13521 1
3.35321 1
6.04437 1
6.921 1
4.40701 1
5.24758 1
2.83231 1
4.09444 1
1.57776 1
4.77973 1
4.28932 1
4.72432 1
6.83963 1
0.267318 1
6.11536 1
7.76352 1
3.14686 1
4.15139 1
-2.13907 1
4.64537 1
12.5258 1
8.72142 1
-2.21255 1
1.81895 1
3.5321 1
1.99633 1
9.46976 1
-1.57608 1
3.90947 1
4.83325 1
2.69652 1
4.55542 1
6.41587 1
5.78209 1
3.98745 1
1.59616 1
4.85355 1
4.62381 1
5.53515 1
5.86082 1
5.75085 1
5.53801 1
3.93084 1
5.58887 1
-2.81345 1
1.52653 1
-4.25335 1
1.75637 1
6.68539 1
1.66501 1
4.72369 1
6.98375 1
8.49317 1
7.15639 1
2.33039 1
6.26155 1
7.1547 1
8.9097 1
8.24759 1
9.57978 1
5.5884 1
3.77486 1
-0.16128 1
10.8219 1
4.11567 1
3.20515 1
7.74152 1
0.669725 1
5.92809 1
4.63698 1
6.91978 1
1.76375 1
4.32399 1
1.36112 1
1.15689 1
-1.82661 1
3.15633 1
1.48006 1
1.14025 1
8.22274 1
5.28623 1
8.88658 1
1.27599 1
2.23229 1
3.62539 1
8.17719 1
0.80277 1
12.1721 1
2.38771 1
5.36939 1
10.0023 1
2.47412 1
-4.31984 1
5.98262 1
5.32655 1
2.81255 1
6.28679 1
5.61744 1
6.782 1
11.1515 1
3.77288 1
5.93125 1
4.72581 1
1.90239 1
6.58622 1
8.45196 1
7.07831 1
6.76203 1
11.684 1
4.85695 1
5.29753 1
11.6798 1
4.68821 1
3.3457 1
6.17511 1
6.99288 1
-1.5952 1
3.53308 1
3.86991 1
4.52868 1
-3.28428 1
7.91441 1
5.35663 1
-0.285442 1
12.0793 1
4.96208 1
13.4351 1
0.320384 1
-3.58925 1
-3.25251 1
6.5554 1
4.31297 1
7.07979 1
4.88251 1
5.43361 1
-0.711012 1
1.18646 1
1.51676 1
3.62516 1
6.72345 1
9.55302 1
11.7611 1
4.87071 1
10.8387 1
14.3839 1
1.34293 1
3.36724 1
8.505 1
1.98508 1
-0.861912 1
3.70732 1
7.06478 1
4.09443 1
2.6681 1
9.19695 1
10.4505 1
5.24567 1
8.27434 1
7.70563 1
6.0031 1
4.3759 1
3.15561 1
6.59723 1
5.75451 1
4.40897 1
6.21036 1
-0.674485 1
-0.104394 1
7.59045 1
7.74201 1
11.608 1
8.21386 1
4.3738 1
-2.62138 1
2.01376 1
6.39982 1
1.96355 1
7.53029 1
4.73478 1
3.98986 1
6.25047 1
6.08581 1
3.29752 1
4.16837 1
8.60514 1
3.65299 1
7.51919 1
14.464 1
2.94728 1
3.31209 1
7.6554 1
7.72674 1
5.86717 1
10.4415 1
5.65819 1
4.52659 1
-0.0182754 1
5.73019 1
3.49971 1
3.82961 1
12.7604 1
-0.764792 1
4.13704 1
3.32416 1
6.90544 1
5.78591 1
-1.61967 1
7.45766 1
6.82763 1
3.34081 1
8.22713 1
5.16322 1
1.41544 1
6.28859 1
5.79537 1
4.4582 1
5.39455 1
5.85689 1
4.38088 1
8.79315 1
-0.00304164 1
11.5566 1
-3.99567 1
7.23048 1
1.61954 1
5.37204 1
-0.0933837 1
5.14655 1
4.7864 1
2.21464 1
5.37789 1
6.35572 1
7.62128 1
7.00538 1
0.191097 1
8.05896 1
0.251213 1
-2.54158 1
8.40558 1
3.17087 1
4.62652 1
2.94359 1
3.64282 1
0.363681 1
4.9086 1
2.7088 1
2.48436 1
7.65932 1
7.05301 1
4.61223 1
5.1497 1
13.7276 1
3.03215 1
5.25141 1
5.64461 1
5.50534 1
2.50141 1
14.5752 1
1.50304 1
2.28654 1
1.26975 1
7.59018 1
5.55959 1
8.48195 1
6.83283 1
2.16261 1
1.78488 1
4.00863 1
8.08895 1
8.65104 1
3.38433 1
4.2436 1
4.67624 1
5.13351 1
2.68687 1
4.44363 1
6.56529 1
11.8234 1
9.94094 1
7.3991 1
3.78936 1
9.81995 1
8.09259 1
4.17609 1
5.40985 1
9.47264 1
-0.236459 1
4.55018 1
2.03294 1
5.53068 1
6.24636 1
6.06108 1
6.46756 1
6.77644 1
6.41645 1
4.43794 1
5.23322 1
6.8209 1
8.5939 1
7.37439 1
-0.0177295 1
5.55726 1
14.1864 1
4.33312 1
4.19901 1
5.17691 1
6.52623 1
10.4489 1
4.89063 1
7.62159 1
0.301908 1
2.92268 1
5.92809 1
1.59823 1
7.22849 1
5.43272 1
5.67828 1
6.99021 1
5.20408 1
4.78628 1
4.60158 1
6.12727 1
4.88249 1
-3.77787 1
6.07794 1
4.55589 1
4.35726 1
4.28219 1
4.71348 1
8.47095 1
4.79062 1
6.74384 1
3.55204 1
12.3226 1
7.36477 1
1.34167 1
7.47837 1
3.82697 1
10.6054 1
9.97762 1
3.76193 1
8.42837 1
7.27369 1
4.36363 1
2.74653 1
5.54904 1
-3.12553 1
2.91884 1
9.17743 1
6.68225 1
4.01408 1
4.25165 1
3.39948 1
2.71664 1
2.45918 1
5.73588 1
9.8292 1
1.99097 1
6.09718 1
5.08151 1
4.54903 1
8.01969 1
3.87861 1
0.777916 1
5.35115 1
3.15587 1
5.90344 1
13.7092 1
3.17828 1
8.11148 1
2.86121 1
6.652 1
4.63892 1
6.42836 1
2.34117 1
5.23129 1
5.87971 1
8.31303 1
12.4329 1
1.73927 1
6.04761 1
5.69575 1
0.62634 1
7.2295 1
5.90548 1
4.01863 1
6.74831 1
6.28565 1
5.54427 1
3.93642 1
0.945144 1
2.14803 1
11.128 1
6.22327 1
6.50025 1
3.13219 1
1.39384 1
8.61656 1
11.7416 1
7.74478 1
2.28202 1
2.41926 1
7.19208 1
7.48725 1
11.3963 1
5.29619 1
8.0791 1
4.76641 1
2.24484 1
2.77469 1
5.04122 1
5.49916 1
4.61458 1
6.98924 1
3.18619 1
1.85083 1
4.91526 1
4.15298 1
6.63406 1
4.94843 1
5.52851 1
13.0537 1
8.14241 1
7.82991 1
6.1111 1
6.35489 1
5.07922 1
5.0492 1
6.77474 1
2.81237 1
12.3756 1
13.6328 1
0.756584 1
4.98161 1
11.7034 1
4.81618 1
0.236266 1
3.75446 1
6.88331 1
7.96479 1
3.36985 1
4.36227 1
5.26602 1
4.56728 1
5.20705 1
7.63592 1
4.15476 1
5.83638 1
12.5595 1
5.51662 1
6.63278 1
9.9091 1
-0.57563 1
-0.844053 1
8.08473 1
6.35327 1
6.2455 1
0.658785 1
4.87188 1
10.5839 1
3.78816 1
2.18014 1
5.36995 1
7.89505 1
7.74424 1
5.25138 1
10.1832 1
7.67737 1
4.81653 1
-0.523877 1
6.31153 1
1.69739 1
7.88881 1
4.23488 1
0.500793 1
-0.174234 1
5.21555 1
10.6496 1
6.46411 1
-1.24932 1
3.33545 1
6.32176 1
5.55184 1
-0.981055 1
2.30725 1
6.26276 1
2.88916 1
6.43902 1
-3.01155 1
4.11143 1
-0.921115 1
2.42506 1
10.1573 1
4.81941 1
10.378 1
5.5053 1
6.14342 1
4.19744 1
8.86589 1
10.2545 1
6.50445 1
2.83206 1
4.73335 1
2.71452 1
7.0738 1
4.95422 1
6.40858 1
-0.156251 1
5.13989 1
6.12973 1
6.34063 1
3.32161 1
4.61682 1
7.40909 1
2.9127 1
7.40973 1
4.05662 1
-2.61414 1
-2.59269 1
4.23095 1
5.64469 1
4.82089 1
1.30618 1
7.1399 1
7.25797 1
1.71126 1
2.89483 1
3.8757 1
8.28897 1
7.32824 1
5.73759 1
7.3694 1
8.80632 1
3.4346 1
12.0578 1
11.8625 1
12.2686 1
0.100147 1
6.50296 1
5.18408 1
3.97726 1
0.744004 1
1.80822 1
3.90153 1
6.48219 1
6.27689 1
7.42221 1
5.35406 1
7.48042 1
-0.590355 1
6.98258 1
0.356578 1
3.76337 1
4.25473 1
6.09083 1
5.13308 1
-2.86701 1
5.39625 1
4.99545 1
5.13922 1
1.93318 1
12.1452 1
6.89793 1
4.09731 1
3.90388 1
12.0023 1
6.1575 1
4.33622 1
4.05788 1
7.15777 1
9.23605 1
4.63762 1
7.77319 1
5.66521 1
11.2734 1
6.38279 1
4.08639 1
6.23575 1
6.02522 1
5.59602 1
6.87959 1
3.7403 1
5.70551 1
6.37125 1
-3.0543 1
7.81603 1
4.64231 1
-3.69457 1
1.38085 1
4.8088 1
8.86473 1
10.6869 1
4.23935 1
6.70623 1
6.26229 1
2.52665 1
12.9284 1
4.66746 1
5.09971 1
12.3795 1
4.33788 1
5.42574 1
10.9632 1
6.11942 1
5.57007 1
0.848175 1
4.61203 1
-4.03479 1
6.28716 1
10.9985 1
2.25165 1
-1.44838 1
5.19986 1
-2.53162 1
-0.85185 1
0.904154 1
7.86928 1
3.70635 1
6.82817 1
8.15346 1
8.22733 1
6.96976 1
5.74599 1
3.45913 1
6.06973 1
1.68115 1
2.62836 1
4.5366 1
4.88322 1
7.87233 1
3.85319 1
5.83991 1
3.34091 1
2.92208 1
2.84869 1
-0.606462 1
1.21971 1
9.74425 1
4.51861 1
0.0819659 1
7.89315 1
6.44773 1
10.5988 1
5.48393 1
4.88281 1
6.72623 1
7.22304 1
6.10386 1
7.48569 1
-1.27874 1
6.45537 1
0.20762 1
3.2976 1
5.16352 1
4.58622 1
4.87556 1
5.90212 1
5.12046 1
-1.00591 1
1.71035 1
6.09465 1
4.79398 1
5.69435 1
3.19748 1
0.434244 1
4.59313 1
5.5612 1
-1.29636 1
7.85124 1
5.37265 1
0.337677 1
5.40725 1
-1.33248 1
2.34909 1
5.56658 1
7.24178 1
1.78313 1
1.60083 1
4.27104 1
5.76336 1
11.4201 1
-1.03227 1
8.17067 1
6.69933 1
3.99426 1
13.7473 1
7.46036 1
2.57679 1
-0.217424 1
2.39401 1
6.33773 1
11.0894 1
3.59863 1
4.58622 1
-4.15997 1
4.77064 1
6.47775 1
10.9051 1
11.9995 1
1.65031 1
5.65261 1
10.9363 1
5.40204 1
7.7665 1
7.77075 1
2.88224 1
1.50637 1
0.43784 1
12.5262 1
1.86351 1
3.1967 1
3.60763 1
3.18206 1
6.859 1
3.99918 1
8.22811 1
13.2482 1
10.9119 1
3.26903 1
-3.56483 1
0.208635 1
6.57092 1
6.62877 1
4.01602 1
5.12972 1
4.5213 1
-0.565696 1
3.12438 1
1.79937 1
1.72135 1
5.91656 1
5.47037 1
-0.877491 1
13.4402 1
5.40078 1
3.48018 1
5.73114 1
7.26055 1
4.81094 1
-2.22363 1
6.41833 1
6.47525 1
3.93019 1
4.66454 1
3.66982 1
3.93477 1
5.19176 1
3.83821 1
7.07777 1
4.34035 1
5.22598 1
4.4326 1
6.98207 1
-0.531586 1
3.23017 1
5.25402 1
3.77359 1
5.26898 1
4.10617 1
-1.34241 1
3.36028 1
1.85557 1
6.30374 1
2.60286 1
2.76397 1
-0.389794 1
3.43831 1
6.79451 1
4.70359 1
7.61391 1
4.55464 1
6.03918 1
6.32365 1
-1.60215 1
3.01623 1
2.5757 1
2.14128 1
14.0082 1
1.53108 1
4.45825 1
6.46219 1
4.38312 1
8.1863 1
4.53383 1
5.03783 1
1.376 1
7.40468 1
3.58025 1
3.23589 1
3.92245 1
7.77942 1
7.31765 1
-0.697838 1
2.7425 1
2.16848 1
3.75903 1
9.26542 1
4.1504 1
5.95941 1
9.15835 1
-2.67422 1
3.28958 1
-4.23914 1
4.44992 1
6.35922 1
6.93834 1
4.1094 1
-1.36149 1
3.11652 1
5.84993 1
6.0156 1
10.6133 1
2.72848 1
3.59337 1
6.93667 1
-0.211705 1
2.2249 1
4.81462 1
4.39495 1
8.57819 1
5.48144 1
2.20494 1
7.59728 1
13.6122 1
6.36578 1
5.64252 1
3.82926 1
6.51415 1
5.12864 1
4.6139 1
4.99573 1
3.98227 1
1.96497 1
5.68204 1
5.04676 1
5.92259 1
3.53704 1
8.26456 1
4.72665 1
7.08167 1
1.32152 1
5.82757 1
5.42314 1
9.30078 1
2.98945 1
6.55147 1
2.89157 1
8.01841 1
5.90118 1
3.10146 1
5.42529 1
4.12652 1
4.60291 1
4.67366 1
3.80842 1
0.932277 1
1.81343 1
7.01501 1
1.0467 1
7.32226 1
7.51275 1
3.51144 1
3.36826 1
6.3329 1
6.16411 1
3.53552 1
1.98466 1
7.56958 1
0.0285708 1
6.14989 1
6.60836 1
8.27953 1
8.05289 1
5.01291 1
2.76977 1
4.4136 1
6.53353 1
6.73024 1
5.17096 1
1.81416 1
3.93043 1
5.98329 1
4.18668 1
4.84964 1
5.1249 1
1.59824 1
6.34824 1
2.31945 1
4.39558 1
-2.97804 1
1.87449 1
4.48077 1
11.0512 1
4.33256 1
6.06246 1
5.72896 1
-1.04537 1
-0.702351 1
10.5682 1
6.77081 1
5.33686 1
12.9694 1
6.74937 1
5.65524 1
7.69821 1
5.68736 1
5.63081 1
11.0501 1
1.29299 1
4.81195 1
-1.98233 1
0.757662 1
4.90363 1
2.00545 1
4.98949 1
2.62355 1
7.77884 1
7.264 1
7.21479 1
1.2602 1
5.62953 1
11.8716 1
5.25644 1
3.82558 1
5.57378 1
3.77367 1
7.16759 1
5.46146 1
3.10182 1
4.22413 1
2.72242 1
3.94967 1
1.0592 1
6.52569 1
10.3737 1
4.07889 1
0.724695 1
7.78599 1
1.46565 1
5.04114 1
5.86894 1
9.93185 1
6.32691 1
6.84127 1
7.62776 1
2.66514 1
2.46983 1
6.85225 1
4.82041 1
4.69453 1
4.61105 1
14.3294 1
3.02262 1
9.4881 1
10.4074 1
4.59644 1
6.92514 1
5.25442 1
6.42999 1
5.1464 1
4.99777 1
-0.431469 1
5.05526 1
4.42173 1
1.44525 1
9.66919 1
5.43593 1
0.34445 1
9.77951 1
5.17806 1
4.86422 1
4.2425 1
13.557 1
4.22606 1
5.39373 1
5.08908 1
0.424264 1
1.34842 1
3.05917 1
8.83212 1
5.86971 1
3.58671 1
6.8161 1
5.8529 1
8.82952 1
7.77842 1
5.91327 1
7.3965 1
5.64544 1
-1.22763 1
-0.780794 1
8.77144 1
1.94678 1
6.74222 1
6.92209 1
3.75072 1
12.1853 1
5.22627 1
4.05039 1
5.19994 1
3.96909 1
4.24721 1
4.46719 1
0.676168 1
-1.58256 1
0.973042 1
10.6644 1
3.2502 1
2.76487 1
12.1039 1
13.6569 1
0.64913 1
9.42282 1
5.57412 1
4.68697 1
7.07581 1
6.85382 1
4.7352 1
5.25071 1
8.11403 1
4.79517 1
4.55076 1
3.93624 1
12.0498 1
1.03901 1
5.70774 1
2.30727 1
6.02234 1
0.886681 1
-0.713968 1
5.66233 1
9.85348 1
10.0579 1
10.551 1
6.31633 1
8.45012 1
1.38594 1
4.97231 1
-0.666622 1
4.86007 1
5.87008 1
10.4652 1
3.52362 1
3.54876 1
5.34545 1
11.6173 1
7.55303 1
9.57126 1
4.12973 1
1.9092 1
5.29606 1
7.6967 1
7.2184 1
4.31289 1
3.78822 1
3.00692 1
3.11306 1
3.31938 1
3.08173 1
5.82309 1
4.85381 1
6.65443 1
4.06993 1
5.78537 1
12.6068 1
6.82475 1
4.62555 1
8.35783 1
6.82169 1
5.35321 1
8.7898 1
5.93459 1
-0.46215 1
9.05841 1
8.16539 1
3.83138 1
2.74538 1
5.11872 1
7.05144 1
4.96473 1
2.71203 1
2.16556 1
-2.30669 1
7.04798 1
3.13636 1
-3.45117 1
-2.52751 1
-4.82622 1
2.11664 1
6.68211 1
5.3034 1
5.69256 1
0.741364 1
1.97242 1
7.61677 1
2.36896 1
8.61135 1
3.06998 1
4.76193 1
6.36852 1
8.9115 1
7.2724 1
3.88502 1
4.95601 1
6.53002 1
4.49758 1
6.43447 1
10.1627 1
5.35069 1
9.90337 1
2.45446 1
6.45913 1
5.12632 1
2.34892 1
7.14384 1
7.23605 1
13.5211 1
5.45546 1
0.573409 1
4.64252 1
3.92776 1
9.4694 1
7.62686 1
5.60709 1
5.42862 1
6.87853 1
6.32469 1
6.85118 1
4.08201 1
6.61699 1
6.26018 1
6.35031 1
13.7364 1
8.95308 1
5.48402 1
3.78827 1
4.68771 1
1.93352 1
5.96017 1
4.27962 1
1.67294 1
6.21052 1
5.51865 1
8.45027 1
2.76135 1
1.99076 1
9.31075 1
6.41184 1
4.26652 1
5.28639 1
2.38511 1
5.49709 1
-1.85563 1
9.29135 1
6.18933 1
11.1169 1
6.05729 1
5.75216 1
6.03325 1
3.95007 1
-0.793834 1
11.688 1
1.42823 1
0.728917 1
2.86719 1
9.9439 1
7.22943 1
0.786804 1
3.49358 1
4.53209 1
1.96184 1
4.76392 1
2.02003 1
7.7494 1
5.30344 1
2.65085 1
0.891224 1
5.07436 1
4.313 1
7.29075 1
6.20202 1
4.83347 1
4.58703 1
8.34105 1
5.29863 1
3.12291 1
6.83947 1
5.96623 1
9.82437 1
5.23162 1
7.04431 1
5.44719 1
6.14953 1
2.74975 1
3.12436 1
10.552 1
5.37893 1
13.018 1
0.461475 1
5.95829 1
2.87948 1
2.49366 1
6.39276 1
3.79632 1
13.5325 1
3.87907 1
-2.10045 1
9.55034 1
7.54274 1
4.20292 1
8.33016 1
4.05964 1
2.76874 1
13.891 1
5.08962 1
6.41587 1
4.49133 1
2.16042 1
6.34788 1
7.55667 1
3.3638 1
5.288 1
6.04258 1
6.16273 1
3.07496 1
4.76977 1
11.6255 1
0.799947 1
4.26179 1
9.50605 1
7.9071 1
8.1661 1
6.42345 1
4.64223 1
-4.87086 1
4.82923 1
-0.776812 1
2.99468 1
-1.79417 1
5.55592 1
0.375268 1
1.89721 1
4.04883 1
4.86605 1
3.28273 1
-1.85583 1
6.09834 1
4.87398 1
-2.42466 1
10.8263 1
4.29223 1
6.23467 1
3.97532 1
4.54206 1
3.39022 1
5.99758 1
0.368174 1
6.06626 1
4.62703 1
5.59737 1
2.11236 1
8.97145 1
1.72109 1
2.01496 1
5.23717 1
7.86047 1
7.71733 1
8.51003 1
7.79189 1
6.64319 1
4.8677 1
0.289677 1
11.3771 1
3.78566 1
3.8877 1
3.1661 1
3.10661 1
5.25739 1
4.24881 1
9.64865 1
2.75704 1
3.62313 1
5.64896 1
10.2232 1
11.4831 1
11.1691 1
2.70944 1
7.59222 1
7.0401 1
3.01786 1
5.39109 1
7.78514 1
7.92336 1
7.68984 1
14.3086 1
12.1989 1
5.67537 1
8.54512 1
5.5672 1
3.69447 1
3.61403 1
4.05653 1
3.83242 1
5.26389 1
6.79793 1
-0.380371 1
8.21308 1
11.2828 1
6.54625 1
10.2768 1
4.38467 1
6.06103 1
3.27597 1
7.47896 1
5.85018 1
12.0155 1
2.9683 1
2.489 1
4.81122 1
7.91487 1
4.07315 1
4.34542 1
6.38883 1
3.58495 1
4.63375 1
7.66825 1
-1.63782 1
4.99763 1
3.23942 1
8.95466 1
5.65023 1
5.1107 1
14.2845 1
5.89136 1
2.88588 1
5.35452 1
4.98013 1
7.33825 1
4.76476 1
3.85704 1
14.0168 1
1.80624 1
5.46763 1
9.44813 1
5.91647 1
8.26426 1
8.4121 1
4.59828 1
5.09231 1
5.11817 1
5.47596 1
-4.08738 1
5.91351 1
5.60953 1
6.6201 1
11.6042 1
5.87272 1
5.23495 1
2.02625 1
3.07284 1
6.26663 1
4.68492 1
2.91816 1
4.08376 1
13.6057 1
5.12191 1
0.296263 1
0.0411247 1
5.79686 1
5.80103 1
11.7128 1
5.59801 1
3.40131 1
7.98734 1
7.42537 1
3.52104 1
3.21548 1
4.59392 1
4.94998 1
4.04345 1
4.90953 1
4.95727 1
5.61514 1
5.69133 1
9.45598 1
3.54141 1
3.11208 1
9.16269 1
6.76834 1
4.02221 1
13.3239 1
5.44361 1
4.90213 1
5.55878 1
2.1492 1
5.94131 1
5.08285 1
4.36248 1
8.80409 1
10.6071 1
12.777 1
4.26435 1
10.2167 1
4.79198 1
5.79924 1
7.89873 1
0.957776 1
7.57541 1
7.44265 1
5.58454 1
5.77204 1
6.63754 1
7.32309 1
7.25013 1
0.987057 1
4.71789 1
-3.43974 1
2.13637 1
2.20849 1
4.56943 1
2.693 1
4.25445 1
8.55147 1
4.10747 1
7.01619 1
2.06453 1
1.1458 1
4.08755 1
6.69708 1
5.47721 1
8.27165 1
3.13433 1
2.52037 1
3.92099 1
8.27454 1
5.61432 1
4.13723 1
7.99346 1
4.30834 1
6.70066 1
7.19548 1
5.02259 1
6.58595 1
6.44233 1
4.92991 1
9.96675 1
3.87767 1
-1.6174 1
4.62959 1
8.87877 1
3.61375 1
3.20905 1
6.38168 1
11.975 1
7.77653 1
4.48521 1
5.73267 1
7.90897 1
2.804 1
5.71503 1
2.82059 1
4.83171 1
7.26067 1
6.76121 1
8.50787 1
3.89415 1
5.96137 1
5.87074 1
8.70127 1
8.01138 1
1.46668 1
8.74377 1
4.58294 1
5.93727 1
4.29457 1
8.13045 1
5.23609 1
6.38317 1
3.65289 1
4.56672 1
3.5776 1
11.7283 1
7.23853 1
4.79265 1
4.5871 1
12.3978 1
3.52959 1
12.2273 1
6.78322 1
5.91235 1
3.61955 1
1.25441 1
5.60886 1
4.66135 1
-1.19171 1
3.01006 1
6.70778 1
11.0989 1
3.04839 1
7.42748 1
0.720874 1
5.85674 1
4.19745 1
14.1523 1
5.51244 1
4.08469 1
7.27733 1
2.79863 1
7.63387 1
1.14794 1
6.42336 1
6.56021 1
3.08048 1
4.41515 1
5.02577 1
6.49454 1
3.45148 1
3.99209 1
6.51409 1
2.93936 1
1.22043 1
3.68846 1
6.38477 1
2.17164 1
4.2243 1
4.5839 1
6.68757 1
9.72749 1
6.49875 1
4.49492 1
5.49312 1
1.55754 1
6.59461 1
1.34342 1
3.31 1
4.08704 1
4.69936 1
5.91048 1
8.6239 1
3.94246 1
7.29526 1
9.7366 1
10.9975 1
3.11088 1
7.75715 1
2.32899 1
-0.627736 1
6.69295 1
5.24423 1
-2.385 1
9.7428 1
10.858 1
7.8195 1
3.55029 1
5.59166 1
4.89719 1
5.54033 1
5.79009 1
6.33877 1
3.89835 1
6.03822 1
1.89781 1
0.100154 1
6.33984 1
0.612929 1
0.290744 1
10.3019 1
7.20907 1
6.54831 1
4.4989 1
4.33615 1
5.04624 1
3.54127 1
9.87536 1
7.49614 1
5.1805 1
9.05968 1
3.42051 1
6.30611 1
4.30349 1
9.16253 1
6.73083 1
5.64566 1
3.50865 1
6.57051 1
3.96609 1
4.07345 1
13.8732 1
4.60587 1
6.65941 1
6.35924 1
9.74525 1
-0.298669 1
4.15583 1
0.71384 1
10.9482 1
12.8269 1
6.50302 1
5.30111 1
5.13102 1
10.8868 1
14.2172 1
6.42137 1
6.25411 1
-3.18047 1
5.50184 1
5.04421 1
10.4908 1
4.27124 1
5.05601 1
3.4793 1
6.64473 1
4.7572 1
-1.08393 1
4.32162 1
12.6155 1
0.236102 1
3.96314 1
6.84045 1
-1.05747 1
13.8455 1
5.65291 1
6.90364 1
6.61407 1
5.67723 1
9.31032 1
9.12583 1
-0.664691 1
3.09203 1
7.44522 1
4.88327 1
8.45892 1
4.93062 1
8.55002 1
4.40993 1
0.463333 1
8.80149 1
4.95435 1
14.5181 1
4.26473 1
2.82194 1
4.86845 1
6.07817 1
8.01183 1
3.28127 1
7.6113 1
5.51985 1
7.46896 1
4.28725 1
4.65785 1
3.70392 1
4.87066 1
-0.944409 1
0.74777 1
3.00471 1
9.67948 1
6.48895 1
6.8241 1
4.45894 1
7.87258 1
6.2213 1
5.04977 1
7.73477 1
7.04992 1
6.097 1
2.99015 1
7.9995 1
5.64648 1
6.3657 1
-1.54595 1
2.88433 1
4.30858 1
11.7293 1
4.23945 1
-2.71112 1
7.67971 1
10.8132 1
3.99919 1
4.21727 1
3.51385 1
8.75726 1
7.58651 1
5.16447 1
6.20109 1
6.26698 1
8.20068 1
4.29475 1
-1.67428 1
4.54248 1
4.77357 1
-1.49714 1
6.88417 1
5.55259 1
2.92389 1
6.64183 1
3.92923 1
6.03743 1
4.44847 1
3.21416 1
-2.89092 1
-4.41438 1
6.21134 1
10.2964 1
4.84034 1
8.00509 1
5.91544 1
3.11733 1
6.92528 1
5.40474 1
5.75382 1
6.61151 1
6.13426 1
2.90884 1
4.3833 1
5.36503 1
8.80357 1
5.10213 1
3.64344 1
3.43793 1
5.93081 1
5.30348 1
4.5351 1
3.62949 1
1.17793 1
4.61412 1
8.09152 1
-0.408584 1
5.29666 1
4.12409 1
4.32179 1
-1.37526 1
-2.77306 1
8.17455 1
6.43886 1
7.58614 1
10.0659 1
5.52131 1
3.0585 1
11.3808 1
5.91037 1
-0.880161 1
3.96793 1
2.01618 1
2.76892 1
8.17635 1
7.24386 1
6.20332 1
5.83042 1
4.47467 1
3.34755 1
4.53369 1
5.38572 1
5.77377 1
5.8905 1
6.0245 1
3.82882 1
6.9632 1
4.99629 1
3.55053 1
4.13262 1
7.08579 1
3.65982 1
4.59642 1
8.29402 1
5.38965 1
8.6278 1
7.32273 1
3.82712 1
0.79117 1
6.12058 1
12.8037 1
4.25981 1
3.8236 1
6.00785 1
5.7047 1
11.189 1
2.37001 1
7.47599 1
5.06084 1
5.24195 1
4.92873 1
3.69025 1
4.87478 1
4.84729 1
-3.43296 1
6.60147 1
8.76484 1
4.17218 1
5.28706 1
2.47639 1
4.88055 1
12.8781 1
0.254634 1
6.23196 1
6.92239 1
4.74642 1
4.57613 1
6.38867 1
5.34556 1
4.57594 1
2.29727 1
6.60611 1
8.20268 1
2.30039 1
3.29849 1
11.1268 1
4.0003 1
11.0103 1
4.01975 1
12.0522 1
8.08659 1
6.69554 1
6.18742 1
7.27586 1
4.58098 1
1.365 1
5.87721 1
7.7182 1
4.52373 1
4.74389 1
-1.27706 1
4.77067 1
8.3313 1
3.30864 1
5.91066 1
4.61473 1
9.58875 1
3.98227 1
2.51177 1
2.07821 1
1.70527 1
-4.375 1
3.99989 1
6.88157 1
12.7963 1
0.270001 1
13.7767 1
6.51492 1
7.10508 1
4.75611 1
10.0219 1
9.19782 1
14.6437 1
5.13544 1
7.76032 1
-1.47795 1
5.80296 1
-2.60139 1
11.5867 1
8.20682 1
4.51886 1
3.50799 1
7.13709 1
12.6871 1
4.76572 1
9.43829 1
3.82887 1
7.95742 1
9.23427 1
3.07978 1
6.31919 1
6.94328 1
3.48494 1
5.27063 1
3.33012 1
5.15072 1
6.65331 1
-2.43826 1
6.57861 1
6.6817 1
6.25731 1
6.21345 1
5.34795 1
0.375678 1
3.76886 1
4.51101 1
6.52422 1
5.05265 1
6.19748 1
3.43063 1
12.2589 1
4.2068 1
10.7506 1
9.35373 1
0.314848 1
4.67153 1
1.76049 1
6.40975 1
5.33644 1
3.25115 1
4.93781 1
-1.04211 1
5.58496 1
6.12734 1
-2.28617 1
5.45461 1
4.72905 1
5.87404 1
7.19918 1
2.51604 1
3.65833 1
6.48851 1
5.81799 1
2.78356 1
6.29006 1
8.66258 1
5.70106 1
5.30174 1
5.86551 1
3.55026 1
2.25951 1
5.10389 1
-1.28382 1
8.38903 1
4.09923 1
4.03004 1
9.80206 1
12.5239 1
4.08291 1
4.73091 1
0.206225 1
4.66954 1
5.51211 1
4.05227 1
3.3143 1
6.17031 1
3.40245 1
6.48497 1
6.73148 1
3.67519 1
6.68744 1
5.63222 1
6.18416 1
12.0552 1
1.60408 1
9.48686 1
5.08613 1
3.97651 1
1.87834 1
7.69334 1
1.04122 1
8.05145 1
5.56657 1
5.21178 1
8.6116 1
9.27926 1
6.31231 1
2.04246 1
12.4816 1
4.79151 1
5.59874 1
4.67456 1
6.97127 1
3.25949 1
8.35037 1
7.34053 1
5.77619 1
6.79815 1
2.48771 1
2.20486 1
6.21686 1
6.53728 1
4.38326 1
6.67341 1
-2.46047 1
10.1783 1
-0.467498 1
8.89987 1
-0.48766 1
6.11446 1
6.56213 1
3.92417 1
4.43653 1
10.465 1
5.98565 1
7.08904 1
8.05747 1
4.59028 1
5.53262 1
2.40228 1
5.51953 1
4.03098 1
-3.59144 1
4.35602 1
-1.54771 1
5.44466 1
4.12612 1
6.30537 1
1.79761 1
6.54486 1
1.24911 1
4.15857 1
3.68571 1
2.4702 1
3.07982 1
-1.80199 1
7.37218 1
14.5994 1
0.94738 1
6.51075 1
3.92679 1
1.82408 1
5.06691 1
-0.551301 1
6.47923 1
9.11078 1
6.55251 1
1.39878 1
4.92871 1
7.30513 1
7.97731 1
5.90649 1
6.33652 1
4.97279 1
7.6398 1
3.01465 1
-0.344145 1
3.81321 1
3.97631 1
13.3134 1
0.0416351 1
8.2167 1
6.10012 1
3.7308 1
6.9144 1
3.11136 1
0.732429 1
2.26077 1
7.79927 1
2.36172 1
3.45247 1
4.83915 1
2.30162 1
1.42933 1
7.27048 1
11.5752 1
0.150383 1
3.40244 1
2.24456 1
9.12311 1
4.71358 1
5.40389 1
1.78566 1
5.95057 1
10.5135 1
4.44032 1
4.56813 1
2.29151 1
3.79486 1
2.27303 1
5.00272 1
5.41268 1
6.17458 1
3.25132 1
4.03451 1
8.32753 1
5.99751 1
9.07535 1
9.70264 1
4.49414 1
9.73623 1
6.23169 1
5.24115 1
1.57297 1
6.12896 1
7.03503 1
4.66301 1
-2.49277 1
5.19963 1
5.9099 1
4.80884 1
3.8402 1
7.04223 1
10.0506 1
3.72432 1
5.00057 1
4.00177 1
12.1709 1
-0.816264 1
1.89499 1
3.81497 1
6.59769 1
1.72053 1
5.07911 1
7.03318 1
9.43678 1
6.72288 1
10.1682 1
4.977 1
9.87069 1
4.26553 1
3.92055 1
10.7323 1
-3.83321 1
4.30479 1
10.1091 1
-0.688095 1
-3.39112 1
3.46651 1
3.34554 1
6.9806 1
4.48947 1
9.69851 1
7.35872 1
6.60442 1
8.17801 1
4.29485 1
5.56786 1
4.5692 1
4.53292 1
5.98638 1
5.84265 1
7.57739 1
6.27854 1
3.84646 1
2.41908 1
5.23634 1
8.68972 1
4.72539 1
3.29689 1
3.63809 1
-4.21597 1
9.84263 1
3.05926 1
3.90329 1
7.55204 1
13.5809 1
5.22856 1
1.86395 1
3.84276 1
3.74425 1
8.24211 1
7.19298 1
6.36175 1
3.3328 1
6.97729 1
0.589521 1
2.59922 1
4.03209 1
-0.924066 1
2.12448 1
4.25007 1
9.72682 1
4.47216 1
1.14876 1
1.83665 1
12.5163 1
4.36387 1
9.33246 1
4.47848 1
5.13011 1
-4.86772 1
5.58619 1
6.79259 1
-3.4932 1
8.57654 1
1.91489 1
1.04496 1
5.0978 1
6.63114 1
5.5866 1
9.14059 1
8.04826 1
4.74008 1
3.74642 1
5.60162 1
7.60094 1
3.41565 1
6.19286 1
8.94241 1
13.0855 1
2.62316 1
4.70029 1
0.724638 1
6.0915 1
5.09716 1
3.91841 1
6.60439 1
0.761034 1
5.818 1
1.11255 1
1.88808 1
-3.58568 1
5.26197 1
4.66738 1
5.82761 1
0.786338 1
1.33811 1
2.98238 1
7.70676 1
3.01748 1
4.2809 1
7.51586 1
2.91529 1
-3.83901 1
5.2869 1
6.91368 1
3.08497 1
-4.14285 1
6.86385 1
-3.40264 1
6.46739 1
6.69347 1
0.910177 1
3.45733 1
1.94168 1
4.82486 1
9.94472 1
-1.98225 1
4.3272 1
5.90467 1
6.28494 1
2.10819 1
3.64768 1
4.44726 1
3.5337 1
3.29329 1
8.03026 1
8.1615 1
-1.5985 1
2.26253 1
4.66021 1
6.25204 1
6.76852 1
0.210153 1
3.90217 1
5.34066 1
2.36894 1
12.4694 1
-1.13674 1
4.19806 1
4.79467 1
5.09888 1
5.90686 1
3.46536 1
-0.842867 1
4.43294 1
7.24095 1
5.38866 1
5.22516 1
5.14194 1
8.66674 1
4.71327 1
-3.11374 1
4.88725 1
5.08262 1
5.37335 1
-3.07847 1
3.83668 1
5.0408 1
6.26659 1
3.77317 1
5.37142 1
2.23895 1
1.99334 1
5.77227 1
0.910236 1
2.16518 1
9.18936 1
3.73624 1
6.56189 1
3.5725 1
1.31266 1
10.8627 1
7.06304 1
5.0016 1
8.2944 1
4.50865 1
6.86156 1
5.07173 1
5.85202 1
3.77991 1
6.75938 1
5.87365 1
2.79358 1
5.78742 1
5.43609 1
-1.86233 1
8.38796 1
8.57949 1
5.38586 1
5.77002 1
4.87994 1
8.95562 1
2.5375 1
6.04031 1
11.3764 1
5.51937 1
6.06186 1
4.75855 1
5.07867 1
8.5276 1
8.02201 1
8.34531 1
6.4401 1
6.77848 1
3.69833 1
8.88244 1
6.68413 1
6.70352 1
5.51146 1
4.45564 1
7.93183 1
13.021 1
2.25547 1
3.24945 1
5.47612 1
-2.28697 1
10.9007 1
8.10783 1
10.3179 1
9.98489 1
-0.460446 1
5.19643 1
3.38588 1
8.16127 1
5.51345 1
4.99739 1
8.4548 1
5.02055 1
5.2127 1
7.33537 1
4.23935 1
6.56052 1
2.51403 1
4.35054 1
5.01342 1
5.39646 1
7.60739 1
2.40162 1
7.58225 1
6.33277 1
8.15711 1
4.62396 1
-1.01623 1
5.54006 1
4.45019 1
5.45194 1
5.35695 1
10.2767 1
1.13862 1
9.62026 1
5.76662 1
2.64659 1
11.3824 1
6.0628 1
2.89804 1
8.62936 1
-0.144383 1
6.89977 1
11.1373 1
3.60652 1
2.46141 1
0.494133 1
4.40985 1
6.05972 1
1.97142 1
4.01594 1
5.95072 1
2.2625 1
9.70292 1
4.18235 1
7.09086 1
6.87986 1
3.71114 1
-0.669811 1
4.91589 1
6.32198 1
4.2485 1
5.50083 1
-3.6429 1
5.99609 1
3.30633 1
6.96015 1
6.40149 1
2.83377 1
1.63192 1
4.09725 1
4.95845 1
4.79814 1
5.67156 1
3.57249 1
-1.50151 1
0.706556 1
14.3507 1
7.11488 1
6.0585 1
5.40915 1
9.62861 1
10.1591 1
3.21084 1
9.47026 1
5.95885 1
2.54328 1
10.6189 1
6.85916 1
3.02298 1
5.94089 1
9.31211 1
5.9061 1
2.73648 1
3.73714 1
10.4472 1
4.07668 1
1.22949 1
1.81697 1
3.06036 1
0.805016 1
8.36169 1
5.02508 1
0.377411 1
4.38386 1
4.78622 1
4.43753 1
5.23005 1
2.15942 1
5.71722 1
5.79998 1
10.0312 1
5.31547 1
5.16262 1
5.81141 1
4.14947 1
5.91128 1
-2.61411 1
4.5391 1
5.82208 1
3.03315 1
5.75147 1
6.01519 1
5.56477 1
8.15681 1
2.58001 1
10.7895 1
5.72157 1
8.4794 1
3.35763 1
4.43246 1
3.80482 1
-4.09019 1
9.2665 1
8.05463 1
5.33687 1
4.55836 1
5.23767 1
1.48529 1
5.52218 1
14.788 1
4.69852 1
3.04804 1
4.20305 1
10.227 1
0.203591 1
4.97276 1
4.06065 1
-4.28006 1
7.31415 1
4.80606 1
-0.63156 1
2.82168 1
6.81712 1
7.19161 1
4.67477 1
1.17773 1
8.55962 1
-2.60553 1
2.73157 1
3.55696 1
-0.498638 1
6.00932 1
9.65402 1
4.40604 1
1.55154 1
7.93213 1
2.10968 1
4.29413 1
7.45432 1
3.7141 1
1.10406 1
1.7927 1
6.09801 1
4.90732 1
6.47582 1
6.08582 1
3.62316 1
5.14168 1
2.47212 1
4.1751 1
4.7141 1
4.3797 1
5.71051 1
5.17678 1
10.0619 1
-2.42977 1
4.95883 1
12.6049 1
7.66829 1
0.720498 1
4.35579 1
5.80886 1
4.18877 1
6.48274 1
-3.59822 1
3.34696 1
1.81112 1
7.01508 1
6.08817 1
7.59004 1
4.31596 1
5.32741 1
2.3469 1
7.07962 1
0.181062 1
3.82602 1
1.37183 1
14.3618 1
4.02141 1
6.85066 1
-3.39349 1
6.231 1
0.0848273 1
3.96251 1
4.36816 1
1.34698 1
8.66605 1
6.1565 1
10.2018 1
5.29902 1
4.71786 1
6.01803 1
6.56348 1
3.29388 1
6.63944 1
8.31147 1
1.94052 1
6.95823 1
10.9051 1
2.32386 1
3.69947 1
5.1744 1
3.5453 1
2.78371 1
8.16703 1
4.10376 1
5.64757 1
7.25417 1
3.48623 1
6.33684 1
8.7475 1
9.3484 1
4.17166 1
9.19304 1
8.37871 1
7.48873 1
4.19625 1
2.70208 1
3.47249 1
0.2225 1
-0.199672 1
7.8667 1
4.50539 1
4.34672 1
11.243 1
2.78585 1
4.04478 1
6.27329 1
3.27685 1
1.50322 1
5.45382 1
12.3361 1
12.9294 1
-3.8019 1
-1.22184 1
2.00191 1
2.61991 1
2.95088 1
3.29807 1
3.03321 1
4.24746 1
-3.32043 1
4.45881 1
4.88307 1
8.96864 1
3.35003 1
10.8576 1
2.3441 1
5.21597 1
1.73124 1
10.2481 1
8.01471 1
5.68786 1
5.17658 1
8.76005 1
3.02305 1
4.7105 1
2.5138 1
6.57155 1
3.47993 1
-1.34741 1
14.8159 1
5.59729 1
4.41608 1
7.4723 1
3.73515 1
6.9557 1
10.6663 1
4.09991 1
9.37091 1
3.3324 1
7.34168 1
2.67273 1
4.58497 1
3.46439 1
3.81833 1
10.225 1
5.48264 1
8.61231 1
1.97062 1
4.58402 1
6.111 1
6.43008 1
3.54085 1
4.16317 1
7.8034 1
4.26856 1
4.76751 1
4.79115 1
7.01168 1
8.25942 1
6.81101 1
6.01636 1
10.7292 1
8.32811 1
3.66149 1
3.18485 1
7.42353 1
2.30476 1
5.29101 1
5.56561 1
10.6148 1
4.98987 1
11.8708 1
4.67658 1
6.56678 1
1.77945 1
8.60457 1
6.89043 1
5.81939 1
7.3043 1
8.71425 1
0.795322 1
6.90054 1
-0.383771 1
5.5779 1
6.22402 1
9.83532 1
7.59626 1
6.14719 1
7.16759 1
4.16415 1
8.86462 1
5.02146 1
-0.288911 1
14.0015 1
5.22012 1
8.1635 1
0.388797 1
9.30446 1
2.58228 1
-3.20583 1
7.13175 1
8.00261 1
4.37061 1
10.5304 1
7.90814 1
5.67248 1
3.2346 1
6.47823 1
6.07108 1
7.81601 1
9.21977 1
5.99929 1
7.05273 1
7.84597 1
7.53272 1
5.57995 1
2.95398 1
7.80404 1
4.67309 1
8.96742 1
8.26306 1
6.55153 1
6.55691 1
-2.5236 1
4.00748 1
2.069 1
3.91833 1
8.64684 1
1.52485 1
2.9653 1
11.0749 1
7.089 1
5.10235 1
3.5596 1
4.30068 1
5.77436 1
7.57254 1
5.03683 1
0.166997 1
8.06511 1
5.30496 1
0.647589 1
1.68936 1
7.85243 1
4.60834 1
2.90643 1
5.01072 1
7.57843 1
4.24519 1
4.92567 1
3.44017 1
7.0386 1
6.17373 1
14.6962 1
0.539847 1
4.35857 1
6.95953 1
5.72588 1
4.21221 1
5.42816 1
10.8004 1
5.63754 1
4.50001 1
5.15999 1
7.99565 1
4.20132 1
4.21282 1
7.34846 1
7.27324 1
5.74137 1
7.33266 1
4.56652 1
6.99531 1
12.3896 1
5.62756 1
12.3112 1
6.58561 1
4.0797 1
2.07917 1
3.78217 1
1.66905 1
4.33945 1
6.87776 1
6.53402 1
6.83227 1
2.70634 1
5.72849 1
7.91991 1
5.79929 1
3.26253 1
8.37025 1
2.22676 1
3.14387 1
5.80431 1
7.59626 1
5.46278 1
5.12514 1
4.6926 1
4.37871 1
1.71205 1
1.98157 1
5.79648 1
3.44225 1
-0.0190119 1
6.55572 1
0.271999 1
8.95146 1
6.71584 1
4.96687 1
1.60539 1
11.9532 1
5.32452 1
-4.28602 1
5.60494 1
4.89738 1
5.20993 1
5.72423 1
3.61229 1
1.09063 1
5.7385 1
4.08633 1
0.590268 1
-1.34883 1
3.68454 1
3.08322 1
0.469865 1
5.88883 1
5.14088 1
4.99215 1
-1.20341 1
2.81925 1
4.78566 1
1.94941 1
4.95496 1
8.17151 1
10.3807 1
7.45629 1
