7.6184 1
8.04855 1
3.62205 1
1.15979 1
1.41067 1
2.96147 1
2.60998 1
6.84681 1
7.27355 1
8.36984 1
8.49657 1
2.58904 1
4.75566 1
7.50095 1
5.04216 1
7.60586 1
5.65547 1
4.38525 1
4.21771 1
6.50992 1
4.2705 1
3.82088 1
0.346299 1
4.2695 1
3.93291 1
-0.819904 1
4.75663 1
5.61507 1
6.06459 1
5.89698 1
12.5899 1
-1.95606 1
4.43081 1
4.16671 1
6.28251 1
2.91172 1
4.76584 1
5.95136 1
4.77735 1
8.31311 1
5.01485 1
4.38739 1
5.844 1
6.12739 1
3.99061 1
6.32543 1
4.48746 1
0.581685 1
3.89458 1
4.50765 1
7.05341 1
5.92405 1
5.50415 1
-4.83568 1
3.28867 1
9.04707 1
2.49594 1
-0.404386 1
4.72814 1
4.46598 1
6.75436 1
8.39049 1
0.166363 1
1.93627 1
11.2983 1
9.19587 1
7.39054 1
6.84053 1
5.46509 1
4.40191 1
9.73209 1
3.10137 1
4.19694 1
9.7984 1
-2.25598 1
3.74659 1
11.2021 1
13.293 1
7.34245 1
4.61014 1
2.87336 1
5.9795 1
-1.89269 1
2.16543 1
2.14143 1
4.37934 1
9.77103 1
7.94203 1
3.37895 1
6.14195 1
4.90432 1
7.77283 1
14.1004 1
4.49308 1
6.65549 1
2.07502 1
5.40299 1
10.9281 1
4.62557 1
5.82694 1
0.718904 1
8.45379 1
8.58368 1
2.17342 1
11.1289 1
11.9588 1
2.79917 1
-3.68387 1
6.1216 1
-2.00188 1
0.694609 1
5.61702 1
5.89398 1
3.82321 1
2.83599 1
6.96039 1
-0.29827 1
8.25336 1
0.274135 1
4.24174 1
4.83021 1
-1.52248 1
3.99258 1
3.24882 1
0.507343 1
5.94035 1
11.6512 1
3.22381 1
6.62273 1
13.3773 1
9.10969 1
10.8594 1
5.90119 1
4.04064 1
10.2604 1
1.63699 1
5.95257 1
2.3342 1
-0.92199 1
0.932749 1
1.01285 1
6.31212 1
10.6109 1
-0.361007 1
2.98292 1
6.60282 1
8.86264 1
5.95692 1
5.13784 1
6.34086 1
6.02487 1
2.62606 1
0.955172 1
8.99057 1
5.17258 1
1.99214 1
5.19252 1
6.05382 1
5.62424 1
7.96479 1
6.12527 1
6.47274 1
5.97825 1
4.92266 1
6.25022 1
8.47331 1
6.49814 1
6.91372 1
9.21955 1
9.29708 1
4.17261 1
4.76714 1
10.7661 1
5.20745 1
5.61349 1
2.50638 1
8.50566 1
2.09215 1
4.03059 1
5.54534 1
5.84091 1
-1.83638 1
5.33676 1
4.53548 1
8.09224 1
0.99047 1
7.53167 1
3.98435 1
5.46276 1
1.34074 1
8.97862 1
3.3329 1
3.07512 1
0.816201 1
5.73914 1
7.07181 1
4.63082 1
14.4645 1
4.0419 1
0.944016 1
3.86654 1
3.25121 1
-0.427578 1
3.48793 1
1.7033 1
7.65062 1
-2.27605 1
-1.93479 1
5.94026 1
8.2867 1
6.35806 1
6.09258 1
7.99483 1
5.83155 1
4.69798 1
3.0112 1
4.52222 1
3.17731 1
6.2447 1
1.67648 1
6.45783 1
6.03195 1
7.32671 1
4.40844 1
1.53857 1
-1.23646 1
6.70514 1
7.92146 1
0.700511 1
10.199 1
-1.73947 1
4.0356 1
10.7149 1
7.24949 1
5.9989 1
3.78892 1
3.41702 1
-1.82282 1
9.6065 1
5.71471 1
4.60114 1
3.41268 1
13.626 1
5.96123 1
13.476 1
4.41958 1
4.76534 1
2.90314 1
9.17517 1
6.25867 1
4.41574 1
0.776267 1
5.46574 1
12.5938 1
7.75026 1
5.47489 1
7.70144 1
1.48032 1
12.5863 1
3.26153 1
4.7394 1
1.91629 1
0.326987 1
5.97099 1
3.26225 1
3.06024 1
8.99486 1
5.27017 1
2.7296 1
4.9171 1
4.95577 1
-1.51274 1
4.65478 1
7.30067 1
4.78607 1
8.15947 1
4.70704 1
11.6543 1
5.85906 1
6.63548 1
10.628 1
-0.903949 1
8.0068 1
5.20434 1
11.4135 1
3.47166 1
6.62713 1
4.08315 1
-4.7249 1
9.71378 1
6.43696 1
2.90598 1
5.25445 1
4.53376 1
6.72157 1
8.67845 1
8.10554 1
7.3275 1
5.18789 1
5.27354 1
4.41797 1
7.17997 1
1.49084 1
4.44376 1
5.52736 1
10.408 1
0.722537 1
5.01001 1
2.23634 1
1.27309 1
9.24439 1
8.18387 1
3.41375 1
8.90168 1
6.78397 1
9.36568 1
10.5407 1
3.81782 1
4.53416 1
9.07479 1
5.93175 1
2.38813 1
5.9525 1
5.31846 1
4.48051 1
4.1679 1
11.9999 1
7.7506 1
6.11684 1
14.8297 1
7.64806 1
2.1227 1
4.40191 1
5.60951 1
7.48338 1
3.42946 1
4.61477 1
6.52581 1
2.91495 1
5.93305 1
8.90711 1
1.19602 1
3.57873 1
4.81612 1
9.23412 1
5.2202 1
7.39225 1
2.64738 1
5.38209 1
4.06519 1
5.22928 1
9.21172 1
5.81862 1
7.76124 1
8.71063 1
1.81637 1
8.4923 1
3.51792 1
2.00128 1
8.42806 1
-2.72348 1
3.45011 1
10.3546 1
4.55147 1
13.8189 1
0.286411 1
9.71506 1
4.82616 1
4.8114 1
9.84191 1
-0.375676 1
0.222764 1
6.08404 1
2.97995 1
3.86679 1
8.14327 1
-3.78711 1
2.16321 1
8.37751 1
-2.90227 1
6.2428 1
0.35415 1
4.16721 1
7.77244 1
4.58183 1
5.15137 1
5.87793 1
4.9966 1
5.14001 1
2.84987 1
6.0837 1
7.15549 1
7.95488 1
1.10391 1
4.37362 1
13.3599 1
4.21383 1
3.78452 1
3.69161 1
13.6829 1
5.97483 1
5.34035 1
6.45994 1
10.0617 1
2.30337 1
8.20441 1
6.25435 1
9.82827 1
7.50448 1
6.2754 1
8.53801 1
2.69769 1
8.08245 1
5.22106 1
4.89789 1
5.09873 1
5.8076 1
4.99642 1
-1.37579 1
4.18422 1
0.340706 1
5.69696 1
4.35316 1
10.0117 1
13.7305 1
3.71981 1
0.607979 1
8.28002 1
4.75727 1
8.05945 1
8.11143 1
9.08317 1
8.42954 1
7.26964 1
5.9356 1
4.74826 1
5.05886 1
7.12946 1
11.9604 1
5.25669 1
0.904504 1
5.49066 1
6.39487 1
3.3563 1
4.13711 1
4.17319 1
5.14999 1
2.07723 1
5.17431 1
8.34416 1
7.50145 1
4.92432 1
2.49227 1
6.93311 1
10.697 1
5.23032 1
5.14871 1
9.81924 1
6.71224 1
3.7368 1
3.14643 1
4.82851 1
5.43619 1
7.89615 1
4.42355 1
3.21757 1
10.2193 1
6.288 1
10.3372 1
-1.15845 1
5.81499 1
14.0132 1
7.80439 1
3.47938 1
6.86809 1
6.37347 1
6.59805 1
5.49913 1
4.4088 1
1.07056 1
3.58375 1
4.71605 1
-0.849292 1
4.12923 1
3.25334 1
1.81109 1
4.88091 1
2.79742 1
6.65577 1
1.31965 1
7.39043 1
3.29226 1
10.9442 1
5.82376 1
8.35073 1
4.1415 1
5.95493 1
10.3794 1
6.34306 1
4.97466 1
13.4158 1
0.140879 1
3.71646 1
3.76026 1
6.50471 1
3.95125 1
4.23027 1
10.26 1
10.6058 1
4.91791 1
5.92653 1
6.83239 1
2.6185 1
4.24312 1
10.6823 1
2.9546 1
7.89981 1
3.11766 1
5.75887 1
3.51872 1
2.7064 1
5.89043 1
3.25475 1
4.26555 1
2.99025 1
3.1648 1
5.33244 1
0.261935 1
3.26256 1
7.56796 1
4.57902 1
5.62633 1
8.06043 1
4.9748 1
3.36354 1
-3.09358 1
6.89335 1
1.26731 1
5.73373 1
6.83806 1
0.946646 1
4.25373 1
3.00515 1
4.11697 1
7.06068 1
6.69314 1
-4.65112 1
8.37125 1
4.86085 1
7.0865 1
5.92782 1
1.1542 1
3.65733 1
7.18907 1
7.18538 1
3.39789 1
4.32627 1
3.01531 1
6.07733 1
6.85341 1
4.2072 1
3.61699 1
5.80757 1
5.25888 1
9.22135 1
0.336841 1
6.8072 1
6.13549 1
2.89159 1
7.00439 1
7.68323 1
6.44949 1
-3.70838 1
8.89745 1
5.95144 1
4.43687 1
2.05476 1
4.95956 1
2.30998 1
6.7315 1
3.10448 1
-1.39889 1
6.24922 1
7.37162 1
8.57944 1
4.03029 1
6.27189 1
4.40896 1
3.71681 1
7.24405 1
-0.207793 1
9.0324 1
4.89521 1
-1.958 1
6.28617 1
0.728588 1
-1.90535 1
3.77907 1
2.2223 1
0.0221234 1
12.378 1
7.10745 1
5.0838 1
12.2884 1
1.25946 1
3.7112 1
5.01186 1
8.38151 1
4.54602 1
5.25593 1
9.28703 1
10.2716 1
-4.63307 1
7.77018 1
10.8208 1
5.69017 1
2.76838 1
4.99811 1
2.99512 1
6.72169 1
3.57736 1
2.91435 1
8.56064 1
5.39522 1
-1.69174 1
4.50808 1
6.25637 1
5.99774 1
6.36949 1
11.1444 1
1.26859 1
5.09539 1
6.09003 1
-1.85049 1
6.18739 1
6.13148 1
9.10908 1
-3.50423 1
6.39773 1
-4.81582 1
4.25792 1
1.53203 1
12.4767 1
2.17507 1
4.5588 1
4.64977 1
6.14351 1
5.5052 1
3.7866 1
5.68711 1
-0.371931 1
-0.769271 1
6.47777 1
4.48673 1
8.98619 1
3.28249 1
-1.55951 1
5.57037 1
2.81167 1
11.6718 1
4.44443 1
12.2729 1
6.48445 1
3.53786 1
0.533236 1
7.52306 1
-1.51627 1
7.28048 1
8.01289 1
4.24998 1
6.89595 1
2.79217 1
9.63151 1
9.29023 1
3.82365 1
2.16596 1
7.16612 1
0.937626 1
11.4776 1
4.71409 1
7.87538 1
5.67448 1
4.50813 1
5.04978 1
3.10006 1
5.66927 1
5.13054 1
8.49793 1
12.3064 1
6.45558 1
6.82617 1
7.56772 1
4.92641 1
13.6308 1
11.9863 1
13.2415 1
11.8096 1
7.37319 1
5.18178 1
-2.66637 1
3.21125 1
2.99339 1
-2.23445 1
8.43445 1
4.5331 1
5.97231 1
9.01977 1
4.17863 1
0.836409 1
6.16705 1
3.65301 1
4.60225 1
4.93248 1
6.93256 1
6.59097 1
7.10118 1
4.03115 1
5.48877 1
4.37935 1
3.94533 1
-2.64083 1
9.39637 1
5.51778 1
3.36363 1
5.64495 1
2.98663 1
2.15169 1
13.3922 1
2.83513 1
5.45238 1
1.77242 1
2.12874 1
8.58851 1
14.5492 1
6.28947 1
6.93975 1
8.18611 1
6.31297 1
6.58788 1
5.56273 1
3.45113 1
5.26036 1
5.24707 1
8.1352 1
3.71198 1
7.2804 1
11.9195 1
3.42699 1
2.34422 1
5.01345 1
2.03902 1
3.11406 1
1.52212 1
2.94658 1
5.41504 1
7.26377 1
5.20242 1
3.26954 1
7.80207 1
5.73105 1
-1.86173 1
9.46217 1
3.69491 1
2.70587 1
5.97999 1
7.14287 1
4.90713 1
5.26148 1
4.41603 1
3.45535 1
6.01044 1
4.94899 1
3.25304 1
7.88641 1
6.96028 1
5.84818 1
2.92494 1
3.7751 1
6.86242 1
2.99319 1
14.8481 1
7.98514 1
5.55 1
6.86397 1
4.97361 1
9.43832 1
-2.97815 1
5.54124 1
3.42063 1
3.92177 1
5.7402 1
1.36971 1
4.52002 1
2.87021 1
4.92237 1
5.2205 1
9.14508 1
6.06549 1
4.47317 1
5.14111 1
6.75874 1
5.56564 1
4.50115 1
-2.75565 1
5.48774 1
5.37942 1
7.60801 1
9.20388 1
4.72943 1
4.86518 1
5.04502 1
6.21062 1
2.66067 1
5.5472 1
3.60873 1
1.91873 1
-2.30712 1
6.50958 1
7.54329 1
-2.73468 1
5.80351 1
4.84579 1
7.37242 1
1.12522 1
0.0233358 1
0.012504 1
10.4404 1
3.32957 1
4.31796 1
5.78681 1
5.56499 1
3.84023 1
0.46649 1
6.89508 1
5.41774 1
2.39943 1
8.9958 1
9.01387 1
10.2847 1
6.07265 1
7.15522 1
8.43282 1
7.45338 1
9.30653 1
6.40969 1
8.25501 1
4.55839 1
-1.56333 1
13.7445 1
2.72094 1
5.10966 1
3.32916 1
6.84916 1
6.29906 1
12.229 1
5.74952 1
8.32689 1
5.686 1
3.55072 1
2.6545 1
6.09649 1
6.46574 1
12.7791 1
4.67843 1
1.87357 1
6.60655 1
2.04301 1
5.662 1
5.03616 1
3.84143 1
2.99857 1
12.0148 1
3.25539 1
3.81336 1
5.89243 1
6.19087 1
3.43021 1
2.80821 1
6.66001 1
4.78935 1
3.80994 1
6.04352 1
0.702376 1
1.78489 1
4.44095 1
0.829034 1
5.2253 1
6.00755 1
6.78773 1
5.94727 1
11.1642 1
8.28745 1
5.08416 1
9.52018 1
7.06287 1
0.795353 1
-1.6698 1
3.27468 1
3.85666 1
2.81862 1
5.40645 1
9.65804 1
6.64919 1
1.88159 1
-0.0409641 1
9.63547 1
-2.16387 1
9.9353 1
6.11507 1
6.13522 1
0.674369 1
1.93939 1
0.516124 1
1.24776 1
2.41315 1
10.9623 1
14.0774 1
12.5648 1
6.39609 1
8.07989 1
7.06013 1
6.37554 1
3.49611 1
-3.08169 1
3.34518 1
5.70823 1
3.94149 1
3.03018 1
4.87461 1
10.7982 1
7.71619 1
10.2962 1
6.21144 1
5.98176 1
5.04311 1
4.32494 1
7.51347 1
4.2349 1
5.91294 1
8.55943 1
10.9055 1
4.0114 1
7.05619 1
8.55953 1
3.45461 1
4.71621 1
2.07272 1
6.44246 1
2.88658 1
4.52776 1
4.8758 1
2.33611 1
3.80067 1
4.87419 1
6.18403 1
9.60057 1
-3.84151 1
5.33014 1
4.93007 1
4.86376 1
5.97204 1
5.29991 1
6.9619 1
4.25894 1
5.84925 1
5.50993 1
4.31963 1
-3.38964 1
1.54335 1
9.70622 1
-3.81899 1
5.87952 1
0.625727 1
4.52927 1
5.26737 1
4.09991 1
6.68262 1
1.84606 1
4.53635 1
7.38446 1
4.59854 1
1.29185 1
10.7797 1
5.5412 1
3.72809 1
12.7759 1
8.20207 1
5.95682 1
10.3824 1
6.46087 1
4.41751 1
5.18828 1
6.4569 1
4.89028 1
7.45587 1
7.06379 1
3.66295 1
4.96634 1
9.78614 1
2.92417 1
-3.83349 1
-1.08072 1
4.11063 1
5.09584 1
7.97524 1
7.17569 1
1.42578 1
6.22782 1
-2.31777 1
6.5728 1
9.50853 1
9.21214 1
0.0967259 1
7.84959 1
3.57113 1
4.35834 1
5.64398 1
5.40162 1
0.965514 1
3.51049 1
3.00329 1
6.88913 1
1.06395 1
7.09477 1
5.17344 1
6.15624 1
9.10861 1
5.78202 1
4.16858 1
6.79135 1
1.77085 1
3.68748 1
13.961 1
6.72484 1
1.33557 1
6.55692 1
5.22969 1
6.75068 1
4.2126 1
-3.03156 1
10.4644 1
9.40235 1
8.61849 1
3.10884 1
8.671 1
-2.28124 1
4.02087 1
3.74676 1
4.86155 1
12.4658 1
5.40007 1
5.28867 1
11.1626 1
0.708746 1
14.2074 1
7.37413 1
3.4149 1
4.82976 1
7.81702 1
-0.0861369 1
-2.57985 1
6.2427 1
6.66442 1
4.72776 1
5.2201 1
6.46155 1
2.96673 1
4.97944 1
7.02905 1
11.6313 1
1.00124 1
4.05899 1
-2.018 1
6.88115 1
3.04592 1
2.15055 1
-1.84605 1
7.53612 1
7.48856 1
2.47083 1
5.10576 1
8.83343 1
1.81136 1
9.6486 1
1.31788 1
1.48774 1
5.29197 1
6.13625 1
2.34566 1
10.5649 1
6.54729 1
6.80292 1
5.96703 1
8.06029 1
6.68581 1
4.50289 1
8.25888 1
6.83275 1
6.42861 1
11.1501 1
9.85541 1
6.42981 1
3.03197 1
9.95927 1
5.75323 1
7.9954 1
4.03308 1
8.43415 1
5.09737 1
6.39696 1
9.10993 1
5.16649 1
5.10248 1
6.92654 1
14.2579 1
1.77333 1
3.10161 1
3.84507 1
11.9642 1
6.02997 1
2.0959 1
1.93151 1
3.02302 1
1.64551 1
11.6745 1
2.58878 1
5.41628 1
6.75458 1
5.78962 1
3.66902 1
8.15717 1
6.08724 1
1.95683 1
4.18526 1
5.74985 1
8.28211 1
8.18138 1
10.414 1
4.9255 1
7.72254 1
3.50468 1
2.52713 1
-0.0652672 1
9.05518 1
10.0102 1
4.80649 1
7.0188 1
4.622 1
8.12258 1
2.44931 1
10.3983 1
10.3505 1
10.0675 1
3.42566 1
4.19481 1
4.0978 1
-1.0781 1
-1.00122 1
13.0548 1
1.15981 1
5.99224 1
-0.917254 1
3.69989 1
2.92456 1
4.10878 1
3.6956 1
3.80585 1
8.12844 1
4.94808 1
4.75173 1
5.54899 1
-0.358677 1
4.75613 1
3.05366 1
2.51641 1
6.78541 1
11.3261 1
14.4738 1
11.1451 1
-2.55539 1
9.12337 1
3.69885 1
1.44679 1
-4.33035 1
5.4625 1
4.93844 1
6.9286 1
7.26193 1
7.8699 1
-1.53508 1
9.32939 1
4.96692 1
0.967345 1
5.05758 1
7.79992 1
12.8523 1
5.63554 1
9.21336 1
9.08166 1
6.40771 1
9.76704 1
5.88024 1
2.23059 1
4.66558 1
3.93408 1
3.88614 1
7.02795 1
9.65401 1
7.28498 1
-1.0764 1
4.8844 1
2.6085 1
4.4311 1
4.81059 1
9.61385 1
1.24317 1
2.2735 1
4.26355 1
4.84669 1
12.5455 1
8.69455 1
6.21082 1
3.29516 1
1.38603 1
-0.868146 1
11.0239 1
9.1775 1
6.91034 1
2.53929 1
5.59444 1
2.67716 1
13.2733 1
4.93502 1
-3.40615 1
1.05064 1
12.4233 1
5.28072 1
1.46141 1
3.86283 1
1.17603 1
9.22485 1
3.41399 1
7.01478 1
2.57726 1
6.53239 1
8.93408 1
8.37745 1
2.90957 1
10.6042 1
4.52252 1
6.84655 1
9.63246 1
6.25925 1
6.1163 1
4.72635 1
5.87002 1
7.9285 1
4.00123 1
8.19636 1
3.34897 1
5.50603 1
10.1142 1
-3.7293 1
-4.36834 1
5.30496 1
1.43139 1
2.89344 1
2.68825 1
6.54293 1
13.6843 1
6.09895 1
5.88986 1
2.71113 1
6.05893 1
8.09644 1
-1.0661 1
4.68503 1
-4.0331 1
13.0861 1
-3.02198 1
7.02049 1
10.1489 1
6.5155 1
-2.37313 1
9.25977 1
7.0227 1
9.84636 1
6.23298 1
6.24359 1
5.96479 1
4.16384 1
-3.15815 1
9.33263 1
5.63525 1
6.15096 1
-3.0414 1
5.4299 1
3.99076 1
7.2941 1
5.29649 1
5.50794 1
-2.41423 1
3.98841 1
10.3072 1
4.59088 1
4.35749 1
6.30134 1
2.09458 1
9.79265 1
5.75813 1
5.80392 1
4.25675 1
4.19507 1
4.21977 1
6.00606 1
5.2345 1
5.1143 1
6.34567 1
7.50254 1
5.4545 1
5.24873 1
4.23853 1
12.7793 1
4.23827 1
4.09495 1
2.697 1
9.86988 1
4.08629 1
9.0186 1
9.08997 1
4.38042 1
6.0967 1
13.7317 1
5.21351 1
3.59851 1
1.82527 1
4.62484 1
3.19122 1
0.336907 1
2.08814 1
7.20384 1
3.28463 1
3.81784 1
6.59825 1
4.48318 1
6.76751 1
8.87678 1
4.33473 1
11.4771 1
3.87738 1
-0.323188 1
1.30818 1
5.12474 1
0.942211 1
5.23462 1
2.31426 1
5.5977 1
5.94969 1
5.46517 1
6.55201 1
4.92749 1
4.32904 1
6.10174 1
3.68841 1
6.76776 1
5.7173 1
3.84099 1
5.53394 1
6.8468 1
2.66762 1
1.71554 1
5.05114 1
5.6208 1
-0.345859 1
10.2522 1
1.16898 1
5.89243 1
8.59569 1
5.79056 1
9.46477 1
7.16865 1
7.89799 1
7.26822 1
4.07985 1
6.71992 1
5.81207 1
1.11413 1
4.39353 1
13.246 1
8.4347 1
6.93692 1
5.32347 1
4.42631 1
1.8621 1
9.27769 1
2.77917 1
2.14761 1
6.41751 1
3.69559 1
10.0188 1
7.12698 1
0.503622 1
-2.85514 1
7.25959 1
13.4676 1
4.59803 1
5.21205 1
7.59234 1
7.26109 1
9.72904 1
2.02021 1
12.4635 1
10.9658 1
4.92197 1
9.3724 1
11.8009 1
9.31337 1
4.91121 1
4.34386 1
6.43027 1
8.29201 1
7.60472 1
2.38494 1
5.0873 1
-0.366558 1
-4.43447 1
1.31251 1
12.6565 1
7.32248 1
5.4033 1
6.68939 1
6.42593 1
-2.01858 1
3.41936 1
2.64911 1
8.97194 1
10.8048 1
-0.487589 1
6.7661 1
7.22383 1
3.73088 1
4.48283 1
10.1405 1
5.22763 1
2.01583 1
5.51981 1
3.53222 1
5.80844 1
3.16822 1
2.74695 1
3.68428 1
8.31533 1
0.380795 1
4.28966 1
11.1276 1
3.72415 1
5.68392 1
0.799956 1
6.02564 1
5.53839 1
5.94066 1
4.9253 1
5.43046 1
0.148687 1
3.64987 1
2.84374 1
1.98157 1
1.56899 1
4.82664 1
3.64192 1
2.05203 1
3.54291 1
6.45293 1
3.55183 1
11.1453 1
5.45414 1
11.7268 1
3.33301 1
3.06709 1
-0.0101469 1
5.35003 1
3.87062 1
5.62318 1
6.30802 1
3.21783 1
7.22747 1
3.30018 1
5.91135 1
6.99698 1
7.87358 1
3.62838 1
5.56616 1
2.84076 1
5.20345 1
5.81475 1
7.281 1
9.83644 1
-3.183 1
2.52742 1
4.9976 1
5.04837 1
4.32444 1
5.05328 1
5.27792 1
5.44475 1
7.02294 1
9.40893 1
5.55904 1
7.02932 1
1.12649 1
2.32366 1
4.77534 1
5.58508 1
6.458 1
5.83416 1
5.45482 1
5.76431 1
8.18749 1
10.988 1
3.19209 1
7.11791 1
1.39964 1
12.5353 1
4.06404 1
1.79058 1
9.94198 1
6.18996 1
5.2902 1
5.31047 1
6.2012 1
4.77334 1
4.82826 1
6.50404 1
7.32241 1
4.36063 1
4.0499 1
9.12753 1
3.19512 1
9.58501 1
6.67018 1
1.69199 1
11.0281 1
5.48873 1
3.11113 1
-1.11701 1
-0.225762 1
7.20945 1
5.45949 1
9.77841 1
5.43167 1
4.77167 1
5.57963 1
-3.73263 1
4.8952 1
14.1157 1
5.72194 1
5.0554 1
3.72111 1
-1.34117 1
4.97496 1
-0.0604348 1
8.77207 1
5.42764 1
3.80176 1
5.16768 1
7.78265 1
5.57893 1
3.86011 1
4.9322 1
7.10924 1
4.50662 1
13.2858 1
5.08298 1
-1.74005 1
3.40612 1
5.65523 1
6.71746 1
-4.24593 1
8.06727 1
4.63133 1
5.57113 1
0.715426 1
5.10581 1
6.8516 1
1.9037 1
7.75163 1
3.47874 1
0.92824 1
8.82293 1
5.44105 1
7.52191 1
2.61578 1
6.76286 1
7.91199 1
3.65001 1
9.01816 1
4.6561 1
7.54832 1
0.999826 1
6.13765 1
4.82993 1
5.78832 1
4.29281 1
6.24774 1
6.50489 1
4.40709 1
1.93807 1
6.68291 1
7.60989 1
6.27662 1
4.62063 1
9.3802 1
8.65768 1
2.64542 1
5.54078 1
12.1492 1
6.69183 1
12.7138 1
5.08388 1
5.81742 1
5.15489 1
8.20856 1
6.15384 1
4.4367 1
6.43997 1
-2.68945 1
8.5936 1
5.82858 1
4.46092 1
-2.61061 1
7.4719 1
5.80972 1
13.2855 1
5.00962 1
3.782 1
4.48804 1
4.06345 1
1.18413 1
-0.916876 1
6.64342 1
11.0048 1
9.42383 1
3.49149 1
12.726 1
6.33027 1
7.40441 1
6.44904 1
6.78399 1
14.6669 1
10.6419 1
4.0779 1
4.95591 1
8.80638 1
5.1286 1
2.06684 1
4.14733 1
5.95621 1
7.19961 1
3.68371 1
10.8517 1
8.03106 1
5.08473 1
4.99175 1
4.70095 1
12.925 1
2.71545 1
0.184118 1
6.59771 1
5.87005 1
1.91882 1
5.75044 1
-0.547087 1
4.01676 1
4.63995 1
10.0897 1
7.34605 1
1.51596 1
6.38814 1
7.89193 1
1.44925 1
5.27215 1
5.37355 1
-0.680053 1
4.21801 1
3.7864 1
7.14169 1
3.96826 1
4.18216 1
5.52851 1
9.00147 1
1.70752 1
5.1151 1
8.54819 1
5.56122 1
9.88639 1
-0.469764 1
6.62844 1
6.79291 1
5.70127 1
3.10802 1
8.14284 1
4.54222 1
1.2294 1
3.13598 1
3.53352 1
0.645488 1
4.73905 1
4.71802 1
13.6447 1
4.16298 1
10.4451 1
4.37749 1
9.13141 1
6.66559 1
-3.16318 1
3.73775 1
1.98461 1
4.66092 1
6.51478 1
6.25065 1
1.99048 1
0.533784 1
6.36327 1
6.45912 1
1.43113 1
8.48759 1
11.0801 1
9.60439 1
10.904 1
4.14414 1
-4.71167 1
4.06908 1
5.92144 1
3.37439 1
-3.91411 1
1.24791 1
4.58579 1
5.99047 1
4.12279 1
6.76649 1
6.03574 1
4.93957 1
4.70985 1
8.68099 1
5.12781 1
3.70793 1
6.80828 1
2.61406 1
6.45671 1
2.13462 1
5.8102 1
8.36427 1
-3.22247 1
5.86531 1
6.1384 1
5.06408 1
-2.59537 1
8.16296 1
11.9989 1
7.83746 1
4.07856 1
-1.38567 1
0.882529 1
-2.31174 1
2.94134 1
12.3428 1
4.94857 1
7.09494 1
12.1684 1
4.56559 1
4.05356 1
1.02879 1
2.41815 1
8.26936 1
5.03669 1
5.59616 1
4.50647 1
1.37252 1
5.31774 1
4.5082 1
3.84092 1
10.9416 1
7.50046 1
4.06432 1
1.24612 1
13.3069 1
3.08773 1
5.92154 1
4.61254 1
4.74815 1
3.97539 1
6.55862 1
4.99204 1
7.18673 1
5.38878 1
6.93667 1
5.58637 1
3.82555 1
6.47359 1
3.63797 1
6.35407 1
10.576 1
14.5935 1
1.06564 1
3.32917 1
10.0685 1
6.95204 1
4.2524 1
6.61351 1
6.37635 1
14.5431 1
0.96981 1
3.87555 1
4.77178 1
7.50166 1
6.6121 1
7.37992 1
9.772 1
4.89613 1
5.76248 1
7.14607 1
8.45052 1
5.81513 1
10.5128 1
9.57437 1
9.98312 1
3.22931 1
9.29905 1
8.16595 1
0.03982 1
4.84426 1
1.67246 1
6.73669 1
1.59829 1
10.2033 1
4.84099 1
6.89575 1
2.2098 1
10.6081 1
6.54274 1
6.16212 1
8.01856 1
1.50265 1
-4.60677 1
6.50618 1
4.72861 1
4.75813 1
3.72709 1
4.14701 1
4.46824 1
6.23687 1
1.89662 1
9.67017 1
4.18512 1
7.17999 1
8.78351 1
0.382438 1
4.69216 1
6.70396 1
5.39255 1
6.00186 1
2.12428 1
3.16069 1
7.96998 1
1.18566 1
6.76317 1
6.1251 1
4.74746 1
5.96001 1
3.95164 1
3.42329 1
10.2585 1
5.27337 1
3.19712 1
10.311 1
4.34445 1
1.99819 1
5.94166 1
8.36645 1
-3.76718 1
5.03228 1
6.48772 1
5.67214 1
7.04318 1
4.18115 1
4.35767 1
2.37149 1
7.44163 1
1.94978 1
8.75667 1
6.44918 1
8.29976 1
6.90584 1
4.45864 1
1.21195 1
8.1402 1
4.93686 1
13.3386 1
2.63583 1
3.37152 1
1.01237 1
7.77877 1
3.27378 1
4.31645 1
2.94455 1
3.98713 1
4.41567 1
3.08654 1
5.01363 1
6.03576 1
5.33166 1
1.14623 1
11.6368 1
1.70167 1
5.5212 1
1.68913 1
8.14204 1
-4.81276 1
3.30745 1
5.58658 1
3.99627 1
3.28902 1
6.03286 1
5.4666 1
8.79502 1
5.75436 1
7.00685 1
3.60598 1
3.16955 1
5.88257 1
4.8347 1
5.07413 1
6.2082 1
8.18089 1
5.03953 1
7.99183 1
1.24781 1
10.2554 1
-0.196555 1
4.68769 1
6.42471 1
6.34225 1
9.69654 1
4.45953 1
-2.86662 1
8.5145 1
14.6851 1
6.02002 1
6.95167 1
5.38378 1
3.64581 1
6.69443 1
11.0446 1
4.26477 1
13.9606 1
5.29586 1
5.35346 1
6.7382 1
3.98691 1
7.36755 1
3.69545 1
11.2398 1
4.97182 1
4.50688 1
10.7845 1
7.92687 1
7.17884 1
0.262924 1
0.715863 1
0.535623 1
3.11987 1
6.84457 1
8.74233 1
-1.57918 1
5.33623 1
6.46016 1
5.11222 1
-0.308293 1
-3.10547 1
5.03357 1
5.20216 1
6.28438 1
3.14414 1
12.2082 1
10.6271 1
7.39026 1
4.09552 1
6.86108 1
6.31736 1
10.8912 1
7.5699 1
4.86325 1
4.31567 1
7.88499 1
12.366 1
3.82167 1
10.5002 1
-1.30173 1
6.80132 1
1.0905 1
9.32139 1
4.04602 1
3.05306 1
3.88546 1
5.45838 1
5.7971 1
6.17019 1
6.23545 1
4.37908 1
-3.12563 1
-1.00783 1
4.16895 1
-0.430871 1
6.71937 1
8.17062 1
6.74077 1
-1.33848 1
4.61019 1
10.049 1
4.88189 1
6.48951 1
4.15277 1
0.588981 1
6.74816 1
7.83215 1
6.02178 1
4.53945 1
7.38997 1
2.62999 1
5.22861 1
5.83671 1
4.2668 1
-0.0199666 1
4.63095 1
4.01857 1
-0.0313895 1
4.79306 1
9.09587 1
9.57814 1
9.73663 1
6.22145 1
0.934684 1
1.25801 1
1.99202 1
7.39491 1
2.23898 1
5.92833 1
12.6477 1
5.62008 1
4.3457 1
5.80529 1
6.37076 1
3.75037 1
-1.01862 1
-1.95987 1
7.34436 1
7.6979 1
4.49143 1
2.82125 1
6.29288 1
5.34011 1
10.5679 1
11.8368 1
8.35844 1
5.72601 1
7.02163 1
4.95297 1
5.63187 1
3.60927 1
8.51808 1
2.29305 1
8.19108 1
11.1732 1
11.7671 1
-1.24624 1
3.80595 1
-1.65626 1
7.98655 1
6.13286 1
7.84658 1
7.61543 1
-4.70389 1
3.46587 1
4.79503 1
4.31893 1
5.73314 1
8.41215 1
6.63631 1
-1.47763 1
6.45513 1
1.96197 1
3.55685 1
3.96431 1
5.73571 1
2.90716 1
6.80295 1
5.93852 1
2.87437 1
8.35351 1
5.91262 1
-3.2263 1
4.56502 1
5.23241 1
5.6998 1
2.67234 1
6.95519 1
4.4813 1
2.66151 1
-1.2609 1
5.18902 1
0.0202242 1
7.90888 1
4.59651 1
6.619 1
5.02958 1
9.80467 1
-1.24892 1
4.03272 1
2.54761 1
3.84362 1
-1.90488 1
7.75543 1
5.68748 1
3.64655 1
5.13924 1
4.57105 1
4.48696 1
-0.948111 1
5.57429 1
4.39642 1
3.7946 1
5.57046 1
4.46371 1
2.28174 1
6.20043 1
0.980754 1
2.31099 1
4.56864 1
-1.97714 1
5.1842 1
5.5622 1
6.38873 1
3.58556 1
4.87825 1
4.9592 1
0.324144 1
4.39883 1
4.83069 1
5.23437 1
7.79255 1
3.95139 1
7.40001 1
5.32567 1
2.9199 1
7.82987 1
10.0398 1
12.754 1
2.48443 1
4.61959 1
-0.839441 1
-2.98813 1
4.44662 1
4.85602 1
8.72111 1
1.5773 1
7.81698 1
8.97031 1
8.59117 1
2.84789 1
5.12492 1
3.32418 1
11.7166 1
-1.2143 1
4.65474 1
9.5017 1
5.14227 1
7.88855 1
6.10657 1
12.1737 1
2.01572 1
1.65173 1
4.17017 1
5.36199 1
4.78692 1
8.08418 1
1.51768 1
2.9606 1
7.14268 1
12.5612 1
8.50264 1
5.71833 1
-1.0449 1
2.7189 1
4.54484 1
11.2804 1
2.55811 1
4.09939 1
13.8467 1
9.65284 1
9.5 1
5.11036 1
14.6791 1
7.58065 1
2.95014 1
12.3517 1
1.89318 1
4.7427 1
4.61607 1
4.77824 1
5.96772 1
5.12874 1
10.3967 1
-2.00043 1
0.815345 1
5.75212 1
7.78876 1
4.17989 1
-1.58933 1
6.6488 1
5.59003 1
2.66377 1
5.6937 1
8.03687 1
9.01819 1
6.31431 1
4.92438 1
7.93852 1
3.23644 1
5.34736 1
-0.756056 1
6.76057 1
1.89652 1
-0.0617319 1
1.18649 1
5.7787 1
6.24057 1
-1.37475 1
9.30333 1
7.54903 1
0.590279 1
2.21726 1
6.87744 1
4.7967 1
4.47843 1
9.30504 1
7.56899 1
1.92683 1
7.09466 1
5.73195 1
4.92559 1
7.47181 1
3.45957 1
6.06599 1
8.90257 1
9.49962 1
7.79569 1
6.44338 1
5.9708 1
2.67785 1
6.18544 1
5.07683 1
8.05741 1
5.62066 1
9.19507 1
1.34863 1
6.19606 1
7.20324 1
5.7248 1
3.83443 1
-2.38827 1
11.0479 1
10.5892 1
7.15827 1
5.6605 1
5.06667 1
1.81352 1
5.50453 1
5.70514 1
1.66105 1
6.52436 1
4.65647 1
5.55955 1
8.08756 1
5.87457 1
6.43906 1
6.32485 1
4.10338 1
3.58099 1
3.63288 1
4.07056 1
7.56702 1
4.66915 1
9.34702 1
7.21643 1
11.7777 1
2.75658 1
6.42602 1
4.88631 1
7.26801 1
2.35531 1
-4.73034 1
11.2055 1
5.44087 1
10.9695 1
5.35121 1
1.81878 1
5.31102 1
4.81894 1
3.61675 1
3.6379 1
7.46344 1
3.9302 1
5.51364 1
3.32784 1
1.90483 1
4.88032 1
5.1932 1
4.33242 1
2.3963 1
4.74855 1
11.4827 1
6.81912 1
5.24217 1
1.61836 1
4.25231 1
3.81558 1
4.85945 1
3.05896 1
9.555 1
3.82559 1
-1.56437 1
2.14532 1
9.10136 1
7.59234 1
2.45567 1
7.19057 1
6.56715 1
6.27837 1
5.19332 1
3.99742 1
2.92046 1
8.03552 1
1.88222 1
3.73894 1
9.27384 1
4.65168 1
4.56695 1
2.78987 1
7.45942 1
6.20045 1
4.75597 1
5.99158 1
4.97549 1
5.50925 1
6.52619 1
8.0309 1
13.3243 1
5.85743 1
5.26622 1
4.0754 1
5.47521 1
9.01663 1
8.19215 1
-2.08456 1
3.249 1
1.89927 1
-1.25066 1
6.874 1
7.31197 1
5.11649 1
6.06294 1
0.608044 1
-0.478268 1
6.92159 1
3.42696 1
7.52459 1
4.78106 1
-0.39818 1
6.8912 1
4.22192 1
5.65705 1
1.42885 1
12.9158 1
3.61707 1
4.7409 1
7.23587 1
1.89361 1
13.1912 1
6.56601 1
5.08867 1
4.02585 1
5.60566 1
2.80129 1
6.1371 1
-1.64567 1
5.98754 1
5.76165 1
5.69877 1
7.23488 1
10.4512 1
8.83333 1
3.76614 1
4.48829 1
8.43536 1
3.68216 1
-0.940639 1
4.65816 1
8.83999 1
5.42468 1
-0.520282 1
11.9726 1
5.58518 1
5.78961 1
2.58082 1
3.02122 1
3.86009 1
5.65088 1
-0.31046 1
6.1466 1
7.96257 1
4.64709 1
4.00092 1
12.0797 1
3.44542 1
5.64758 1
14.6536 1
6.35456 1
5.54042 1
1.399 1
7.53978 1
7.02445 1
12.5745 1
3.56584 1
7.76047 1
5.98259 1
0.69401 1
12.6877 1
10.6248 1
2.36481 1
8.86658 1
10.2283 1
10.8134 1
5.04945 1
1.78372 1
6.31169 1
5.50871 1
4.5232 1
8.55117 1
7.26821 1
10.9088 1
3.09309 1
8.82232 1
2.47156 1
5.98205 1
0.967783 1
5.13111 1
0.998223 1
0.346659 1
9.29645 1
-1.65931 1
3.40508 1
5.12869 1
0.225753 1
2.41245 1
6.73522 1
8.33374 1
1.75284 1
5.17533 1
5.62913 1
8.62713 1
3.67583 1
5.47016 1
4.52775 1
4.73978 1
5.84703 1
1.11009 1
5.62411 1
0.787331 1
4.71954 1
5.21734 1
7.61927 1
4.74156 1
7.17416 1
7.97263 1
5.41944 1
12.3774 1
4.49237 1
5.68714 1
6.50026 1
7.27382 1
6.18404 1
5.1309 1
5.75661 1
10.9238 1
-0.590675 1
3.51832 1
-0.606552 1
4.70494 1
-2.59886 1
4.99484 1
10.8462 1
5.9031 1
5.50859 1
8.71825 1
4.76735 1
7.49722 1
12.0296 1
-2.98083 1
6.78255 1
2.63673 1
8.24545 1
6.82318 1
2.14057 1
12.5711 1
7.08063 1
2.777 1
5.28359 1
7.67977 1
6.25002 1
11.009 1
3.64548 1
2.03701 1
1.10826 1
5.59017 1
3.22311 1
5.42727 1
2.44932 1
6.7779 1
5.55019 1
6.49024 1
4.64913 1
4.70883 1
8.09825 1
-4.33391 1
5.74397 1
1.82123 1
3.3916 1
-0.25403 1
4.09171 1
9.31653 1
12.1246 1
7.58874 1
5.43251 1
7.90536 1
2.31171 1
7.91068 1
14.3604 1
0.15534 1
6.02685 1
-1.4936 1
0.526659 1
4.16881 1
4.19198 1
11.05 1
13.0773 1
4.69235 1
7.58934 1
11.3568 1
4.33734 1
5.51486 1
9.94541 1
9.46905 1
3.56216 1
3.79215 1
2.32126 1
6.08926 1
5.2592 1
7.71514 1
-1.6733 1
6.90986 1
11.4651 1
5.35639 1
8.7832 1
6.66323 1
6.13899 1
1.99722 1
4.13175 1
7.17411 1
5.38476 1
3.50425 1
-0.0518696 1
2.05453 1
1.1877 1
3.07979 1
3.9143 1
3.63655 1
4.59325 1
5.29108 1
6.26396 1
2.31368 1
8.26932 1
3.10422 1
4.64224 1
4.64175 1
12.0139 1
4.46041 1
3.50227 1
7.85895 1
13.8373 1
3.23755 1
5.72454 1
6.0545 1
1.21203 1
-0.422548 1
4.41211 1
3.90639 1
2.20437 1
3.02504 1
9.33169 1
5.41026 1
3.69096 1
2.09215 1
2.7908 1
6.97667 1
4.13308 1
3.05705 1
3.69694 1
10.9464 1
4.76541 1
-0.937164 1
2.1287 1
-0.995194 1
4.74369 1
4.19734 1
-1.6677 1
5.06787 1
1.50119 1
6.50869 1
6.75379 1
3.29869 1
1.5469 1
-0.499618 1
7.4329 1
1.73048 1
6.70128 1
5.71815 1
2.89017 1
7.60673 1
8.3157 1
5.67777 1
5.34562 1
5.97039 1
7.26191 1
2.81972 1
2.19472 1
1.80505 1
-0.707394 1
6.88497 1
13.8882 1
8.62528 1
3.08391 1
10.4636 1
0.236927 1
4.40266 1
-0.324169 1
5.50868 1
1.11995 1
7.92738 1
5.15042 1
-0.640905 1
11.3563 1
4.60375 1
4.0168 1
-0.373782 1
1.81468 1
6.84872 1
6.64007 1
6.82695 1
4.34788 1
10.15 1
13.4652 1
4.65717 1
8.42319 1
5.01012 1
6.72199 1
5.17741 1
-0.569378 1
6.20696 1
8.61349 1
2.46397 1
3.28078 1
5.15258 1
4.3783 1
5.87995 1
14.5361 1
7.69021 1
6.29763 1
7.44543 1
6.20123 1
5.97234 1
5.45908 1
7.12443 1
3.37186 1
6.08199 1
5.52192 1
7.51226 1
7.69061 1
4.82774 1
5.3623 1
3.28573 1
-0.829515 1
6.09771 1
7.81008 1
4.41965 1
3.37869 1
0.494422 1
10.0342 1
4.95227 1
9.47757 1
-2.81317 1
8.51556 1
-4.5764 1
5.09308 1
4.6497 1
1.87082 1
3.64856 1
3.49544 1
6.4861 1
3.94062 1
4.25506 1
-2.81299 1
5.7037 1
3.06846 1
6.58881 1
1.04306 1
-4.78951 1
8.75797 1
7.76543 1
3.78584 1
8.40898 1
6.69054 1
8.04507 1
-2.30887 1
4.3437 1
3.10624 1
0.122582 1
1.43015 1
1.57559 1
12.1374 1
2.76289 1
4.69014 1
13.6963 1
6.95088 1
6.54446 1
6.69645 1
7.36149 1
3.71611 1
1.72556 1
6.29086 1
6.04684 1
-0.181442 1
2.71969 1
6.98651 1
7.99163 1
7.13412 1
10.0133 1
4.25843 1
4.75517 1
-1.72477 1
9.44572 1
11.2389 1
6.50258 1
2.52609 1
0.83258 1
2.69442 1
6.01625 1
9.07167 1
4.83027 1
4.94089 1
6.50853 1
4.76136 1
12.5293 1
10.4246 1
4.09616 1
5.35557 1
7.29236 1
9.22221 1
10.1899 1
1.98092 1
11.2621 1
9.17904 1
6.3854 1
4.88841 1
5.04646 1
8.24487 1
3.53014 1
9.20257 1
-0.212898 1
6.94594 1
5.05454 1
11.0536 1
6.61098 1
4.74595 1
4.88667 1
9.36007 1
1.62968 1
1.23201 1
5.54138 1
6.75662 1
5.57086 1
8.16673 1
7.74101 1
2.20839 1
6.52725 1
7.38054 1
6.81872 1
7.08626 1
4.43612 1
5.72264 1
1.29254 1
8.01331 1
6.96903 1
7.88249 1
5.54513 1
7.42024 1
8.34185 1
10.2365 1
4.53683 1
7.0789 1
7.69869 1
2.46539 1
5.70784 1
-1.52098 1
2.95417 1
7.28078 1
6.61432 1
1.05999 1
6.12829 1
1.43 1
0.410963 1
13.1325 1
9.01688 1
11.0848 1
5.81936 1
4.67584 1
4.80258 1
8.96434 1
1.41245 1
8.42862 1
9.31481 1
5.01963 1
10.1481 1
1.86514 1
9.26909 1
6.14296 1
3.88038 1
7.87842 1
4.98735 1
5.6205 1
7.08349 1
5.16366 1
13.0971 1
2.34752 1
7.46314 1
7.68239 1
9.85549 1
3.45286 1
6.25838 1
8.23117 1
4.93767 1
13.3693 1
7.13243 1
-0.339345 1
4.41502 1
-1.42243 1
7.87006 1
5.08768 1
7.38616 1
0.679789 1
3.29142 1
3.57615 1
8.5682 1
3.03874 1
13.9931 1
7.80474 1
9.99828 1
4.7061 1
3.64297 1
6.35376 1
6.17158 1
5.27651 1
5.76259 1
2.31141 1
5.62189 1
5.00069 1
-1.16269 1
14.8355 1
9.51951 1
9.08305 1
4.93629 1
2.80051 1
5.44738 1
1.26155 1
5.2842 1
8.33085 1
9.07829 1
8.38042 1
12.6641 1
4.50556 1
7.16305 1
7.98376 1
5.74318 1
8.02264 1
6.71717 1
6.56123 1
4.41684 1
9.9162 1
12.8751 1
7.55184 1
8.59117 1
11.54 1
11.4931 1
4.26433 1
6.78195 1
6.82265 1
1.71816 1
-0.165344 1
4.66446 1
12.4009 1
5.4108 1
6.17337 1
7.09299 1
6.35972 1
5.41909 1
5.67098 1
4.33086 1
-2.28862 1
0.463121 1
3.43036 1
10.2861 1
-1.7088 1
5.59815 1
8.18517 1
13.9653 1
3.68054 1
10.3955 1
6.49829 1
10.107 1
2.93974 1
1.17223 1
6.91752 1
3.34483 1
3.68024 1
11.7798 1
5.93212 1
6.73315 1
4.66849 1
8.28544 1
5.31861 1
11.6696 1
6.46124 1
2.05759 1
7.99589 1
3.90911 1
0.289893 1
6.68949 1
2.40303 1
1.18603 1
4.67571 1
6.35932 1
2.87899 1
5.097 1
5.12627 1
0.78714 1
6.09727 1
10.9883 1
5.37055 1
7.13654 1
7.97699 1
-3.17462 1
6.89654 1
14.2254 1
1.48388 1
5.09156 1
5.04962 1
6.02353 1
6.35401 1
5.36497 1
9.95596 1
9.57039 1
1.49473 1
0.79896 1
6.6294 1
6.03995 1
1.58029 1
2.54231 1
3.17557 1
6.27654 1
4.67637 1
6.96069 1
6.76332 1
10.1775 1
1.49101 1
7.96235 1
3.95151 1
2.94305 1
3.70538 1
5.95 1
2.65505 1
5.63588 1
2.96698 1
3.31614 1
13.2231 1
5.45375 1
6.20129 1
-2.91061 1
7.21171 1
6.17684 1
4.99747 1
8.963 1
5.70884 1
3.66906 1
6.09324 1
-3.40681 1
11.3508 1
4.83065 1
2.88726 1
7.28914 1
2.54884 1
2.56172 1
-4.17475 1
6.77269 1
4.59851 1
-0.333147 1
13.9093 1
5.19263 1
6.27725 1
9.41433 1
3.5796 1
4.14284 1
5.93176 1
7.67789 1
4.2791 1
9.97237 1
2.65805 1
4.10951 1
6.62456 1
2.79451 1
6.61031 1
6.41503 1
5.14631 1
11.4442 1
6.17276 1
2.84672 1
4.16698 1
4.34561 1
3.3911 1
12.4111 1
2.07889 1
8.74632 1
6.05701 1
7.1353 1
1.73283 1
4.8705 1
5.62962 1
4.17219 1
7.94928 1
3.01501 1
3.92495 1
2.71685 1
10.5415 1
3.82976 1
7.51212 1
0.391264 1
10.6261 1
-4.69383 1
8.32384 1
5.73015 1
7.33668 1
6.94483 1
1.96467 1
8.87194 1
7.01809 1
14.6355 1
7.99709 1
8.02869 1
3.24638 1
0.871401 1
-0.742661 1
5.11976 1
7.70278 1
4.20697 1
2.90528 1
6.04718 1
6.61355 1
6.05786 1
5.93807 1
3.35477 1
7.24061 1
4.6148 1
5.66184 1
10.7132 1
5.0605 1
9.13067 1
-0.818773 1
2.09507 1
7.36962 1
4.72624 1
0.867686 1
8.11637 1
4.48224 1
8.16568 1
6.50557 1
1.72153 1
8.31822 1
6.01451 1
5.00167 1
9.05317 1
7.53338 1
1.94695 1
9.17589 1
4.26928 1
6.45827 1
-0.960436 1
7.54984 1
5.94401 1
-2.21194 1
5.84227 1
-4.17678 1
3.80635 1
4.67942 1
5.15992 1
8.58449 1
5.54729 1
6.02111 1
5.43337 1
12.1482 1
5.36853 1
3.99919 1
6.43718 1
5.17377 1
4.51303 1
1.11164 1
4.7552 1
7.09393 1
12.1826 1
5.14843 1
8.32284 1
7.8895 1
5.46726 1
-4.67365 1
5.58409 1
6.8713 1
3.47043 1
3.75691 1
2.97452 1
6.06718 1
10.3966 1
6.03534 1
8.40745 1
0.789603 1
4.55239 1
7.36114 1
6.0506 1
0.259492 1
3.55062 1
6.25136 1
7.69539 1
6.55433 1
1.16275 1
2.97351 1
5.08967 1
5.92811 1
5.69079 1
3.37711 1
6.04679 1
7.52153 1
6.76546 1
-1.43193 1
6.45027 1
0.41047 1
5.89065 1
8.28801 1
5.88237 1
0.977727 1
1.90321 1
6.80712 1
8.0688 1
3.70774 1
1.76925 1
4.55854 1
2.47105 1
3.94861 1
12.1791 1
6.20084 1
6.9577 1
5.6761 1
6.2449 1
10.4381 1
6.89483 1
2.62792 1
6.478 1
0.798603 1
6.04883 1
6.15889 1
4.99131 1
5.26657 1
6.52885 1
6.34084 1
9.4378 1
6.57467 1
3.86386 1
6.51459 1
5.80936 1
8.55165 1
6.87878 1
6.15128 1
10.3001 1
6.6955 1
3.10555 1
-4.28328 1
5.09293 1
7.34706 1
3.99636 1
4.19208 1
5.51279 1
9.53712 1
10.5332 1
2.16425 1
3.4958 1
3.16476 1
6.98899 1
2.58629 1
2.59487 1
5.29482 1
5.81624 1
6.80447 1
11.5299 1
4.30023 1
6.74188 1
8.2789 1
7.19892 1
4.08369 1
7.44629 1
4.44538 1
1.80108 1
2.41775 1
5.40372 1
8.80069 1
2.68402 1
4.98528 1
-2.83638 1
0.535117 1
10.3882 1
4.58508 1
9.24533 1
3.84664 1
6.1032 1
13.0536 1
4.5339 1
6.70437 1
6.61929 1
7.74203 1
6.60027 1
5.82882 1
1.34343 1
6.9166 1
1.56765 1
11.5743 1
3.5421 1
-1.17277 1
13.9627 1
8.28507 1
9.67585 1
-3.35039 1
6.86606 1
2.82967 1
3.59171 1
3.14538 1
1.49657 1
5.61695 1
0.150264 1
4.42876 1
1.85603 1
7.87358 1
8.93479 1
4.68917 1
6.04157 1
4.11874 1
5.60499 1
6.96363 1
4.03263 1
9.31832 1
8.6796 1
4.95588 1
2.35875 1
4.48548 1
5.20152 1
3.14912 1
2.8582 1
5.19548 1
1.99183 1
0.437176 1
5.87651 1
5.11978 1
3.22607 1
6.00621 1
5.32609 1
6.92279 1
5.70736 1
5.17494 1
3.13208 1
6.43778 1
6.02427 1
6.47131 1
6.25104 1
-2.00925 1
4.16599 1
10.4167 1
6.14115 1
6.49859 1
5.44586 1
-0.680266 1
4.51498 1
5.24966 1
8.50507 1
7.20557 1
5.93847 1
5.89144 1
-2.66759 1
4.08846 1
11.8482 1
9.0381 1
-0.388699 1
-2.88617 1
5.98485 1
5.03113 1
6.31348 1
13.971 1
3.49236 1
7.32979 1
5.83428 1
2.04809 1
5.46164 1
4.89872 1
4.53419 1
0.957845 1
2.29052 1
4.87194 1
4.52299 1
4.36767 1
3.91217 1
4.4582 1
3.80864 1
8.11488 1
5.98975 1
5.10984 1
5.78442 1
4.32114 1
8.75059 1
1.63326 1
9.94625 1
3.34755 1
8.30033 1
5.15956 1
8.90568 1
4.51459 1
4.20442 1
4.30117 1
4.212 1
3.82368 1
5.13452 1
-1.35827 1
6.11539 1
9.40818 1
3.735 1
6.34348 1
5.62707 1
4.62408 1
5.59102 1
3.04991 1
1.49673 1
-3.21594 1
1.2864 1
2.59788 1
7.77426 1
-2.21329 1
2.74327 1
4.83415 1
6.07475 1
13.1822 1
10.3969 1
5.54851 1
3.82086 1
12.8916 1
-1.14953 1
4.151 1
5.82646 1
4.57892 1
-0.298374 1
13.7425 1
1.89788 1
12.2709 1
7.0541 1
6.18211 1
1.69856 1
5.8278 1
6.36078 1
6.42367 1
3.89576 1
2.41461 1
8.33826 1
5.7139 1
4.79089 1
3.78602 1
7.36058 1
1.98152 1
-4.25751 1
5.42144 1
4.51213 1
5.20091 1
0.135899 1
4.04722 1
5.71311 1
7.00158 1
6.02473 1
8.7503 1
7.32215 1
-2.13469 1
0.986552 1
5.54226 1
6.19308 1
5.15323 1
-0.763601 1
11.6235 1
4.49588 1
10.9778 1
8.45242 1
3.7451 1
5.797 1
6.79109 1
6.80674 1
6.54502 1
5.16444 1
7.6561 1
4.90379 1
4.8542 1
2.3189 1
4.08821 1
2.91316 1
-2.79914 1
5.83264 1
0.0869285 1
2.80192 1
4.84916 1
4.22943 1
6.96288 1
4.03766 1
7.12374 1
3.35344 1
9.98425 1
7.37939 1
5.36241 1
5.83713 1
6.28701 1
5.24932 1
3.48986 1
3.27608 1
4.79279 1
-4.54687 1
4.5235 1
2.94167 1
8.91537 1
3.14094 1
8.58739 1
2.06511 1
2.3437 1
12.6201 1
11.7936 1
8.30618 1
6.66192 1
2.61157 1
12.4394 1
0.322397 1
2.34561 1
6.12954 1
7.51401 1
1.82112 1
-0.7271 1
6.04047 1
2.57137 1
0.824268 1
3.62295 1
1.78343 1
9.4405 1
5.9611 1
3.47528 1
8.00248 1
5.46681 1
4.31682 1
3.82166 1
8.81034 1
3.64545 1
8.18109 1
5.07338 1
5.64659 1
12.8202 1
9.00434 1
4.42382 1
4.40012 1
4.95761 1
11.6856 1
6.01395 1
2.52081 1
6.7463 1
-4.34693 1
7.53 1
-0.937895 1
5.69166 1
6.31858 1
5.98881 1
2.99523 1
4.95002 1
1.89591 1
9.90459 1
4.69084 1
2.58844 1
4.16734 1
7.59812 1
0.920619 1
8.56924 1
1.96159 1
3.93224 1
4.49219 1
7.18468 1
-0.433997 1
-1.89103 1
2.26552 1
7.23046 1
14.6425 1
2.65114 1
7.63676 1
4.30192 1
7.00794 1
4.90162 1
8.83409 1
8.53754 1
3.17816 1
4.34396 1
5.35301 1
12.2452 1
10.2275 1
4.5604 1
3.97793 1
5.42641 1
3.69624 1
6.54926 1
-2.54814 1
3.37169 1
5.70707 1
4.79056 1
7.55851 1
7.06607 1
6.05171 1
7.76106 1
6.03874 1
6.44273 1
8.44584 1
5.74836 1
5.63229 1
12.8376 1
5.78051 1
6.01596 1
5.31397 1
5.83238 1
1.03535 1
2.96138 1
5.12535 1
5.75645 1
4.55668 1
2.51744 1
5.90475 1
6.11581 1
5.57977 1
12.9657 1
5.63749 1
8.65187 1
4.37239 1
4.71025 1
1.93274 1
-0.417186 1
3.64455 1
12.7718 1
7.27122 1
5.73007 1
10.0655 1
6.84382 1
8.11217 1
0.646989 1
5.31027 1
4.17421 1
4.00543 1
4.13098 1
6.92581 1
7.20805 1
5.78467 1
5.51352 1
-4.79343 1
7.64425 1
4.81251 1
4.20556 1
4.34707 1
0.608 1
9.03177 1
5.68974 1
10.0433 1
-1.06564 1
3.61759 1
4.93611 1
5.49624 1
4.4738 1
4.82121 1
11.0828 1
2.88119 1
2.0849 1
6.18317 1
5.32138 1
4.43656 1
6.83826 1
6.85541 1
4.41601 1
6.25784 1
5.3931 1
7.46194 1
7.23986 1
2.99638 1
5.61118 1
0.790899 1
6.67348 1
6.07713 1
2.27584 1
4.9908 1
10.3682 1
3.14968 1
8.18551 1
6.37518 1
5.56252 1
10.7101 1
10.4075 1
5.08804 1
4.19815 1
9.31693 1
6.09569 1
9.44252 1
5.9598 1
6.84766 1
5.06882 1
6.03577 1
2.808 1
6.71201 1
5.989 1
4.69918 1
6.90167 1
4.19295 1
11.7946 1
10.9689 1
5.37478 1
7.50643 1
2.65066 1
3.16162 1
6.91721 1
5.08714 1
4.94952 1
1.92896 1
8.73995 1
7.10366 1
8.07711 1
2.09083 1
5.06825 1
-2.95331 1
2.95349 1
10.8692 1
5.52294 1
10.2839 1
2.74373 1
0.946645 1
5.60065 1
2.29954 1
4.52588 1
6.14655 1
7.01714 1
4.64052 1
11.3655 1
7.48264 1
1.66024 1
12.0436 1
5.64558 1
2.68656 1
3.01752 1
8.33791 1
5.36355 1
3.60913 1
4.78686 1
7.87474 1
0.556563 1
4.86621 1
0.231542 1
5.62466 1
0.689088 1
2.90022 1
2.18456 1
1.81842 1
4.74472 1
7.33321 1
4.5853 1
6.62581 1
6.93728 1
1.03922 1
9.23439 1
6.11568 1
5.52332 1
3.24899 1
0.198671 1
8.97167 1
6.81413 1
7.46389 1
9.37221 1
4.21007 1
5.39207 1
10.8477 1
6.73192 1
3.70767 1
1.66841 1
8.42084 1
7.43317 1
4.33674 1
-1.34177 1
0.664252 1
7.69705 1
6.74032 1
10.4236 1
6.25461 1
7.85945 1
6.76149 1
7.03821 1
6.21082 1
1.77661 1
2.754 1
10.3435 1
1.22759 1
8.17965 1
9.34884 1
5.89876 1
7.00885 1
6.96576 1
7.21932 1
4.0186 1
8.48069 1
-0.807753 1
3.90721 1
6.03141 1
2.80295 1
5.4752 1
6.28267 1
11.0486 1
6.68204 1
4.23836 1
3.80819 1
6.81117 1
6.45187 1
-0.52963 1
1.75338 1
5.76124 1
3.59047 1
1.94154 1
4.58817 1
13.3176 1
7.1642 1
3.4611 1
4.26045 1
5.64987 1
6.87792 1
5.6641 1
7.64622 1
7.44393 1
4.06554 1
9.50324 1
11.3433 1
5.18329 1
5.43945 1
4.64808 1
7.53345 1
13.2051 1
8.34486 1
5.45455 1
2.6647 1
8.40341 1
1.75642 1
6.73411 1
6.48525 1
4.36436 1
13.4015 1
6.60813 1
3.98816 1
5.99454 1
4.85159 1
5.31638 1
-1.13491 1
5.43595 1
7.52318 1
6.26183 1
2.72352 1
8.59869 1
5.44962 1
6.69424 1
3.34986 1
6.96641 1
4.20774 1
4.43828 1
2.86022 1
11.8302 1
1.0818 1
4.88904 1
4.5461 1
8.47283 1
4.29398 1
5.4668 1
4.55283 1
3.79174 1
5.48152 1
4.60703 1
3.02437 1
3.42318 1
8.50549 1
7.89344 1
3.76843 1
0.245602 1
5.24096 1
1.76288 1
9.38364 1
0.758643 1
4.5937 1
3.81791 1
2.27037 1
2.69186 1
11.2922 1
2.69034 1
-2.4071 1
5.48399 1
-0.800333 1
6.61362 1
7.48134 1
0.462765 1
4.00076 1
6.48647 1
8.11248 1
1.1766 1
5.71831 1
2.38096 1
3.93993 1
8.23174 1
6.55896 1
5.44719 1
5.65346 1
5.11869 1
10.5478 1
-2.81389 1
7.14118 1
3.98437 1
3.75044 1
7.03385 1
4.67411 1
6.67016 1
2.01882 1
6.53725 1
5.93925 1
5.02894 1
2.29355 1
5.42927 1
5.55562 1
10.8414 1
7.08686 1
8.21711 1
-1.38338 1
5.46638 1
5.30511 1
14.34 1
11.0686 1
6.68753 1
6.91847 1
7.20986 1
9.17502 1
4.29659 1
1.1819 1
2.97807 1
5.65278 1
3.19686 1
-3.07063 1
3.13118 1
2.90261 1
13.2383 1
6.18569 1
4.69414 1
5.66897 1
4.34191 1
13.8989 1
4.42479 1
2.52504 1
5.86469 1
4.00515 1
9.06589 1
7.52848 1
6.87724 1
5.76904 1
5.96377 1
7.06563 1
5.4304 1
2.15087 1
5.37378 1
9.93573 1
3.67613 1
4.28236 1
2.87118 1
-2.38025 1
7.11227 1
9.33085 1
4.20155 1
5.80292 1
3.85605 1
1.17945 1
6.75671 1
-0.953218 1
2.86357 1
7.95186 1
6.67624 1
5.75202 1
5.45152 1
6.50366 1
7.98954 1
8.56264 1
12.7037 1
12.5579 1
11.3199 1
4.29806 1
2.98408 1
4.26028 1
6.50577 1
4.59612 1
1.66395 1
6.99264 1
0.182724 1
-3.07026 1
11.7681 1
3.17889 1
7.54029 1
0.809649 1
4.71152 1
7.97895 1
5.37594 1
2.93246 1
6.24265 1
2.80751 1
2.14691 1
8.92588 1
8.8383 1
4.61182 1
3.93987 1
5.96718 1
12.0921 1
5.55081 1
5.73606 1
5.09588 1
1.23201 1
5.16431 1
10.5168 1
3.00769 1
14.3376 1
-3.94568 1
5.5866 1
-0.289165 1
6.29458 1
6.96103 1
8.1006 1
7.16205 1
0.349287 1
2.52858 1
6.76379 1
13.5454 1
7.97248 1
1.81859 1
0.138911 1
8.17115 1
6.8326 1
0.510187 1
6.60451 1
4.87536 1
10.5478 1
6.03005 1
3.77298 1
3.90267 1
1.9934 1
7.99926 1
5.69316 1
6.14378 1
6.04688 1
6.80078 1
4.88909 1
6.81859 1
8.43268 1
6.32885 1
2.55111 1
9.51435 1
7.8791 1
6.78582 1
2.77695 1
8.09361 1
5.54745 1
4.97499 1
6.75625 1
10.4598 1
3.38034 1
1.6219 1
8.01895 1
6.71178 1
6.58956 1
3.8163 1
12.8717 1
11.0346 1
5.26388 1
-0.953524 1
12.3576 1
14.5247 1
3.56233 1
7.55593 1
4.40619 1
5.43989 1
0.800084 1
6.84133 1
6.74923 1
7.5606 1
5.86578 1
12.6781 1
6.84141 1
5.65983 1
-1.53956 1
5.36583 1
1.65952 1
11.5741 1
7.01102 1
12.1172 1
5.09107 1
-3.41423 1
7.16754 1
6.13739 1
-0.744537 1
9.41707 1
9.5447 1
1.58694 1
6.21737 1
6.59994 1
4.09074 1
3.94145 1
9.61986 1
5.29934 1
7.67067 1
1.44624 1
3.6479 1
4.64663 1
4.0936 1
4.4275 1
2.39118 1
5.97541 1
7.70506 1
5.72041 1
5.56442 1
6.56374 1
-4.43923 1
10.0448 1
8.30189 1
6.60446 1
-4.81286 1
5.53995 1
5.20507 1
5.87791 1
8.97804 1
7.39615 1
-1.14996 1
11.0214 1
5.28088 1
6.06035 1
8.29251 1
1.26387 1
6.29876 1
2.23603 1
4.81039 1
6.98308 1
3.41699 1
4.04482 1
1.22048 1
6.69307 1
4.46801 1
5.90244 1
6.3004 1
4.61632 1
1.35122 1
8.56962 1
6.79599 1
1.6184 1
3.27962 1
5.84555 1
3.93051 1
4.58921 1
4.36461 1
6.05453 1
9.67505 1
6.22879 1
6.88493 1
7.87706 1
12.5911 1
5.73814 1
7.56091 1
6.97145 1
5.65121 1
5.92534 1
-0.257281 1
1.815 1
8.08748 1
6.2313 1
13.6358 1
5.13159 1
5.57569 1
7.7912 1
4.82245 1
4.86636 1
2.66988 1
10.9221 1
4.23138 1
5.45988 1
3.45786 1
9.73065 1
5.36808 1
4.80642 1
9.53177 1
-3.3252 1
5.39993 1
7.24142 1
6.42471 1
13.1781 1
6.55075 1
3.23612 1
7.02386 1
2.48894 1
2.70068 1
4.87916 1
-4.79233 1
5.11571 1
11.7327 1
9.64282 1
1.40654 1
3.97276 1
3.5633 1
4.69244 1
2.69495 1
1.45666 1
4.4574 1
3.15905 1
7.23931 1
4.30065 1
8.74088 1
2.66583 1
2.58131 1
6.30235 1
5.79154 1
0.589541 1
-0.229037 1
4.912 1
7.20459 1
3.43916 1
5.76807 1
6.13271 1
7.4356 1
4.62143 1
9.02823 1
4.66933 1
7.13732 1
3.81251 1
5.52253 1
5.27702 1
1.01589 1
3.22499 1
4.94718 1
6.24678 1
4.12506 1
7.69198 1
1.42859 1
9.32935 1
8.61848 1
13.9651 1
8.26929 1
6.41194 1
10.1198 1
7.40904 1
4.77467 1
10.2598 1
0.512067 1
3.41447 1
6.64047 1
5.08876 1
6.64882 1
4.02837 1
3.05769 1
8.41145 1
5.40627 1
-1.69579 1
6.26907 1
1.80562 1
3.25804 1
4.76557 1
9.72696 1
7.39271 1
3.60336 1
3.55617 1
1.21682 1
7.97632 1
7.20318 1
6.88967 1
-0.719199 1
5.58358 1
7.48169 1
5.09248 1
8.24135 1
6.16851 1
5.293 1
3.16997 1
8.79589 1
5.69581 1
4.66623 1
7.14949 1
4.29807 1
3.88724 1
1.87525 1
8.78323 1
4.8516 1
4.98819 1
4.63965 1
6.18582 1
9.27683 1
5.41255 1
3.74993 1
4.35145 1
4.44568 1
2.27671 1
4.77107 1
3.98753 1
6.76369 1
2.32866 1
4.65335 1
7.2857 1
7.48818 1
6.51858 1
4.13429 1
6.76381 1
11.5142 1
5.76581 1
9.55401 1
-0.283421 1
5.80202 1
4.15647 1
3.98835 1
6.46455 1
-4.11828 1
6.46086 1
2.52613 1
1.6226 1
4.97952 1
12.4531 1
3.72847 1
7.71954 1
4.41213 1
13.6531 1
-0.665914 1
2.62211 1
12.4255 1
4.86501 1
6.92456 1
11.7078 1
2.12586 1
11.9182 1
3.41173 1
4.28154 1
6.42511 1
3.74765 1
2.18975 1
6.3552 1
11.1978 1
5.47816 1
11.0114 1
7.07678 1
10.7307 1
6.88061 1
2.906 1
3.63196 1
3.89828 1
5.25316 1
3.67027 1
3.70436 1
5.8409 1
7.90762 1
8.30199 1
7.84353 1
4.78097 1
5.58592 1
5.30696 1
2.56597 1
3.43135 1
6.89563 1
5.49849 1
4.78913 1
5.53959 1
6.01813 1
-1.9049 1
14.7175 1
11.3825 1
3.42559 1
4.30666 1
6.78386 1
6.25347 1
3.87333 1
11.7894 1
10.3124 1
5.6137 1
2.50772 1
4.28956 1
4.26305 1
-2.60133 1
5.23586 1
4.25875 1
11.0738 1
4.99601 1
3.15231 1
4.66936 1
6.97885 1
6.65041 1
6.09715 1
1.83951 1
6.25896 1
1.81094 1
2.4101 1
3.53321 1
2.83046 1
6.54093 1
5.00933 1
2.08935 1
3.99451 1
8.80417 1
2.01106 1
6.26792 1
2.5278 1
6.10527 1
5.28524 1
5.47575 1
7.14342 1
6.86024 1
8.97814 1
13.1642 1
14.8263 1
7.47219 1
8.50683 1
13.5861 1
4.63674 1
3.26094 1
6.43456 1
5.8567 1
-4.8729 1
3.22047 1
-2.46559 1
6.32558 1
13.5436 1
9.12816 1
4.47818 1
4.26845 1
3.03211 1
9.62904 1
5.19419 1
0.10793 1
4.99322 1
6.07375 1
8.60188 1
14.1105 1
2.49618 1
7.08586 1
6.59778 1
8.23632 1
11.5291 1
3.66096 1
-1.47074 1
10.7233 1
6.74461 1
0.402953 1
8.13159 1
4.74884 1
4.11055 1
6.58961 1
12.346 1
7.12456 1
5.52685 1
4.62905 1
12.9635 1
3.91922 1
9.67467 1
6.03172 1
6.56168 1
2.93106 1
6.14144 1
5.7914 1
3.85562 1
6.00391 1
4.10548 1
3.79429 1
4.92161 1
3.15248 1
-1.24448 1
2.94372 1
3.09583 1
4.45126 1
3.35055 1
5.24172 1
0.760403 1
3.21312 1
10.5941 1
6.07107 1
5.97908 1
-3.64762 1
-0.36783 1
12.7182 1
6.9199 1
3.72659 1
6.99618 1
5.12738 1
7.86432 1
5.76374 1
6.06478 1
9.49138 1
2.42506 1
1.36848 1
4.69267 1
5.92087 1
7.31987 1
4.0093 1
2.49944 1
6.65062 1
4.35717 1
7.65146 1
5.95342 1
3.32593 1
2.89236 1
5.70847 1
3.23227 1
7.20494 1
7.37721 1
1.52104 1
3.21049 1
6.86527 1
1.38068 1
8.88511 1
4.57753 1
0.695956 1
7.84706 1
8.21123 1
0.640953 1
3.53249 1
2.75633 1
4.24704 1
7.82006 1
9.58498 1
8.00326 1
8.95058 1
2.9885 1
5.31088 1
2.19322 1
5.70395 1
0.00816832 1
5.57178 1
2.97057 1
6.56337 1
12.5334 1
3.02571 1
2.6085 1
8.41282 1
1.33676 1
4.37681 1
6.59884 1
5.89928 1
4.904 1
5.46814 1
6.27884 1
2.46893 1
8.62591 1
2.33356 1
4.64011 1
7.28422 1
5.83648 1
2.9604 1
7.93624 1
6.33781 1
5.10763 1
3.39359 1
7.33208 1
3.89864 1
2.1466 1
7.26027 1
3.578 1
8.64823 1
6.16546 1
4.61279 1
7.18909 1
9.28168 1
-1.6754 1
8.7345 1
9.93441 1
14.0484 1
5.27862 1
5.42073 1
5.18509 1
3.1119 1
8.90714 1
3.29221 1
2.26846 1
-2.59277 1
4.221 1
4.2462 1
10.7015 1
6.33252 1
3.36284 1
4.10902 1
2.80146 1
3.47295 1
4.06457 1
2.85612 1
5.30821 1
4.4482 1
4.77313 1
3.72642 1
0.254349 1
4.86132 1
3.60593 1
12.409 1
-1.06041 1
3.87364 1
6.02949 1
5.51108 1
6.75326 1
9.20887 1
9.25741 1
5.96687 1
6.54366 1
5.56175 1
1.75801 1
2.95221 1
6.35823 1
4.65199 1
2.27809 1
6.67481 1
9.68742 1
11.3104 1
-4.13043 1
4.31757 1
3.72694 1
6.05201 1
5.00646 1
2.2667 1
7.6426 1
7.43671 1
9.92099 1
8.42488 1
1.2728 1
7.74273 1
12.2644 1
3.01797 1
8.88175 1
6.80089 1
5.656 1
6.51741 1
0.0305397 1
6.4964 1
11.5899 1
9.39278 1
0.693575 1
4.97877 1
3.18489 1
4.16177 1
4.73201 1
6.40287 1
4.54108 1
6.85719 1
7.87654 1
8.12311 1
4.01322 1
5.41247 1
4.392 1
10.336 1
14.3831 1
7.68819 1
9.83649 1
5.64658 1
4.10773 1
-0.996168 1
1.70422 1
1.92038 1
6.37713 1
4.51213 1
0.67595 1
4.85806 1
4.56506 1
14.3494 1
4.97079 1
6.69248 1
6.61059 1
4.73355 1
4.1187 1
5.7384 1
7.12846 1
-4.86187 1
2.00492 1
3.66645 1
8.81153 1
6.64478 1
5.60405 1
4.20064 1
6.28233 1
4.84207 1
10.8698 1
4.1344 1
6.37861 1
3.59827 1
6.55647 1
12.0572 1
13.5412 1
6.76657 1
1.69104 1
3.25544 1
7.00958 1
4.65482 1
8.01404 1
9.13428 1
10.0649 1
5.58839 1
9.78195 1
4.205 1
4.41645 1
8.38384 1
6.67964 1
5.28648 1
8.67078 1
0.401442 1
0.974772 1
4.17776 1
6.05616 1
7.41532 1
7.46833 1
5.98954 1
5.55195 1
4.21344 1
3.59359 1
7.83847 1
5.79105 1
4.86699 1
9.72463 1
3.91865 1
5.5576 1
5.88109 1
-0.559038 1
10.4561 1
4.79628 1
3.375 1
3.26577 1
5.64095 1
1.41255 1
13.6493 1
10.0206 1
3.75331 1
-4.69108 1
7.25045 1
4.81112 1
3.67096 1
6.50803 1
-0.0595749 1
12.2276 1
-0.695162 1
0.440952 1
8.98413 1
8.28181 1
4.37095 1
4.6204 1
7.34389 1
4.66828 1
5.60648 1
4.38003 1
11.6766 1
3.55694 1
7.39741 1
4.64977 1
4.02936 1
5.00263 1
1.07696 1
5.68226 1
4.53197 1
11.5511 1
13.5291 1
5.77056 1
5.53819 1
6.35658 1
2.27836 1
7.38823 1
9.49542 1
3.65447 1
8.76927 1
5.66097 1
8.92708 1
5.17567 1
4.58786 1
-0.0900533 1
5.90293 1
7.64976 1
6.86782 1
8.37577 1
1.31073 1
8.01778 1
8.45178 1
4.04561 1
5.60512 1
4.84033 1
5.51955 1
5.40644 1
7.11637 1
5.37616 1
4.16236 1
3.90339 1
5.8206 1
9.17011 1
3.81127 1
6.58429 1
0.544785 1
10.1548 1
2.83046 1
3.79312 1
5.8187 1
8.31769 1
6.67625 1
-0.214905 1
5.8704 1
4.26944 1
5.7294 1
2.26945 1
14.7716 1
4.08599 1
5.97317 1
5.4564 1
9.23807 1
3.57915 1
7.28236 1
6.53298 1
-1.89187 1
2.01481 1
6.33847 1
7.76739 1
1.55552 1
8.2203 1
0.809372 1
2.36799 1
5.75347 1
3.36599 1
-0.529626 1
2.43918 1
4.80471 1
10.5746 1
7.053 1
5.05742 1
5.87333 1
4.26968 1
2.3535 1
8.21418 1
4.32638 1
12.0056 1
4.19769 1
5.57947 1
2.08744 1
-1.1717 1
-4.1608 1
8.40135 1
8.7559 1
6.01127 1
3.82835 1
1.80952 1
1.82453 1
7.78371 1
5.3695 1
4.96016 1
6.28807 1
6.67548 1
8.15511 1
6.67653 1
2.00042 1
5.95443 1
3.29573 1
0.131666 1
4.74683 1
3.45406 1
4.51749 1
2.10035 1
6.07496 1
-0.792493 1
5.87343 1
6.46431 1
5.42904 1
1.46863 1
9.53909 1
-2.22082 1
13.0417 1
5.9362 1
4.44933 1
9.53593 1
-4.14754 1
4.47548 1
-1.15903 1
5.77477 1
4.25957 1
7.15861 1
10.6743 1
6.07527 1
3.58223 1
3.60035 1
5.15616 1
1.03583 1
6.01103 1
4.57073 1
7.63278 1
14.1055 1
2.59184 1
8.64543 1
8.96949 1
5.67344 1
6.76276 1
5.60115 1
2.7015 1
0.759378 1
3.7052 1
0.0819753 1
11.581 1
2.1796 1
9.17131 1
7.64127 1
3.89815 1
10.4959 1
0.864255 1
5.77564 1
3.806 1
5.8834 1
7.98353 1
-1.09023 1
4.70429 1
1.69658 1
5.38527 1
5.66736 1
9.04866 1
9.75076 1
3.31404 1
5.02293 1
10.2647 1
-3.34991 1
-1.7538 1
10.1515 1
3.73846 1
1.67746 1
0.719356 1
4.76682 1
2.26763 1
2.72497 1
5.6779 1
3.46073 1
4.09707 1
-1.5091 1
2.51409 1
9.80348 1
12.3857 1
4.33912 1
7.03106 1
5.88881 1
5.44707 1
-0.604518 1
8.07392 1
5.92762 1
0.0733355 1
0.562042 1
4.42612 1
0.000457124 1
2.3317 1
13.578 1
4.04116 1
5.83963 1
0.406894 1
0.315696 1
6.55945 1
6.89299 1
-2.81222 1
7.20871 1
7.67563 1
3.94637 1
5.06119 1
2.08617 1
8.19768 1
5.92211 1
2.38773 1
5.25834 1
4.47574 1
6.62758 1
9.8245 1
7.51162 1
6.65625 1
7.57871 1
1.54455 1
8.23715 1
-0.78367 1
8.60947 1
10.9007 1
3.53321 1
1.60618 1
7.53445 1
5.73544 1
2.94491 1
5.04587 1
13.9075 1
5.7157 1
5.8298 1
7.60376 1
4.74581 1
4.936 1
4.08668 1
4.86313 1
5.51862 1
1.41529 1
7.41547 1
7.51106 1
9.44159 1
6.08258 1
3.71449 1
2.60704 1
6.18808 1
5.84494 1
5.73678 1
6.06333 1
14.5609 1
3.55824 1
2.03693 1
2.20261 1
8.39678 1
1.40071 1
6.93852 1
5.59251 1
8.53464 1
3.89725 1
7.49084 1
-1.72595 1
9.4689 1
5.55453 1
8.46401 1
7.66095 1
-0.0224192 1
6.61436 1
1.66014 1
3.67094 1
5.39147 1
5.06763 1
-0.663654 1
4.59002 1
4.82018 1
6.9151 1
5.52108 1
6.69298 1
-1.19832 1
6.08319 1
4.70786 1
3.08752 1
5.42167 1
6.81267 1
3.07828 1
4.66738 1
12.7278 1
3.62026 1
7.63455 1
4.96707 1
7.10915 1
5.35417 1
5.19764 1
3.76633 1
-0.370324 1
-3.22292 1
6.40763 1
8.63648 1
13.0975 1
8.00056 1
7.80205 1
6.45043 1
4.42904 1
4.8187 1
12.4822 1
3.96037 1
6.26247 1
14.7432 1
7.63693 1
7.38676 1
7.32703 1
5.32567 1
9.48425 1
6.27554 1
3.40712 1
7.98465 1
3.58498 1
9.4698 1
-2.73733 1
4.5386 1
5.20222 1
2.04879 1
4.74076 1
2.68119 1
5.87872 1
1.48711 1
-0.454783 1
4.93139 1
5.84349 1
6.57135 1
8.6201 1
5.17269 1
4.75584 1
3.79769 1
5.14179 1
7.74961 1
3.88605 1
12.203 1
4.64604 1
6.9278 1
7.94171 1
2.52066 1
10.8007 1
-2.64045 1
4.36759 1
1.59013 1
3.26238 1
3.22073 1
4.66947 1
2.3137 1
6.70623 1
5.4602 1
5.38213 1
10.0879 1
5.43054 1
2.86053 1
1.16222 1
3.46713 1
0.392468 1
3.4005 1
2.20933 1
6.43002 1
4.05258 1
2.70241 1
3.80375 1
1.25732 1
6.40269 1
7.54868 1
2.25281 1
4.74826 1
-0.442076 1
7.4468 1
5.56398 1
0.908192 1
-1.68646 1
5.52821 1
3.32879 1
5.07698 1
14.777 1
-0.514899 1
6.39707 1
4.64138 1
6.1311 1
4.76373 1
5.80072 1
7.20471 1
4.773 1
13.2937 1
5.7995 1
6.505 1
6.72205 1
10.4234 1
6.25549 1
5.93804 1
9.18837 1
-2.95506 1
3.91385 1
6.0852 1
13.0712 1
9.05606 1
0.913916 1
6.13421 1
8.59093 1
8.83083 1
6.05117 1
7.22269 1
4.31116 1
9.56307 1
7.36466 1
8.13081 1
7.25822 1
3.42662 1
4.06191 1
8.90799 1
5.66398 1
7.06116 1
-1.21287 1
8.3032 1
-3.60834 1
6.16059 1
6.34329 1
3.85084 1
-3.09007 1
8.35764 1
9.42064 1
4.16722 1
4.22701 1
5.30729 1
6.2689 1
3.10359 1
5.92433 1
4.50754 1
6.22078 1
6.33471 1
2.27714 1
4.67107 1
8.84958 1
6.31191 1
11.5077 1
5.85465 1
1.8955 1
-1.53706 1
4.66196 1
5.24935 1
3.60256 1
8.84696 1
-0.648013 1
5.87298 1
4.79384 1
4.52566 1
5.27481 1
5.02566 1
5.89328 1
8.40198 1
6.65247 1
8.73188 1
4.59492 1
5.07399 1
10.7356 1
2.99039 1
-3.78835 1
1.26624 1
0.886719 1
4.92668 1
8.05811 1
7.31603 1
7.92214 1
3.66062 1
-0.514074 1
8.86673 1
2.25447 1
-4.08843 1
11.0023 1
7.82756 1
9.10926 1
3.47703 1
5.04978 1
6.16025 1
8.12896 1
7.3921 1
7.82922 1
-0.151496 1
-2.0077 1
4.57047 1
3.23163 1
4.30961 1
8.28511 1
4.65492 1
5.16269 1
8.40063 1
5.92868 1
5.23585 1
2.56652 1
11.766 1
3.96508 1
9.52195 1
3.28833 1
3.13779 1
4.65111 1
7.73398 1
-1.18808 1
1.94573 1
5.54613 1
8.27289 1
3.31799 1
1.71025 1
6.1372 1
2.3394 1
4.21087 1
5.60438 1
13.9957 1
6.7872 1
-3.18924 1
6.69387 1
3.19166 1
7.72913 1
1.73606 1
10.4704 1
7.09179 1
1.17131 1
10.1509 1
-1.61011 1
5.37689 1
2.50445 1
-2.98407 1
3.32583 1
4.21685 1
-1.60183 1
4.17947 1
3.64082 1
7.07767 1
4.66738 1
4.87711 1
-2.28732 1
2.08665 1
1.75519 1
2.15274 1
10.1261 1
4.30163 1
1.35763 1
8.38687 1
4.15435 1
6.19044 1
6.18277 1
3.80468 1
5.41918 1
9.9129 1
3.77004 1
-1.19372 1
6.27798 1
3.34383 1
2.08613 1
8.26731 1
6.06787 1
7.97767 1
8.83647 1
13.019 1
3.70687 1
8.65233 1
4.0597 1
11.4236 1
6.1274 1
4.17013 1
9.03729 1
6.36424 1
4.37171 1
4.24986 1
6.91489 1
9.22747 1
9.44081 1
7.42428 1
-0.0547457 1
7.51938 1
1.52044 1
1.73053 1
9.16821 1
2.7639 1
2.93737 1
5.72441 1
5.36138 1
6.19629 1
7.24687 1
3.52666 1
3.97552 1
7.502 1
8.70525 1
4.21513 1
5.95806 1
5.93407 1
0.25231 1
-3.82549 1
2.64442 1
7.95017 1
5.78319 1
5.70359 1
13.651 1
8.41428 1
7.90617 1
-1.03736 1
8.90503 1
2.74436 1
-2.05232 1
7.68488 1
6.437 1
0.44276 1
3.93696 1
-0.160911 1
3.93591 1
3.19287 1
4.08098 1
2.13943 1
4.2653 1
1.86262 1
4.85471 1
7.05379 1
3.06927 1
8.41084 1
1.98667 1
6.85521 1
3.23339 1
7.52064 1
4.08424 1
5.80438 1
6.54894 1
6.12866 1
6.3497 1
3.92386 1
9.7377 1
6.56422 1
5.67775 1
8.58165 1
6.80119 1
12.1473 1
-2.1806 1
2.812 1
5.82906 1
1.62633 1
7.2235 1
5.90052 1
-2.74436 1
2.83874 1
3.40667 1
5.40362 1
5.20176 1
2.91069 1
4.0195 1
1.89692 1
2.27048 1
5.34142 1
8.07539 1
7.9125 1
-2.50352 1
4.41062 1
3.65551 1
11.3315 1
6.31013 1
0.792496 1
0.564659 1
13.4694 1
6.37905 1
5.36287 1
6.14187 1
5.10451 1
9.6355 1
2.97923 1
7.61826 1
-4.68991 1
5.2294 1
-4.14269 1
3.15064 1
13.0609 1
6.77319 1
5.40457 1
5.21751 1
-3.76841 1
12.2358 1
3.97086 1
-4.00888 1
2.19501 1
9.87804 1
6.20969 1
2.25634 1
5.47115 1
9.501 1
6.61542 1
1.33548 1
3.77609 1
4.93885 1
5.68225 1
6.25978 1
-0.955696 1
2.73061 1
6.36787 1
1.33683 1
7.9544 1
5.97988 1
4.44598 1
8.11507 1
4.94807 1
8.28413 1
7.46122 1
2.33044 1
5.51696 1
9.30081 1
2.51478 1
7.2638 1
5.76816 1
8.19862 1
7.42493 1
7.22974 1
3.37374 1
3.77642 1
9.20832 1
5.51011 1
8.93195 1
7.7015 1
6.75841 1
6.38671 1
1.87172 1
-3.67494 1
8.81626 1
1.38102 1
10.4367 1
6.74647 1
2.95532 1
1.79606 1
2.10381 1
1.82622 1
3.56358 1
4.81175 1
11.4668 1
5.3646 1
5.12292 1
4.19236 1
1.72773 1
3.80537 1
13.4483 1
7.10914 1
3.92607 1
3.98277 1
-2.55272 1
8.31182 1
9.88126 1
6.46068 1
13.036 1
6.4866 1
8.1647 1
6.6237 1
2.28881 1
7.63737 1
1.43004 1
1.18736 1
3.34109 1
6.45172 1
12.0894 1
1.36002 1
-2.49913 1
14.2689 1
5.76219 1
5.36726 1
5.59671 1
3.07779 1
10.0608 1
2.89184 1
14.5801 1
6.4653 1
4.77876 1
9.70742 1
4.56036 1
4.09775 1
8.76497 1
5.49619 1
3.15749 1
5.73732 1
7.4155 1
5.67382 1
3.89789 1
6.33735 1
4.86219 1
5.56667 1
4.39853 1
7.58687 1
1.06408 1
14.523 1
7.97441 1
0.194876 1
8.80606 1
12.0118 1
4.77957 1
3.58301 1
14.586 1
14.6185 1
-2.44922 1
3.66873 1
5.62304 1
3.9433 1
4.90978 1
4.33595 1
4.5999 1
6.21836 1
4.41124 1
4.98723 1
1.6341 1
0.793399 1
3.82073 1
4.87669 1
12.051 1
5.40051 1
5.83336 1
5.94992 1
6.38844 1
3.63917 1
7.32209 1
5.62118 1
13.0944 1
0.991436 1
3.78102 1
4.86885 1
6.08793 1
7.57188 1
11.5632 1
10.2922 1
5.66022 1
5.0935 1
10.8816 1
6.68461 1
3.46466 1
13.9941 1
2.73341 1
2.70664 1
2.97127 1
6.55443 1
7.37592 1
4.96231 1
4.98667 1
3.3596 1
4.55483 1
3.62251 1
-1.67774 1
8.42651 1
2.44471 1
11.9331 1
10.2602 1
4.54681 1
1.95812 1
11.8165 1
3.01265 1
5.42597 1
4.04539 1
5.13591 1
1.30329 1
7.01059 1
10.8269 1
-3.0052 1
4.11611 1
4.76275 1
6.61447 1
7.70885 1
5.54442 1
5.68658 1
6.14438 1
0.412452 1
0.900569 1
6.36426 1
10.1816 1
11.146 1
0.738708 1
7.25896 1
2.96786 1
5.23813 1
0.673719 1
4.50022 1
3.76923 1
4.87711 1
6.80351 1
4.98688 1
11.6845 1
5.53049 1
-4.81437 1
8.63628 1
4.56311 1
4.70947 1
7.8335 1
5.92417 1
5.50903 1
2.62981 1
6.01159 1
0.280787 1
10.2931 1
4.90193 1
6.66059 1
5.91654 1
5.65105 1
7.08645 1
0.973152 1
7.3029 1
5.70712 1
-2.32157 1
4.32115 1
10.2203 1
3.16077 1
3.5637 1
10.1422 1
5.00421 1
14.8003 1
4.87856 1
6.44842 1
4.46705 1
10.1394 1
6.23271 1
8.03993 1
4.00137 1
4.92145 1
8.95702 1
-0.173965 1
7.10334 1
5.1243 1
6.0811 1
1.52512 1
7.43527 1
4.99846 1
6.00132 1
-1.52513 1
3.04571 1
6.91242 1
2.29731 1
6.13315 1
14.5111 1
4.98451 1
3.66637 1
3.57166 1
4.6332 1
14.5309 1
14.3046 1
4.95199 1
6.23486 1
9.25791 1
3.74319 1
7.85089 1
0.325828 1
6.6308 1
6.65994 1
3.69128 1
3.50051 1
1.47839 1
9.08112 1
6.1399 1
9.20627 1
2.42903 1
1.87144 1
2.77432 1
8.73564 1
0.370057 1
3.18902 1
6.61057 1
6.32291 1
7.74036 1
6.30199 1
7.88904 1
6.35079 1
5.70039 1
-0.975361 1
7.23286 1
5.71045 1
5.00961 1
2.63357 1
10.2469 1
5.59361 1
6.35537 1
5.6382 1
5.86462 1
4.78629 1
5.09366 1
7.69886 1
2.98369 1
6.65267 1
6.33961 1
7.22563 1
11.6144 1
5.57602 1
-3.06431 1
4.16806 1
11.1815 1
-2.90714 1
6.16429 1
4.56309 1
3.79355 1
6.88763 1
-1.01286 1
2.50313 1
4.89469 1
5.89867 1
4.8129 1
3.51056 1
10.4294 1
7.45568 1
5.37476 1
5.35748 1
9.12033 1
2.16649 1
3.72963 1
14.1088 1
9.54931 1
14.4047 1
5.20011 1
6.92206 1
7.0429 1
2.26642 1
9.53727 1
4.7422 1
0.371466 1
6.05131 1
8.92358 1
8.01909 1
1.56663 1
3.63242 1
4.67299 1
-2.63191 1
3.8855 1
6.82529 1
5.04041 1
3.55447 1
6.37345 1
7.50131 1
5.91588 1
11.0001 1
6.05058 1
7.21688 1
6.08168 1
3.14548 1
1.66365 1
3.22047 1
5.99865 1
-0.429423 1
5.18535 1
2.42471 1
11.5293 1
4.67511 1
9.06689 1
0.928524 1
3.18914 1
6.815 1
5.27439 1
6.27459 1
6.65789 1
7.79411 1
7.38617 1
4.68391 1
5.60581 1
6.99517 1
8.36364 1
8.0054 1
13.6329 1
4.59467 1
6.26944 1
7.70215 1
2.67046 1
9.15664 1
11.3453 1
7.04631 1
6.548 1
6.16189 1
6.49055 1
4.47078 1
3.68292 1
11.4083 1
5.12845 1
7.19336 1
5.78227 1
4.71432 1
0.473966 1
4.33784 1
5.0709 1
4.82555 1
0.914226 1
0.895479 1
3.99056 1
8.14271 1
5.29714 1
-2.55863 1
3.04345 1
3.36663 1
6.17897 1
6.99633 1
6.78967 1
5.28629 1
3.5919 1
5.23001 1
1.51619 1
4.73835 1
3.29397 1
9.33365 1
10.701 1
4.50587 1
2.66093 1
7.3481 1
9.13597 1
8.93203 1
-0.590642 1
11.8775 1
6.90955 1
3.30914 1
4.91088 1
0.378278 1
4.66599 1
6.31411 1
-0.438535 1
10.1246 1
6.3424 1
-1.88431 1
5.60075 1
5.14658 1
4.17764 1
11.7344 1
7.45078 1
1.88329 1
2.373 1
1.80298 1
8.14167 1
-1.01339 1
4.31803 1
2.72989 1
10.2695 1
12.5372 1
11.6571 1
7.46997 1
1.25958 1
8.03575 1
5.89903 1
-0.447656 1
3.33532 1
10.4636 1
7.16353 1
5.12864 1
13.6059 1
5.7635 1
4.56334 1
4.38491 1
3.53296 1
-0.77972 1
13.0242 1
5.11089 1
-4.14946 1
4.74631 1
12.2321 1
-1.96971 1
-1.18409 1
2.13577 1
2.26606 1
3.44105 1
5.02586 1
3.37725 1
3.34832 1
1.08628 1
5.75901 1
11.7676 1
-0.575276 1
7.28872 1
14.0035 1
5.07449 1
1.85237 1
5.80199 1
11.2984 1
7.58717 1
8.78573 1
6.48506 1
4.84582 1
5.86193 1
5.55519 1
2.33783 1
8.6915 1
6.36516 1
7.0874 1
6.05952 1
2.78524 1
3.7482 1
8.2922 1
5.77065 1
12.0927 1
-1.72566 1
9.35626 1
5.19762 1
3.66536 1
7.08034 1
-4.05258 1
3.72887 1
5.49427 1
5.82395 1
4.72379 1
10.7262 1
-0.132056 1
4.31528 1
7.89922 1
3.51686 1
7.24488 1
1.31158 1
10.2217 1
1.04653 1
4.68588 1
4.05987 1
8.67155 1
4.63788 1
5.29736 1
3.08693 1
2.09239 1
1.18291 1
4.71734 1
4.07725 1
6.55031 1
8.96432 1
5.27901 1
4.79888 1
4.17977 1
3.69307 1
7.3246 1
5.95911 1
6.92398 1
4.26655 1
3.31284 1
3.93881 1
-1.30137 1
4.01906 1
5.71074 1
12.3572 1
6.63662 1
6.54291 1
4.24912 1
0.277513 1
6.65774 1
6.90217 1
7.26963 1
4.73993 1
2.04616 1
-0.628447 1
2.2817 1
4.01083 1
9.22594 1
9.96404 1
11.662 1
2.02444 1
5.20023 1
7.84824 1
6.12527 1
7.49991 1
6.02934 1
5.42203 1
3.96571 1
5.72881 1
5.23146 1
2.43044 1
9.13934 1
5.71284 1
14.7017 1
1.36967 1
11.9239 1
2.84101 1
6.93445 1
6.43739 1
12.0133 1
-0.739082 1
7.76161 1
-4.60808 1
4.88837 1
6.48457 1
8.79009 1
6.14569 1
2.25868 1
4.58591 1
7.33834 1
5.97966 1
2.70394 1
5.6683 1
5.61924 1
5.33198 1
11.0962 1
5.79338 1
0.74055 1
12.9475 1
3.81083 1
-1.74424 1
8.8291 1
7.2757 1
5.88231 1
11.6826 1
6.54851 1
5.01522 1
3.77161 1
4.89187 1
8.31254 1
3.58461 1
2.89362 1
12.9533 1
7.24021 1
2.23624 1
8.94959 1
5.31353 1
5.03893 1
6.06237 1
4.45984 1
5.5836 1
4.50292 1
1.08433 1
-0.0976875 1
3.64916 1
9.13654 1
5.65267 1
3.65073 1
1.20568 1
4.89496 1
6.3644 1
6.59131 1
6.00378 1
7.47983 1
2.98058 1
-0.0316578 1
4.70493 1
5.55943 1
6.00633 1
1.33064 1
2.06894 1
8.84117 1
6.33438 1
5.06138 1
2.80673 1
9.70268 1
5.32206 1
-1.96339 1
0.700166 1
4.13065 1
4.60043 1
3.11016 1
3.15612 1
6.10604 1
7.90607 1
11.9582 1
0.404179 1
7.23668 1
5.49608 1
-0.60508 1
9.36181 1
6.08991 1
5.69744 1
6.80809 1
3.43865 1
7.08811 1
6.8882 1
5.67307 1
13.9942 1
4.86829 1
8.24863 1
5.0378 1
5.03922 1
8.20593 1
6.31246 1
5.37035 1
4.74579 1
13.3129 1
5.17148 1
2.89146 1
5.92417 1
4.99897 1
-0.587131 1
7.41094 1
2.9616 1
7.6888 1
3.58288 1
3.66412 1
-3.71215 1
5.17299 1
2.60935 1
6.86565 1
7.37419 1
9.33665 1
1.16318 1
6.21187 1
7.61103 1
3.15973 1
-1.22684 1
8.66742 1
8.72886 1
2.00946 1
7.69026 1
7.51877 1
-4.6848 1
6.55804 1
3.28699 1
4.7178 1
5.46627 1
10.4134 1
9.76146 1
4.12004 1
1.20487 1
14.1867 1
-0.355542 1
6.0236 1
2.59732 1
-0.871498 1
0.158435 1
3.85831 1
1.14137 1
-3.3924 1
5.52921 1
7.28423 1
2.14751 1
5.28803 1
5.99233 1
10.96 1
8.73264 1
9.13281 1
7.15718 1
10.5139 1
4.9413 1
10.0519 1
4.78265 1
-0.740683 1
-1.03222 1
6.17368 1
3.88233 1
4.12104 1
4.24269 1
7.79022 1
-1.58827 1
0.789603 1
-1.94677 1
9.18129 1
7.28341 1
6.78302 1
3.40502 1
3.59402 1
5.04402 1
13.2424 1
0.58651 1
2.21813 1
7.29998 1
6.91572 1
10.1208 1
3.27859 1
4.60726 1
4.56894 1
4.8449 1
4.18561 1
6.14035 1
3.90974 1
8.35489 1
5.84597 1
7.47896 1
3.83431 1
5.60847 1
6.14443 1
3.07462 1
5.75254 1
5.7231 1
-1.55974 1
10.7129 1
2.72749 1
10.4284 1
9.21371 1
5.42464 1
7.59057 1
4.15396 1
1.82771 1
7.99323 1
1.41904 1
5.57222 1
-3.41825 1
3.31164 1
-4.04612 1
14.0875 1
-2.47704 1
4.60073 1
6.7587 1
6.91387 1
-0.572678 1
6.75033 1
12.8342 1
3.92216 1
3.47477 1
5.15816 1
2.85558 1
2.59608 1
9.14491 1
11.6054 1
3.61146 1
1.5635 1
5.16844 1
5.53865 1
4.24959 1
9.28484 1
5.76501 1
3.13976 1
3.06008 1
8.44905 1
6.18497 1
1.08755 1
8.77015 1
8.83683 1
8.07193 1
0.966111 1
0.856042 1
6.61888 1
0.509764 1
0.257954 1
0.809676 1
3.37531 1
3.86445 1
5.84591 1
7.55265 1
10.3617 1
0.113414 1
6.49226 1
3.53346 1
9.01857 1
2.12368 1
1.77778 1
-4.44209 1
8.63241 1
6.0862 1
4.08058 1
-0.748495 1
14.5134 1
6.65014 1
3.57308 1
5.48981 1
4.26714 1
6.24967 1
3.62976 1
4.35396 1
2.82479 1
7.60506 1
2.02481 1
3.43899 1
5.40672 1
5.09523 1
9.54881 1
8.00302 1
0.625549 1
0.685362 1
8.64602 1
9.39816 1
4.22917 1
6.33308 1
4.51089 1
3.44107 1
8.26747 1
3.95295 1
7.5487 1
4.06883 1
9.31315 1
1.90252 1
3.6424 1
5.89918 1
5.12556 1
10.4127 1
9.27754 1
6.52816 1
4.48078 1
1.88787 1
6.88933 1
4.83445 1
5.82693 1
-1.72532 1
3.97335 1
8.83654 1
4.259 1
5.51384 1
12.7583 1
3.22276 1
6.7064 1
-2.27057 1
5.93588 1
1.72942 1
6.24092 1
4.92121 1
6.81522 1
1.63148 1
7.11327 1
3.02875 1
6.69165 1
3.12053 1
5.34574 1
5.21536 1
2.6824 1
3.9151 1
5.40148 1
0.736849 1
0.810392 1
6.02686 1
-0.542551 1
1.5999 1
0.835679 1
5.03505 1
4.04749 1
1.08788 1
5.35347 1
5.68482 1
1.03311 1
3.9378 1
2.01838 1
6.94727 1
5.31009 1
2.99628 1
9.08607 1
5.75167 1
1.2295 1
-4.48948 1
2.30624 1
2.04333 1
3.3455 1
5.95952 1
4.42373 1
3.15713 1
1.08421 1
3.55219 1
5.24293 1
3.85776 1
8.14463 1
-3.50591 1
6.91375 1
5.98751 1
4.53408 1
2.48434 1
2.82375 1
10.1345 1
8.06364 1
-0.517106 1
2.3961 1
6.6242 1
5.73385 1
4.9137 1
-1.34792 1
3.30772 1
7.57334 1
5.56959 1
4.87202 1
6.72668 1
0.901436 1
2.40532 1
7.3776 1
7.89335 1
4.26729 1
4.35234 1
11.9736 1
-2.27375 1
5.6004 1
8.58186 1
8.99914 1
6.75791 1
-1.64888 1
4.35693 1
6.5568 1
6.30039 1
0.446854 1
2.74179 1
3.73142 1
3.84563 1
7.1416 1
7.92223 1
3.71762 1
-0.681744 1
0.200053 1
4.88247 1
6.34446 1
6.63169 1
4.34768 1
5.90265 1
8.25736 1
8.1478 1
6.02602 1
-4.17396 1
-4.03236 1
5.51845 1
6.02878 1
6.21755 1
7.91978 1
4.53949 1
6.49019 1
14.7641 1
5.30192 1
3.63634 1
5.60412 1
9.19107 1
4.9731 1
5.11438 1
1.91935 1
5.99734 1
3.49713 1
5.77739 1
6.79989 1
5.09443 1
6.02691 1
9.28164 1
6.23706 1
11.4124 1
4.7474 1
0.750902 1
3.14294 1
6.69478 1
1.16429 1
5.75631 1
7.65061 1
4.66454 1
9.16036 1
4.67811 1
4.19012 1
4.97912 1
10.928 1
4.50015 1
5.21521 1
9.19816 1
6.46596 1
5.59148 1
12.3587 1
6.84351 1
2.53982 1
5.2724 1
6.48895 1
1.36915 1
14.0946 1
6.11415 1
6.15771 1
6.83102 1
2.40576 1
3.02672 1
4.14146 1
11.874 1
8.36079 1
7.15048 1
7.58805 1
10.9897 1
3.90329 1
2.70346 1
6.05199 1
6.0242 1
4.97152 1
3.40548 1
5.04206 1
4.41953 1
4.4426 1
4.46379 1
6.34685 1
4.12652 1
2.43575 1
5.53163 1
3.5098 1
2.20804 1
6.60981 1
0.489691 1
9.31847 1
3.87786 1
3.74508 1
4.52154 1
-0.922602 1
0.349226 1
10.7338 1
6.1175 1
-2.35938 1
7.6595 1
4.84506 1
3.16725 1
10.6528 1
7.0421 1
4.20986 1
2.81459 1
7.13539 1
3.44457 1
8.59332 1
4.57772 1
1.35228 1
6.99827 1
5.81697 1
7.24261 1
1.80851 1
8.66994 1
5.80866 1
5.51634 1
6.08961 1
5.7589 1
6.26771 1
8.50654 1
8.29949 1
3.70259 1
4.70844 1
0.314613 1
9.18757 1
-0.0410317 1
6.48231 1
8.18517 1
5.83412 1
4.58276 1
11.2851 1
5.29487 1
4.87625 1
3.77091 1
2.89438 1
4.22659 1
5.07869 1
11.9562 1
0.569956 1
6.32416 1
6.18122 1
3.35769 1
6.11794 1
-0.556645 1
4.53269 1
8.3866 1
4.85716 1
4.21389 1
7.37457 1
12.8617 1
5.09991 1
5.22959 1
4.40816 1
-0.638733 1
5.10434 1
7.40941 1
7.37418 1
4.76797 1
2.77982 1
6.55859 1
-0.847914 1
4.66937 1
1.18553 1
6.60498 1
9.79197 1
3.26342 1
10.3839 1
12.4571 1
5.33142 1
7.6064 1
3.20148 1
3.38874 1
5.33486 1
8.41478 1
6.10469 1
1.79179 1
1.54869 1
4.5392 1
11.7538 1
6.96152 1
11.4357 1
12.7909 1
0.987538 1
-2.19112 1
-3.3057 1
14.1328 1
4.37746 1
0.985641 1
4.5224 1
3.58744 1
7.64958 1
-2.2558 1
5.3324 1
3.61758 1
5.78705 1
1.69279 1
-1.02608 1
1.9714 1
4.60126 1
9.77927 1
7.79467 1
8.05519 1
8.5521 1
3.41427 1
8.9166 1
6.93699 1
8.29756 1
7.62976 1
6.4923 1
6.99811 1
5.448 1
5.24521 1
3.92619 1
6.6817 1
5.46263 1
4.13991 1
1.83451 1
2.09347 1
10.0417 1
1.77129 1
-0.00251336 1
5.97511 1
3.86582 1
7.32127 1
-1.96531 1
9.02148 1
5.23784 1
9.39311 1
6.46114 1
6.05365 1
6.36684 1
5.26717 1
6.05081 1
8.46463 1
3.74172 1
11.6382 1
5.22178 1
1.92777 1
5.7721 1
6.16281 1
2.02069 1
5.91424 1
8.13365 1
3.88492 1
-4.67388 1
3.61296 1
4.83473 1
8.3336 1
8.89351 1
4.72513 1
6.19098 1
6.35023 1
2.6914 1
3.77952 1
4.06118 1
6.53031 1
1.84511 1
8.35943 1
3.72237 1
4.8094 1
4.64666 1
6.28648 1
2.06752 1
6.35407 1
9.29429 1
6.50845 1
4.40715 1
5.13099 1
9.34545 1
5.09686 1
8.92101 1
4.87075 1
2.46113 1
4.34319 1
4.65118 1
4.68772 1
4.98736 1
5.47777 1
4.72468 1
5.38314 1
1.34214 1
9.99745 1
2.17472 1
5.46265 1
4.76115 1
2.91717 1
7.55132 1
-3.17943 1
5.96715 1
9.12893 1
2.69062 1
5.32403 1
2.8659 1
6.45237 1
3.08227 1
12.5021 1
7.2053 1
1.33869 1
-2.15773 1
4.27352 1
4.01323 1
5.12918 1
3.57496 1
7.97368 1
-2.04551 1
-2.49688 1
2.88889 1
12.2465 1
2.54947 1
5.67131 1
4.52708 1
6.81168 1
8.473 1
3.74618 1
4.20869 1
2.92604 1
6.58612 1
6.79893 1
5.85586 1
13.7354 1
3.53498 1
2.11514 1
11.3462 1
4.07673 1
4.76019 1
5.96971 1
0.740979 1
2.95843 1
2.8467 1
3.76545 1
6.11019 1
6.00079 1
8.95169 1
4.67046 1
8.1306 1
5.58179 1
5.38513 1
4.65237 1
4.37547 1
6.75341 1
-2.712 1
4.08301 1
11.827 1
9.48718 1
3.75402 1
9.19615 1
4.15351 1
13.9665 1
4.59216 1
2.76798 1
9.43525 1
13.313 1
4.30614 1
3.02524 1
5.31491 1
7.14948 1
2.68729 1
2.44352 1
2.6279 1
6.06101 1
5.58103 1
-1.47361 1
5.61738 1
2.09146 1
5.89715 1
6.54783 1
9.35005 1
13.8636 1
-0.392481 1
1.56367 1
1.85589 1
3.99135 1
6.3138 1
3.74256 1
0.116378 1
-1.66331 1
6.58422 1
5.48819 1
3.35171 1
14.3653 1
6.24896 1
4.37845 1
-1.41797 1
-2.48912 1
2.96738 1
1.87489 1
3.34358 1
3.41219 1
2.03772 1
5.81566 1
4.79437 1
5.28524 1
4.15988 1
3.23618 1
5.40716 1
1.51649 1
4.17187 1
5.21938 1
0.463883 1
7.9478 1
12.9384 1
3.31845 1
4.77824 1
4.0094 1
2.95594 1
5.21779 1
4.22933 1
4.70388 1
3.71594 1
11.06 1
4.67299 1
4.51486 1
5.81101 1
4.37263 1
-0.515726 1
4.09863 1
6.68232 1
-1.24706 1
4.383 1
-0.780295 1
6.36213 1
4.44354 1
10.2548 1
8.0067 1
2.37403 1
4.14788 1
4.89888 1
4.39783 1
8.53669 1
4.11155 1
3.91287 1
-1.31786 1
-1.60735 1
-1.75204 1
-0.156112 1
4.01908 1
4.22117 1
7.70609 1
7.2988 1
5.09408 1
10.6746 1
5.37809 1
5.92733 1
6.14442 1
8.03797 1
8.52904 1
5.52094 1
6.28626 1
12.9626 1
5.06778 1
8.09115 1
4.9425 1
4.89459 1
7.80024 1
0.682614 1
6.0983 1
5.55686 1
6.86647 1
2.99302 1
-4.08534 1
-3.45069 1
-3.30904 1
5.0008 1
4.50412 1
12.3588 1
-1.58108 1
5.50889 1
7.52457 1
8.77356 1
5.45722 1
3.92935 1
0.779726 1
6.71387 1
6.93521 1
-1.19464 1
8.32217 1
4.89721 1
7.78835 1
9.21271 1
7.99034 1
-2.44524 1
7.0533 1
4.67133 1
14.8166 1
4.2913 1
-0.436087 1
7.62294 1
3.70791 1
5.56922 1
4.52259 1
3.56804 1
4.71297 1
1.93216 1
4.70965 1
7.89792 1
8.10612 1
7.90887 1
7.60907 1
5.82117 1
7.63528 1
7.22189 1
5.13948 1
14.6992 1
5.39564 1
7.48941 1
5.60098 1
-0.744784 1
0.961637 1
-2.25242 1
5.01915 1
0.643223 1
6.01168 1
7.32611 1
14.2793 1
4.0679 1
2.32923 1
5.45469 1
1.77759 1
-1.74539 1
-3.76795 1
7.19601 1
4.73725 1
6.10028 1
5.1649 1
5.72499 1
12.2306 1
4.8329 1
2.82714 1
4.60719 1
4.80501 1
3.77035 1
4.3203 1
3.73164 1
4.90683 1
6.09032 1
3.39981 1
9.45086 1
0.837074 1
4.8762 1
4.23183 1
7.27433 1
7.63834 1
6.14714 1
3.10376 1
5.03258 1
7.16986 1
13.3819 1
3.47968 1
6.86698 1
4.88306 1
1.23747 1
5.90873 1
6.11354 1
10.0127 1
2.8174 1
6.57027 1
2.07649 1
7.35835 1
3.25848 1
7.47874 1
2.55396 1
5.48304 1
4.93641 1
2.61648 1
12.338 1
9.24317 1
-0.340392 1
3.0566 1
6.12282 1
10.967 1
5.35414 1
1.28157 1
9.72277 1
7.80316 1
5.58724 1
4.5342 1
4.77451 1
12.269 1
8.87261 1
1.22646 1
-2.60023 1
3.80669 1
2.66749 1
5.28052 1
5.27158 1
1.80524 1
-0.507292 1
5.33852 1
4.49256 1
-4.09742 1
4.99727 1
2.27331 1
6.6818 1
6.76244 1
5.83419 1
0.24849 1
4.99298 1
3.32055 1
5.05739 1
5.80168 1
3.73713 1
9.51332 1
1.04128 1
2.27052 1
6.6263 1
-1.01395 1
6.06777 1
9.36177 1
3.73435 1
4.71312 1
-2.88425 1
5.03876 1
9.13343 1
7.77314 1
6.60265 1
0.219194 1
3.9655 1
9.62322 1
5.291 1
2.75913 1
1.08931 1
0.651791 1
2.63002 1
4.98036 1
5.46931 1
7.11483 1
6.87616 1
2.38439 1
7.32871 1
8.52631 1
3.05089 1
5.09444 1
3.97777 1
5.06827 1
0.988926 1
2.52919 1
0.667791 1
3.68454 1
6.51377 1
12.1245 1
8.8656 1
11.3017 1
5.91033 1
-2.76813 1
6.77763 1
8.76343 1
2.50304 1
6.73641 1
3.5833 1
5.02457 1
5.04392 1
-0.61305 1
4.01425 1
5.89007 1
6.92833 1
12.5362 1
3.79548 1
3.91205 1
6.44268 1
11.1673 1
6.04712 1
1.99382 1
6.07718 1
7.08424 1
1.60182 1
4.04061 1
6.85404 1
10.6928 1
3.88174 1
6.36351 1
0.271414 1
4.48384 1
12.0338 1
4.34026 1
7.99239 1
-2.7904 1
5.43921 1
9.57599 1
6.25933 1
-2.55333 1
1.82775 1
0.632294 1
6.79324 1
8.59768 1
3.74787 1
5.33708 1
5.33693 1
4.49682 1
9.35622 1
7.75714 1
10.4164 1
10.0213 1
7.77583 1
5.95096 1
6.9214 1
4.19811 1
7.8613 1
5.96856 1
4.80412 1
5.00231 1
6.48594 1
13.0862 1
4.13448 1
3.04069 1
2.87479 1
5.74124 1
0.173879 1
6.68989 1
8.52239 1
5.83996 1
6.03377 1
5.11337 1
1.52938 1
6.73384 1
3.35312 1
0.335744 1
8.38995 1
5.77003 1
-1.19428 1
7.64909 1
3.47044 1
2.53698 1
5.05526 1
4.75518 1
7.23197 1
8.25111 1
4.14324 1
10.2161 1
5.9763 1
2.94263 1
6.85266 1
4.48067 1
5.77048 1
1.63727 1
4.67547 1
8.01672 1
10.9574 1
-3.17847 1
3.23376 1
5.5581 1
7.774 1
2.07574 1
3.4591 1
5.9617 1
2.91141 1
3.45532 1
4.0571 1
5.74928 1
8.39476 1
1.67145 1
7.57255 1
11.2084 1
2.13171 1
6.92002 1
8.36756 1
5.99102 1
4.95117 1
12.0448 1
4.23718 1
11.3654 1
6.36514 1
4.08344 1
7.20744 1
5.73574 1
8.62752 1
5.98887 1
7.03756 1
0.81904 1
6.89738 1
5.02493 1
5.34512 1
5.48825 1
2.16689 1
9.58864 1
8.60852 1
7.33085 1
3.43769 1
5.27604 1
-0.364265 1
4.9642 1
3.26951 1
5.7383 1
5.59188 1
1.17164 1
5.43377 1
9.53078 1
-0.494916 1
-0.0261376 1
1.8369 1
6.26858 1
7.9244 1
13.9333 1
5.75596 1
11.8263 1
3.92076 1
3.54599 1
5.26166 1
11.7251 1
11.0353 1
9.4481 1
8.82471 1
6.75135 1
4.38509 1
9.10013 1
8.16613 1
5.16408 1
7.37058 1
4.47602 1
11.0084 1
5.40722 1
-3.48771 1
3.77535 1
6.011 1
5.65473 1
-1.9517 1
13.8274 1
-1.76782 1
6.80211 1
12.3659 1
-0.754328 1
5.95559 1
8.72662 1
3.8339 1
1.95461 1
0.301943 1
5.68584 1
4.12629 1
9.2275 1
4.59498 1
6.42655 1
0.69383 1
-0.297638 1
6.78238 1
8.8709 1
0.996339 1
1.65254 1
7.48123 1
8.94072 1
7.71475 1
4.29848 1
-1.41116 1
6.47967 1
6.25729 1
3.07899 1
6.82895 1
5.41503 1
2.94333 1
4.06006 1
7.23093 1
6.47768 1
3.81128 1
5.76557 1
10.1714 1
10.8195 1
5.58551 1
1.7928 1
5.16228 1
4.80111 1
4.74295 1
2.51853 1
2.67672 1
7.82876 1
6.94435 1
10.4467 1
9.29739 1
5.7437 1
7.11404 1
-0.958561 1
5.99066 1
3.76473 1
5.68372 1
2.53155 1
6.86382 1
5.05032 1
1.70588 1
11.7827 1
10.8195 1
9.20894 1
6.74746 1
12.5284 1
-1.13221 1
6.52873 1
14.5792 1
-0.0566703 1
0.0103702 1
14.5483 1
2.45751 1
2.29144 1
4.182 1
6.23392 1
9.33645 1
14.5556 1
2.77157 1
3.49333 1
7.10153 1
5.05412 1
2.79862 1
8.64789 1
3.89174 1
3.91146 1
2.25211 1
6.4624 1
2.17142 1
5.58918 1
5.975 1
5.26729 1
7.54635 1
10.6059 1
4.10862 1
-0.504405 1
5.99867 1
0.475969 1
5.19197 1
8.2879 1
7.78629 1
9.89348 1
5.8497 1
-1.29884 1
3.09138 1
0.769763 1
6.39062 1
12.1674 1
5.82946 1
-2.62758 1
11.1298 1
4.7672 1
5.93105 1
4.75809 1
2.6585 1
12.789 1
9.46524 1
8.89532 1
6.841 1
10.6868 1
4.2139 1
12.4604 1
11.1121 1
4.45824 1
6.22901 1
4.0419 1
-0.559959 1
4.69436 1
5.48379 1
13.9585 1
5.96285 1
6.26962 1
1.69095 1
4.60291 1
11.1999 1
7.04603 1
10.2259 1
6.08044 1
5.01572 1
-4.78532 1
5.79659 1
2.3202 1
4.81992 1
6.63575 1
2.79129 1
5.91558 1
6.95825 1
6.60657 1
10.5237 1
6.83618 1
0.655245 1
2.62313 1
3.76584 1
0.293635 1
5.16498 1
-4.66337 1
2.48078 1
6.37771 1
5.6421 1
5.12564 1
4.28418 1
8.1005 1
2.58667 1
6.67675 1
4.22361 1
5.07787 1
8.00433 1
4.29971 1
6.04749 1
12.2435 1
6.92334 1
10.7376 1
5.1708 1
6.34374 1
-0.658242 1
7.87524 1
4.77606 1
6.08772 1
5.91174 1
2.49101 1
6.40376 1
0.38063 1
0.940112 1
5.30883 1
11.8052 1
4.73241 1
11.1037 1
2.53922 1
1.07696 1
2.34701 1
7.64114 1
5.96929 1
6.80523 1
10.2555 1
9.85622 1
5.32358 1
11.4707 1
1.98093 1
6.68526 1
1.64945 1
14.298 1
6.81796 1
4.31233 1
6.39991 1
6.19721 1
1.37375 1
4.65394 1
4.71588 1
8.09375 1
4.71706 1
-4.17588 1
4.85106 1
7.76685 1
9.26753 1
8.90477 1
2.21818 1
2.42824 1
4.53871 1
6.32072 1
2.29042 1
13.2324 1
8.39061 1
9.30688 1
4.34473 1
5.30276 1
6.10228 1
6.69276 1
5.17269 1
10.4836 1
3.43016 1
5.0723 1
5.6082 1
11.4004 1
3.40226 1
7.2498 1
2.00969 1
5.69943 1
4.52757 1
6.74626 1
4.35984 1
10.4675 1
2.38963 1
-2.71364 1
7.76223 1
4.83944 1
4.25629 1
5.31025 1
5.35943 1
5.13978 1
11.289 1
7.63891 1
6.48008 1
3.65362 1
6.15618 1
8.71926 1
9.22381 1
10.1218 1
7.13533 1
1.76934 1
11.6294 1
5.34529 1
7.36048 1
2.12108 1
10.4612 1
12.3917 1
0.590566 1
-0.76516 1
5.86676 1
5.86966 1
3.68753 1
6.97738 1
6.88477 1
4.29706 1
1.05327 1
3.94534 1
5.38582 1
3.41375 1
7.79292 1
6.95169 1
9.19922 1
5.71535 1
8.80577 1
7.2134 1
5.68565 1
4.96236 1
6.41059 1
0.311019 1
4.60719 1
5.52677 1
4.10967 1
9.50141 1
5.05515 1
7.07599 1
5.7876 1
4.48189 1
6.83866 1
8.87726 1
10.8214 1
0.45127 1
11.2041 1
6.23329 1
7.58336 1
7.46143 1
8.89022 1
2.60017 1
5.46323 1
1.62214 1
4.47073 1
2.63213 1
-3.05098 1
5.37605 1
5.97066 1
5.20358 1
1.58265 1
12.2436 1
3.2768 1
11.5156 1
3.16275 1
5.81658 1
4.79513 1
5.90688 1
-1.5724 1
13.6138 1
3.16179 1
4.94571 1
-0.966885 1
3.82669 1
2.69182 1
7.3211 1
2.02924 1
2.58995 1
5.33525 1
6.28363 1
2.93544 1
-0.529954 1
9.84708 1
6.60722 1
11.0416 1
5.65987 1
6.07984 1
7.71151 1
6.35816 1
6.73451 1
-0.56674 1
9.36305 1
3.23754 1
4.47779 1
1.63106 1
9.65038 1
12.9088 1
3.98119 1
6.08021 1
1.51308 1
0.762089 1
4.57158 1
2.05997 1
7.20552 1
3.21622 1
4.41692 1
3.14301 1
2.89244 1
4.80467 1
0.209131 1
4.92384 1
0.31104 1
7.0664 1
7.07368 1
5.86316 1
3.50481 1
5.6237 1
6.15983 1
3.20921 1
4.68245 1
13.2284 1
5.99037 1
5.81124 1
7.49968 1
6.95995 1
6.45803 1
6.26882 1
1.25911 1
11.6428 1
4.19633 1
0.521721 1
4.65048 1
7.03595 1
6.89686 1
0.580483 1
8.3333 1
1.17775 1
5.06077 1
11.1777 1
-2.85413 1
1.16575 1
8.83694 1
4.3035 1
4.15298 1
11.6026 1
6.18298 1
3.79798 1
4.3807 1
5.93786 1
5.75153 1
-2.1905 1
1.75773 1
5.91717 1
12.6886 1
6.75361 1
5.3496 1
2.96622 1
3.41978 1
9.34923 1
-0.764416 1
2.34342 1
2.6932 1
3.97865 1
5.74608 1
3.33938 1
-3.66148 1
5.47714 1
6.40681 1
5.23664 1
6.3306 1
8.71907 1
4.96379 1
1.19603 1
4.64084 1
8.49985 1
2.26547 1
9.19113 1
5.89501 1
6.01943 1
-1.1928 1
6.57723 1
-1.46916 1
5.87277 1
6.48842 1
4.14272 1
5.21701 1
7.18296 1
3.79362 1
2.92225 1
6.13222 1
3.30752 1
3.43473 1
4.96425 1
2.38695 1
-3.33327 1
5.4549 1
3.64097 1
3.66819 1
7.03738 1
5.51451 1
11.5234 1
7.90053 1
6.41191 1
1.94114 1
0.464001 1
5.48239 1
-2.16527 1
0.732683 1
8.55211 1
5.39483 1
5.03943 1
6.39589 1
9.03606 1
7.33188 1
9.08531 1
7.3206 1
1.63065 1
5.2897 1
7.47658 1
9.24506 1
4.30772 1
9.22096 1
5.17968 1
5.3255 1
7.93715 1
5.97238 1
-2.6095 1
4.8037 1
6.75991 1
3.18646 1
8.67705 1
4.44763 1
3.32722 1
6.3414 1
2.72667 1
5.22147 1
5.65554 1
6.25865 1
12.6474 1
8.30942 1
8.39074 1
5.50985 1
4.13394 1
5.93522 1
3.21064 1
0.857821 1
6.58723 1
-4.49764 1
5.80708 1
1.84215 1
7.2352 1
6.34617 1
2.97092 1
4.09908 1
2.81557 1
4.78594 1
9.07612 1
6.79307 1
4.78615 1
1.84617 1
9.57516 1
8.6303 1
13.3588 1
3.37733 1
6.85881 1
4.83257 1
1.67716 1
6.33779 1
7.31014 1
2.76287 1
5.24049 1
5.82356 1
2.33195 1
6.37459 1
10.0316 1
0.0429878 1
4.188 1
5.49455 1
7.57222 1
0.772639 1
3.93454 1
9.33606 1
2.69762 1
5.3717 1
8.31209 1
5.79757 1
2.25173 1
4.31884 1
3.53404 1
5.20355 1
3.81046 1
11.5456 1
3.13749 1
2.0399 1
4.6175 1
7.02682 1
11.2324 1
7.03753 1
7.33523 1
-1.6361 1
6.7661 1
10.1288 1
3.16078 1
6.90193 1
4.54843 1
5.89128 1
6.22818 1
5.1154 1
2.25902 1
4.82002 1
3.92659 1
4.3512 1
3.98383 1
10.3215 1
5.96008 1
4.95233 1
5.37956 1
0.476242 1
6.65033 1
6.88911 1
3.94296 1
8.28994 1
6.33471 1
3.93434 1
5.70174 1
2.95391 1
6.73792 1
4.09319 1
4.80351 1
5.85805 1
11.6463 1
10.9993 1
-0.563841 1
2.39853 1
1.41254 1
5.96694 1
-2.38768 1
-4.55419 1
6.54809 1
3.95131 1
-0.992079 1
4.6121 1
7.93059 1
2.67376 1
2.98055 1
14.844 1
10.9854 1
3.9097 1
8.74384 1
7.73262 1
3.03498 1
3.96129 1
7.26109 1
4.90583 1
-3.85723 1
6.53583 1
1.61549 1
3.53412 1
-0.0693764 1
2.31264 1
2.3553 1
1.9104 1
6.14501 1
-3.87733 1
5.58156 1
3.35135 1
5.10051 1
4.88453 1
5.69217 1
1.55808 1
2.80864 1
1.67118 1
6.04466 1
-2.81494 1
3.91328 1
7.01629 1
4.91767 1
3.28669 1
4.22855 1
4.17864 1
-1.20229 1
6.58241 1
4.02393 1
4.57143 1
5.72093 1
4.65251 1
6.22956 1
8.59302 1
7.70058 1
11.5979 1
10.0431 1
9.56245 1
7.7 1
11.1529 1
4.31167 1
10.1679 1
5.32567 1
8.39818 1
6.23046 1
5.01419 1
4.19368 1
4.92675 1
7.06369 1
4.96628 1
-2.33165 1
5.93445 1
4.56439 1
4.92354 1
9.50628 1
7.44421 1
2.84915 1
-4.23469 1
-3.83894 1
5.48198 1
8.59555 1
3.66547 1
5.4292 1
5.17675 1
4.79769 1
4.92604 1
6.75722 1
-1.48132 1
4.64217 1
7.62166 1
5.59453 1
5.80061 1
9.073 1
2.75984 1
2.85209 1
9.6294 1
2.11208 1
8.08181 1
4.83266 1
6.6258 1
6.2889 1
6.72853 1
3.07904 1
3.05272 1
8.79108 1
8.28644 1
4.40071 1
4.20749 1
9.4639 1
7.87912 1
4.23925 1
6.23975 1
6.59629 1
2.43708 1
2.44477 1
4.2239 1
2.48607 1
5.25654 1
11.078 1
3.04736 1
12.4854 1
6.65854 1
5.06362 1
11.7332 1
5.65169 1
-0.253774 1
7.14751 1
6.67511 1
2.77167 1
0.625682 1
7.24935 1
5.43889 1
4.5464 1
5.90328 1
6.43279 1
-0.444609 1
3.88057 1
1.45982 1
-1.13651 1
8.55467 1
5.12869 1
5.82558 1
2.5955 1
11.8222 1
7.62595 1
7.20159 1
0.266822 1
4.61946 1
9.47067 1
5.37169 1
3.68123 1
3.35689 1
-3.73701 1
5.44442 1
3.61828 1
2.79918 1
3.53413 1
5.52459 1
4.67938 1
7.61478 1
8.11829 1
5.71774 1
7.13931 1
1.04903 1
4.17876 1
4.46661 1
11.1339 1
6.14924 1
7.26353 1
7.3715 1
4.42716 1
5.32508 1
3.84309 1
11.4997 1
9.56281 1
9.76225 1
4.89424 1
5.40921 1
3.31841 1
-0.697843 1
3.44957 1
4.44896 1
2.67449 1
4.7048 1
5.50755 1
0.838618 1
4.55986 1
6.59175 1
5.16278 1
1.62848 1
5.6007 1
4.00969 1
-1.21389 1
6.33636 1
4.23752 1
5.19673 1
6.8071 1
7.48497 1
3.90953 1
-2.52885 1
5.69285 1
9.01993 1
1.87963 1
3.01509 1
3.73088 1
6.59357 1
6.43239 1
-2.20984 1
1.34077 1
8.63586 1
12.6436 1
0.486036 1
3.62254 1
1.00546 1
7.16543 1
6.31141 1
6.52403 1
7.99111 1
5.78809 1
7.95309 1
5.28201 1
10.5282 1
5.15943 1
7.17202 1
2.20421 1
-1.97091 1
-0.324265 1
4.71914 1
7.86118 1
0.531208 1
5.86393 1
6.15826 1
6.21788 1
3.99343 1
4.9904 1
5.0268 1
1.68946 1
5.25886 1
3.23056 1
8.79812 1
4.50161 1
0.0319782 1
5.25494 1
5.76515 1
0.707795 1
6.2643 1
5.19402 1
4.44228 1
4.08308 1
7.11721 1
3.09648 1
9.49173 1
2.37644 1
8.0966 1
5.70845 1
7.59472 1
7.42938 1
4.22467 1
1.63141 1
8.0729 1
-2.50048 1
6.4152 1
5.24801 1
5.31262 1
2.36161 1
6.66694 1
6.5384 1
3.78526 1
1.74259 1
10.8778 1
8.07709 1
5.82069 1
5.31207 1
6.0414 1
6.2129 1
-1.79974 1
3.00213 1
3.34989 1
6.25314 1
3.69435 1
1.16637 1
3.58441 1
3.756 1
7.73642 1
5.06793 1
-4.2842 1
5.28692 1
-0.455843 1
5.16829 1
4.82588 1
5.08331 1
4.07594 1
2.89885 1
3.51419 1
7.09484 1
4.79961 1
7.52958 1
10.4983 1
8.99545 1
12.3996 1
6.26233 1
5.88968 1
4.15785 1
6.98031 1
5.83522 1
7.2212 1
13.8517 1
-0.629794 1
2.52856 1
5.5241 1
8.83445 1
5.50125 1
9.80489 1
2.71822 1
2.84995 1
5.621 1
3.69254 1
3.93095 1
8.70527 1
9.01096 1
-1.66878 1
4.48576 1
2.51542 1
4.81933 1
3.36121 1
10.4972 1
8.28249 1
-0.347958 1
7.05867 1
2.37717 1
7.54339 1
-0.626991 1
13.7573 1
9.33082 1
-0.569398 1
13.5611 1
5.68525 1
4.46774 1
4.34544 1
6.69259 1
4.48868 1
2.3074 1
7.13328 1
4.66282 1
9.1262 1
4.36181 1
13.5984 1
-2.06586 1
6 1
6.38279 1
7.4737 1
3.61361 1
5.19978 1
4.92985 1
7.11446 1
4.32168 1
8.07987 1
12.6173 1
5.65808 1
14.2089 1
6.42908 1
9.85916 1
9.82606 1
5.20716 1
6.93345 1
1.17766 1
1.8097 1
4.18629 1
4.32601 1
1.71339 1
5.59864 1
7.31132 1
0.635069 1
6.23685 1
5.30534 1
2.63786 1
6.13584 1
6.46266 1
4.85115 1
1.59983 1
3.78496 1
4.51805 1
-0.609875 1
8.49447 1
9.16794 1
9.11848 1
4.88189 1
7.83933 1
4.96233 1
9.024 1
4.63512 1
3.04704 1
2.50026 1
-1.81144 1
3.41196 1
4.01007 1
6.4971 1
8.36071 1
9.27626 1
1.21644 1
-3.09602 1
4.11739 1
4.21052 1
1.47646 1
7.85638 1
6.75232 1
9.37139 1
7.03575 1
9.06218 1
7.00592 1
7.74862 1
3.43865 1
1.11938 1
6.07766 1
5.64795 1
5.52112 1
2.69238 1
0.475969 1
3.23493 1
8.12954 1
9.79385 1
2.27109 1
3.58654 1
-2.12553 1
9.58584 1
-0.418599 1
2.1552 1
6.21922 1
4.58918 1
-0.82108 1
6.56174 1
2.77183 1
9.0871 1
10.1332 1
9.67667 1
5.15244 1
7.79815 1
4.90745 1
3.76421 1
7.35969 1
5.23469 1
5.21777 1
7.94858 1
4.83342 1
11.1254 1
8.67842 1
5.36352 1
-1.1658 1
7.21966 1
-0.0829709 1
4.20726 1
0.631863 1
2.41249 1
9.31096 1
4.51049 1
1.76559 1
5.48124 1
6.09977 1
1.43394 1
4.25009 1
7.57956 1
8.31096 1
4.04722 1
11.2034 1
0.891854 1
7.65018 1
12.0702 1
0.572281 1
5.65069 1
11.6236 1
5.92688 1
2.36251 1
11.1027 1
4.96623 1
0.13461 1
9.4332 1
7.41074 1
0.172873 1
7.95868 1
4.63673 1
7.45425 1
5.95787 1
2.41005 1
4.34184 1
2.51038 1
4.81011 1
9.3541 1
5.837 1
12.3293 1
13.4424 1
2.50797 1
4.82933 1
5.00187 1
2.40097 1
3.9831 1
4.05165 1
2.13758 1
5.69107 1
4.48556 1
5.04483 1
4.68606 1
4.22917 1
-0.245244 1
5.20252 1
2.577 1
6.73319 1
6.431 1
6.27002 1
4.85412 1
8.42678 1
8.04988 1
8.57726 1
8.60815 1
6.52387 1
-0.727151 1
5.18994 1
2.38636 1
6.66369 1
4.61653 1
4.69068 1
1.86894 1
5.89929 1
4.40862 1
5.18938 1
4.08349 1
11.0783 1
8.23361 1
-2.14568 1
4.49938 1
5.33607 1
0.897066 1
12.5914 1
7.54836 1
0.08496 1
7.24951 1
-2.86561 1
5.35929 1
9.09061 1
7.34637 1
5.53643 1
5.03978 1
7.58743 1
8.84381 1
12.6448 1
5.2674 1
5.11765 1
7.57428 1
4.01896 1
7.2714 1
8.9892 1
8.78823 1
-2.38891 1
8.20562 1
2.47283 1
13.0819 1
-2.51899 1
8.00406 1
2.42529 1
5.00866 1
4.08321 1
4.10156 1
7.38552 1
6.5943 1
1.74795 1
4.16348 1
9.77806 1
5.75766 1
2.88895 1
11.7253 1
2.10331 1
3.05209 1
8.95932 1
5.97843 1
6.58832 1
2.3414 1
5.07838 1
7.19672 1
8.31035 1
4.61839 1
5.20119 1
3.63789 1
11.8197 1
-0.825881 1
6.13724 1
6.92965 1
6.3516 1
6.0769 1
13.1922 1
5.85149 1
3.93835 1
4.00978 1
9.66224 1
-0.845225 1
7.84468 1
3.90517 1
4.23181 1
9.85738 1
8.43733 1
4.70555 1
7.02938 1
5.25761 1
-2.20649 1
0.0852031 1
0.0248111 1
0.406495 1
12.5949 1
1.35989 1
11.2096 1
5.04472 1
10.6543 1
4.15274 1
13.0551 1
5.45155 1
4.31835 1
-1.25524 1
0.208543 1
3.6095 1
6.48408 1
6.70317 1
5.60422 1
13.27 1
5.02637 1
7.11981 1
12.2582 1
4.16521 1
5.64385 1
6.77664 1
8.13736 1
4.68508 1
5.10244 1
5.09859 1
6.06145 1
9.03395 1
1.01535 1
4.84362 1
5.94026 1
7.18346 1
10.7677 1
9.87106 1
2.34585 1
-1.58288 1
5.4666 1
8.54576 1
5.24432 1
5.58295 1
3.84418 1
4.84419 1
3.16501 1
8.23878 1
-3.37866 1
7.33854 1
6.24412 1
5.85174 1
5.95871 1
5.73399 1
2.29336 1
3.82735 1
5.93164 1
3.80805 1
6.72736 1
2.42782 1
3.67939 1
8.32645 1
9.74026 1
3.79468 1
4.68315 1
4.34955 1
9.01707 1
0.574937 1
3.94651 1
2.97617 1
5.12312 1
7.40871 1
1.00842 1
4.56701 1
5.29386 1
5.28115 1
7.65029 1
1.82954 1
4.02589 1
5.29056 1
12.9012 1
4.81231 1
5.4463 1
4.63061 1
1.05153 1
-0.73764 1
7.47874 1
-0.347403 1
2.12686 1
8.18782 1
7.53953 1
9.33424 1
7.18989 1
8.53188 1
-3.26953 1
6.05497 1
4.9744 1
5.22729 1
3.71274 1
5.67803 1
6.72415 1
6.71583 1
10.2603 1
4.88129 1
2.35176 1
6.37739 1
-0.624327 1
5.299 1
0.790229 1
8.77939 1
5.60266 1
2.18177 1
7.13651 1
6.86062 1
1.89764 1
8.3792 1
5.16763 1
-0.773745 1
4.29107 1
4.82249 1
13.0596 1
4.05513 1
4.7021 1
9.54403 1
9.05171 1
4.08478 1
4.8853 1
3.54033 1
8.37768 1
3.42162 1
4.1517 1
1.35771 1
-3.01492 1
6.90557 1
7.91351 1
5.62609 1
4.23654 1
14.4481 1
-4.28956 1
6.7442 1
8.43977 1
2.1204 1
5.45649 1
11.4476 1
4.82025 1
11.942 1
5.06413 1
5.44583 1
6.26139 1
4.6932 1
3.65649 1
2.44128 1
-1.08875 1
1.00537 1
4.85238 1
-2.40713 1
9.24312 1
3.64121 1
7.78244 1
-3.70499 1
3.15931 1
7.60618 1
7.28705 1
4.39192 1
14.523 1
3.61987 1
4.37202 1
7.64187 1
0.246586 1
