102.966 1.5729 7.42578 -0.937808 0.438901 0.0361 0.6271 2.77 1.38251 0.568952 3 1.38251 1.38251 1.38251 
102.966 1.5729 7.42578 -0.937808 0.52171 0.4356 0.8599 2.03 1.61811 3.33369 3 1.61811 nan 1.61811 
102.966 1.5729 7.42578 -0.937808 0.439065 0.0196 0.8599 2.75 1.41724 -0.170457 3 1.41724 1.41724 1.41724 
102.966 1.5729 7.42578 -0.937808 0.483349 0.1681 1.1091 2.75 1.37993 -1.25699 3 1.37993 -nan(ind) 1.37993 
102.966 1.5729 7.42578 -0.937808 0.438402 0.0225 0.7489 2.69 1.45514 0.352761 3 1.45514 nan 1.45514 
102.966 1.5729 7.42578 -0.937808 0.488713 0.5329 0.9479 3.04 1.11801 1.08574 3 1.11801 -nan(ind) 1.11801 
102.966 1.5729 7.42578 -0.937808 0.447997 0.0576 0.8571 3.02 1.20823 -0.775144 3 1.20823 nan 1.20823 
102.966 1.5729 7.42578 -0.937808 0.438914 0.0324 0.712 2.75 1.40316 0.302693 3 1.40316 1.40316 1.40316 
102.966 1.5729 7.42578 -0.937808 0.457132 0.0961 0.907 2.59 1.48285 0.100976 3 1.48285 nan 1.48285 
102.966 1.5729 7.42578 -0.937808 0.439602 0.0121 1.0859 2.53 1.58465 -1.10682 3 1.58465 nan 1.58465 
102.966 1.5729 7.42578 -0.937808 0.441337 0.0625 0.758 3.09 1.1512 -0.508442 3 1.1512 nan 1.1512 
102.966 1.5729 7.42578 -0.937808 0.441253 0.0484 0.8791 3.29 1.02577 -1.24274 3 1.02577 nan 1.02577 
102.966 1.5729 7.42578 -0.937808 0.439675 0.04 0.758 2.8 1.36425 0.0390535 3 1.36425 nan 1.36425 
102.966 1.5729 7.42578 -0.937808 0.440275 0.0361 0.679 2.99 1.23021 -0.128778 3 1.23021 nan 1.23021 
102.966 1.5729 7.42578 -0.937808 0.453182 0.0441 1.1891 3.15 1.13974 -4.83329 3 1.13974 nan 1.13974 
102.966 1.5729 7.42578 -0.937808 0.438621 0.0225 0.862 2.99 1.24399 -0.743899 3 1.24399 nan 1.24399 
102.966 1.5729 7.42578 -0.937808 0.438414 0.0225 0.497 3.07 1.17706 0.352825 3 1.17706 1.17706 1.17706 
102.966 1.5729 7.42578 -0.937808 0.437649 0.0289 0.627 2.88 1.31094 0.286095 3 1.31094 nan 1.31094 
102.966 1.5729 7.42578 -0.937808 0.455706 0.0256 0.8377 2.63 1.49869 0.266148 3 1.49869 nan 1.49869 
102.966 1.5729 7.42578 -0.937808 0.441022 0.0441 0.7961 2.9 1.29378 -0.299293 3 1.29378 -nan(ind) 1.29378 
102.966 1.5729 7.42578 -0.937808 0.437919 0.0196 0.8171 2.32 1.72427 1.36762 3 1.72427 nan 1.72427 
102.966 1.5729 7.42578 -0.937808 0.447236 0.0256 1.048 2.57 1.54731 -0.806626 3 1.54731 nan 1.54731 
102.966 1.5729 7.42578 -0.937808 0.438941 0.0361 0.682 2.77 1.38484 0.348586 3 1.38484 1.38484 1.38484 
102.966 1.5729 7.42578 -0.937808 0.43766 0.0144 0.8119 2.71 1.4487 0.127631 3 1.4487 nan 1.4487 
102.966 1.5729 7.42578 -0.937808 0.438621 0.04 0.5709 2.62 1.48132 1.39505 3 1.48132 -nan(ind) 1.48132 
102.966 1.5729 7.42578 -0.937808 0.442252 0.0144 0.972 2.61 1.52368 -0.305323 3 1.52368 -nan(ind) 1.52368 
102.966 1.5729 7.42578 -0.937808 0.443375 0.09 0.933 2.98 1.22948 -1.11298 3 1.22948 nan 1.22948 
102.966 1.5729 7.42578 -0.937808 0.437193 0.0324 0.656 2.66 1.46441 0.743536 3 1.46441 nan 1.46441 
102.966 1.5729 7.42578 -0.937808 0.438376 0.0225 0.5771 2.89 1.30772 0.493695 3 1.30772 -nan(ind) 1.30772 
102.966 1.5729 7.42578 -0.937808 0.43618 0.01 0.696 2.81 1.37819 0.242256 3 1.37819 nan 1.37819 
102.966 1.5729 7.42578 -0.937808 0.437603 0.0121 0.9329 2.92 1.30043 -1.06752 3 1.30043 1.30043 1.30043 
102.966 1.5729 7.42578 -0.937808 0.441253 0.0121 0.8301 2.93 1.29175 -0.455002 3 1.29175 nan 1.29175 
102.966 1.5729 7.42578 -0.937808 0.438793 0.0169 0.9231 2.52 1.58564 0.35034 3 1.58564 -nan(ind) 1.58564 
102.966 1.5729 7.42578 -0.937808 0.444391 0.0324 0.8299 2.66 1.47148 0.177758 3 1.47148 -nan(ind) 1.47148 
102.966 1.5729 7.42578 -0.937808 0.436606 0.0121 0.7231 2.91 1.30456 -0.056334 3 1.30456 -nan(ind) 1.30456 
102.966 1.5729 7.42578 -0.937808 0.438941 0.0324 0.754 2.89 1.30598 -0.134197 3 1.30598 1.30598 1.30598 
102.966 1.5729 7.42578 -0.937808 0.437501 0.0784 0.1969 2.9 1.22171 9.92418 3 1.22171 1.22171 1.22171 
102.966 1.5729 7.42578 -0.937808 0.438517 0.1521 0.3191 3.11 1.03317 2.16258 3 1.03317 nan 1.03317 
102.966 1.5729 7.42578 -0.937808 0.434503 0.2025 0.0399 3.44 0.74698 9.34551 3 0.74698 -nan(ind) 0.74698 
102.966 1.5729 7.42578 -0.937808 0.438714 0.0144 1.2006 2.76 1.41943 -5.39101 3 1.41943 -nan(ind) 1.41943 
102.966 1.5729 7.42578 -0.937808 0.458356 0.2601 0.7731 2.86 1.21495 0.32724 3 1.21495 nan 1.21495 
102.966 1.5729 7.42578 -0.937808 0.463709 0.0256 0.9611 2.51 1.58809 0.178827 3 1.58809 nan 1.58809 
102.966 1.5729 7.42578 -0.937808 0.453708 0.0169 0.8161 2.79 1.38978 -0.0903049 3 1.38978 -nan(ind) 1.38978 
102.966 1.5729 7.42578 -0.937808 0.444014 0.0576 0.6019 2.59 1.48626 1.25664 3 1.48626 1.48626 1.48626 
102.966 1.5729 7.42578 -0.937808 0.437087 0.0361 0.5459 3.62 0.78182 -0.926081 3 0.78182 -nan(ind) 0.78182 
102.966 1.5729 7.42578 -0.937808 0.437389 0.0484 0.7232 4.04 0.497593 -0.747429 3 0.497593 0.497593 0.497593 
102.966 1.5729 7.42578 -0.937808 0.443318 0.1089 0.6011 3.01 1.16526 0.0728703 3 1.16526 nan 1.16526 
102.966 1.5729 7.42578 -0.937808 0.439472 0.0441 0.6489 2.88 1.30007 0.190415 3 1.30007 nan 1.30007 
102.966 1.5729 7.42578 -0.937808 0.441154 0.0784 0.6691 2.84 1.30387 0.209055 3 1.30387 nan 1.30387 
102.966 1.5729 7.42578 -0.937808 0.440107 0.1369 0.3849 2.97 1.14238 1.78763 3 1.14238 1.14238 1.14238 
102.966 1.5729 7.42578 -0.937808 0.437215 0.0484 0.4791 3.4 0.92703 -0.550086 3 0.92703 nan 0.92703 
102.966 1.5729 7.42578 -0.937808 0.436493 0.1225 0.1668 4.95 -0.0766014 -4.31669 1 -0.0766014 
102.966 1.5729 7.42578 -0.937808 0.44197 0.1296 0.3451 3.36 0.896095 0.22557 3 0.896095 -nan(ind) 0.896095 
102.966 1.5729 7.42578 -0.937808 0.439645 0.0529 0.5901 3 1.20723 0.101513 3 1.20723 nan 1.20723 
102.966 1.5729 7.42578 -0.937808 0.439458 0.2704 -0.15 4.84 -0.0738634 -26.9872 1 -0.0738634 
102.966 1.5729 7.42578 -0.937808 0.446453 0.36 -0.3292 6.33 -0.0832141 -63.905 1 -0.0832141 
102.966 1.5729 7.42578 -0.937808 0.441421 0.4761 -0.1146 5.73 -0.0813988 -21.278 1 -0.0813988 
102.966 1.5729 7.42578 -0.937808 0.434584 0.1521 -0.1928 4.82 -0.0727056 -20.3215 1 -0.0727056 
102.966 1.5729 7.42578 -0.937808 0.436742 0.0676 0.1162 5.84 -0.08177 -5.85879 1 -0.08177 
102.966 1.5729 7.42578 -0.937808 0.438661 1.0609 0.1219 5.67 -0.0811776 -5.54107 1 -0.0811776 
102.966 1.5729 7.42578 -0.937808 0.618372 0.0441 0 4.29 0.28961 -1.79997 3 0.28961 0.28961 0.28961 
102.966 1.5729 7.42578 -0.937808 0.444472 0.2601 0.1999 3.83 0.533227 0.0772013 3 0.533227 -nan(ind) 0.533227 
102.966 1.5729 7.42578 -0.937808 0.441779 0.1936 0.5432 3.55 0.786316 -0.473399 3 0.786316 -nan(ind) 0.786316 
102.966 1.5729 7.42578 -0.937808 0.437557 0.0961 0.3056 3.74 0.662114 -1.49393 3 0.662114 -nan(ind) 0.662114 
102.966 1.5729 7.42578 -0.937808 0.440973 0.0841 0.5171 2.9 1.24577 0.734762 3 1.24577 nan 1.24577 
102.966 1.5729 7.42578 -0.937808 0.434439 0.1936 0.035 4.93 -0.0762766 -7.4705 1 -0.0762766 
102.966 1.5729 7.42578 -0.937808 0.43912 0.0529 0.6249 3.01 1.20242 -0.0321821 3 1.20242 1.20242 1.20242 
102.966 1.5729 7.42578 -0.937808 0.439956 0.0361 0.773 2.81 1.36065 -0.0253456 3 1.36065 nan 1.36065 
102.966 1.5729 7.42578 -0.937808 0.44263 0.0841 0.766 3.12 1.12268 -0.557942 3 1.12268 -nan(ind) 1.12268 
102.966 1.5729 7.42578 -0.937808 0.444532 0.0484 0.6769 2.91 1.27801 0.0359812 3 1.27801 nan 1.27801 
102.966 1.5729 7.42578 -0.937808 0.450308 0.2025 0.8213 3.16 1.06968 -0.44023 3 1.06968 nan 1.06968 
102.966 1.5729 7.42578 -0.937808 0.448851 0.0289 1.1269 3.33 1.00916 -3.67097 3 1.00916 nan 1.00916 
102.966 1.5729 7.42578 -0.937808 0.439719 0.0361 0.884 3.46 0.908614 -1.36202 3 0.908614 nan 0.908614 
102.966 1.5729 7.42578 -0.937808 0.439203 0.09 0.6489 4.42 0.249415 -0.422134 3 0.249415 0.249415 0.249415 
102.966 1.5729 7.42578 -0.937808 0.44521 0.0441 0.8781 2.66 1.46535 -0.0197204 3 1.46535 nan 1.46535 
102.966 1.5729 7.42578 -0.937808 0.439719 0.0625 0.5541 2.79 1.34107 0.875149 3 1.34107 -nan(ind) 1.34107 
102.966 1.5729 7.42578 -0.937808 0.440763 0.04 0.8381 2.97 1.24914 -0.598864 3 1.24914 nan 1.24914 
102.966 1.5729 7.42578 -0.937808 0.441071 0.0361 0.9621 2.55 1.55141 -0.0389125 3 1.55141 nan 1.55141 
102.966 1.5729 7.42578 -0.937808 0.443148 0.0529 0.838 2.98 1.23628 -0.618728 3 1.23628 -nan(ind) 1.23628 
102.966 1.5729 7.42578 -0.937808 0.440384 0.0225 0.9031 2.73 1.43079 -0.330285 3 1.43079 nan 1.43079 
102.966 1.5729 7.42578 -0.937808 0.437301 0.0196 0.726 3.03 1.21343 -0.298656 3 1.21343 nan 1.21343 
102.966 1.5729 7.42578 -0.937808 0.437258 0.0256 0.6229 2.82 1.35616 0.465682 3 1.35616 nan 1.35616 
102.966 1.5729 7.42578 -0.937808 0.438517 0.0256 0.8599 3.11 1.15716 -0.937406 3 1.15716 -nan(ind) 1.15716 
102.966 1.5729 7.42578 -0.937808 0.448635 0.0324 0.5949 3.06 1.18042 -0.0347182 3 1.18042 -nan(ind) 1.18042 
102.966 1.5729 7.42578 -0.937808 0.486498 0.3249 1.052 3.23 1.07146 -0.28498 3 1.07146 -nan(ind) 1.07146 
102.966 1.5729 7.42578 -0.937808 0.463197 0.04 1.2671 2.98 1.26211 -6.20595 3 1.26211 -nan(ind) 1.26211 
102.966 1.5729 7.42578 -0.937808 0.451781 0.1024 0.9201 3.45 0.917371 -1.37382 3 0.917371 0.917371 0.917371 
102.966 1.5729 7.42578 -0.937808 0.444715 0.09 0.8261 2.98 1.21907 -0.535956 3 1.21907 -nan(ind) 1.21907 
102.966 1.5729 7.42578 -0.937808 0.489886 0.1225 1.091 2.85 1.32567 -1.60282 3 1.32567 nan 1.32567 
102.966 1.5729 7.42578 -0.937808 0.451387 0.2601 0.7031 3.29 0.955987 -0.147938 3 0.955987 -nan(ind) 0.955987 
102.966 1.5729 7.42578 -0.937808 0.454467 0.1156 0.6968 3.27 1.00667 -0.578501 3 1.00667 nan 1.00667 
102.966 1.5729 7.42578 -0.937808 0.447077 0.2025 0.3447 2.45 1.39472 6.40523 3 1.39472 -nan(ind) 1.39472 
102.966 1.5729 7.42578 -0.937808 0.458294 0.1369 0.9721 3.14 1.12061 -1.33465 3 1.12061 nan 1.12061 
102.966 1.5729 7.42578 -0.937808 0.458574 1.1449 0.5398 4.35 0.419026 2.16569 3 0.419026 -nan(ind) 0.419026 
102.966 1.5729 7.42578 -0.937808 0.469863 0.16 0.912 2.94 1.23248 -0.604476 3 1.23248 nan 1.23248 
102.966 1.5729 7.42578 -0.937808 0.445737 0.1681 0.5179 3.15 1.03265 0.163377 3 1.03265 nan 1.03265 
102.966 1.5729 7.42578 -0.937808 0.444093 0.1089 0.5509 2.73 1.34101 1.09164 3 1.34101 nan 1.34101 
102.966 1.5729 7.42578 -0.937808 0.439926 0.0289 0.81 2.98 1.24644 -0.492184 3 1.24644 nan 1.24644 
102.966 1.5729 7.42578 -0.937808 0.474291 0.0576 1.324 2.82 1.37588 -6.89973 3 1.37588 nan 1.37588 
102.966 1.5729 7.42578 -0.937808 0.481594 0.7225 0.686 3.71 0.708281 1.18246 3 0.708281 -nan(ind) 0.708281 
102.966 1.5729 7.42578 -0.937808 0.438351 0.0324 0.5939 3.39 0.947011 -0.642467 3 0.947011 -nan(ind) 0.947011 
102.966 1.5729 7.42578 -0.937808 0.443261 0.1156 0.6771 2.89 1.24779 0.111115 3 1.24779 -nan(ind) 1.24779 
102.966 1.5729 7.42578 -0.937808 0.442377 0.1936 0.2907 3.05 1.03514 3.35619 3 1.03514 -nan(ind) 1.03514 
102.966 1.5729 7.42578 -0.937808 0.436597 0.0196 0.4331 2.94 1.27098 1.41414 3 1.27098 -nan(ind) 1.27098 
102.966 1.5729 7.42578 -0.937808 0.437707 0.0729 0.3509 3.44 0.87719 -0.337289 3 0.87719 nan 0.87719 
102.966 1.5729 7.42578 -0.937808 0.436311 0.0169 0.6839 3.56 0.833218 -0.805808 3 0.833218 nan 0.833218 
102.966 1.5729 7.42578 -0.937808 0.448659 0.16 0.7611 3.53 0.842681 -0.729383 3 0.842681 -nan(ind) 0.842681 
102.966 1.5729 7.42578 -0.937808 0.471928 0.3136 0.832 3.21 1.02433 -0.0524417 3 1.02433 -nan(ind) 1.02433 
102.966 1.5729 7.42578 -0.937808 0.445737 0.0961 0.5871 3.84 0.62634 -0.938458 3 0.62634 nan 0.62634 
102.966 1.5729 7.42578 -0.937808 0.481811 0.0784 0.7469 2.68 1.42279 0.439912 3 1.42279 nan 1.42279 
102.966 1.5729 7.42578 -0.937808 0.45194 0.2025 0.7109 3.35 0.936092 -0.418841 3 0.936092 -nan(ind) 0.936092 
102.966 1.5729 7.42578 -0.937808 0.466947 0.3844 0.604 3.35 0.871753 0.387839 3 0.871753 0.871753 0.871753 
102.966 1.5729 7.42578 -0.937808 0.470927 0.1764 1.0179 3.73 0.763001 -0.957406 3 0.763001 -nan(ind) 0.763001 
102.966 1.5729 7.42578 -0.937808 0.467564 0.1681 1.007 3.69 0.784091 -1.0869 3 0.784091 0.784091 0.784091 
102.966 1.5729 7.42578 -0.937808 0.444613 0.1156 0.5991 2.89 1.23843 0.373825 3 1.23843 -nan(ind) 1.23843 
102.966 1.5729 7.42578 -0.937808 0.441354 0.0676 0.7478 3.26 1.03293 -0.694279 3 1.03293 nan 1.03293 
102.966 1.5729 7.42578 -0.937808 0.446497 0.1849 0.7201 3.57 0.809144 -0.603871 3 0.809144 -nan(ind) 0.809144 
102.966 1.5729 7.42578 -0.937808 0.45165 0.2916 0.5658 2.97 1.08779 0.784678 3 1.08779 nan 1.08779 
102.966 1.5729 7.42578 -0.937808 0.450283 0.1764 0.864 3.65 0.786617 -0.846048 3 0.786617 -nan(ind) 0.786617 
102.966 1.5729 7.42578 -0.937808 0.44171 0.0729 0.7689 3.24 1.04646 -0.722381 3 1.04646 nan 1.04646 
102.966 1.5729 7.42578 -0.937808 0.445504 0.1444 0.9122 4.87 0.029243 2.49451 3 0.029243 -0.0745365 0.029243 
102.966 1.5729 7.42578 -0.937808 0.444152 0.0576 0.8262 3.25 1.04828 -0.945527 3 1.04828 -nan(ind) 1.04828 
102.966 1.5729 7.42578 -0.937808 0.441917 0.2304 0.5845 4.76 0.0936503 0.347517 3 0.0936503 0.0936503 0.0936503 
102.966 1.5729 7.42578 -0.937808 0.440827 0.0625 0.7021 2.94 1.24945 -0.102183 3 1.24945 -nan(ind) 1.24945 
102.966 1.5729 7.42578 -0.937808 0.439203 0.0289 0.668 3.16 1.11401 -0.397623 3 1.11401 nan 1.11401 
102.966 1.5729 7.42578 -0.937808 0.439837 0.0324 0.819 3.03 1.2097 -0.618173 3 1.2097 nan 1.2097 
102.966 1.5729 7.42578 -0.937808 0.438504 0.0576 0.613 4.17 0.403581 -0.823414 3 0.403581 -nan(ind) 0.403581 
102.966 1.5729 7.42578 -0.937808 0.444112 0.4356 0.3531 3.17 0.856617 2.64787 3 0.856617 0.856617 0.856617 
102.966 1.5729 7.42578 -0.937808 0.452963 0.1681 0.5788 3.89 0.591643 -0.759079 3 0.591643 0.591643 0.591643 
102.966 1.5729 7.42578 -0.937808 0.446652 0.2025 0.4323 3.57 0.751171 -0.379498 3 0.751171 -nan(ind) 0.751171 
102.966 1.5729 7.42578 -0.937808 0.449707 0.1444 0.872 3.38 0.954191 -1.0016 3 0.954191 nan 0.954191 
102.966 1.5729 7.42578 -0.937808 0.460123 0.1089 0.8621 2.01 1.84796 2.60064 3 1.84796 nan 1.84796 
102.966 1.5729 7.42578 -0.937808 0.444858 0.1225 0.4209 3.83 0.610174 -1.16889 3 0.610174 nan 0.610174 
102.966 1.5729 7.42578 -0.937808 0.448851 0.0324 0.911 2.62 1.50301 -0.0186423 3 1.50301 nan 1.50301 
102.966 1.5729 7.42578 -0.937808 0.43933 0.0225 0.8581 2.57 1.54379 0.379045 3 1.54379 -0.806218 1.54379 
102.966 1.5729 7.42578 -0.937808 0.458109 0.2809 0.795 3.36 0.936398 -0.251198 3 0.936398 nan 0.936398 
102.966 1.5729 7.42578 -0.937808 0.442558 0.1296 0.4709 3.25 0.983043 -0.0314228 3 0.983043 nan 0.983043 
102.966 1.5729 7.42578 -0.937808 0.440699 0.0576 0.2752 2.84 1.29299 6.08732 3 1.29299 -nan(ind) 1.29299 
102.966 1.5729 7.42578 -0.937808 0.44062 0.09 0.6251 3.69 0.729473 -0.858355 3 0.729473 -nan(ind) 0.729473 
102.966 1.5729 7.42578 -0.937808 0.443935 0.0625 0.3799 3.38 0.926939 -0.206595 3 0.926939 -nan(ind) 0.926939 
102.966 1.5729 7.42578 -0.937808 0.464746 0.1444 0.7891 3.2 1.05585 -0.639504 3 1.05585 nan 1.05585 
102.966 1.5729 7.42578 -0.937808 0.442005 0.1764 0.6489 3.45 0.869619 -0.492212 3 0.869619 -nan(ind) 0.869619 
102.966 1.5729 7.42578 -0.937808 0.454099 0.0441 0.99 2.48 1.597 0.106975 3 1.597 nan 1.597 
102.966 1.5729 7.42578 -0.937808 0.447671 0.1849 0.6501 3.52 0.826466 -0.535166 3 0.826466 nan 0.826466 
102.966 1.5729 7.42578 -0.937808 0.463606 0.1849 0.5021 3.29 0.940341 -0.043039 3 0.940341 nan 0.940341 
102.966 1.5729 7.42578 -0.937808 0.437895 0.0289 0.746 3.43 0.925341 -0.823881 3 0.925341 nan 0.925341 
102.966 1.5729 7.42578 -0.937808 0.458823 0.3249 0.82 3.24 1.00181 -0.0115643 3 1.00181 nan 1.00181 
102.966 1.5729 7.42578 -0.937808 0.454071 0.3249 0.6089 2.81 1.17035 1.06622 3 1.17035 nan 1.17035 
102.966 1.5729 7.42578 -0.937808 0.442943 0.1444 0.3569 3.9 0.552539 -1.3632 3 0.552539 0.552539 0.552539 
102.966 1.5729 7.42578 -0.937808 0.447533 0.1296 0.6 3.08 1.10914 -0.0348329 3 1.10914 nan 1.10914 
102.966 1.5729 7.42578 -0.937808 0.438402 0.0784 0.399 2.53 1.48728 4.35867 3 1.48728 -nan(ind) 1.48728 
102.966 1.5729 7.42578 -0.937808 0.438887 0.04 0.4591 2.96 1.23832 0.993105 3 1.23832 nan 1.23832 
102.966 1.5729 7.42578 -0.937808 0.439986 0.04 0.4371 2.45 1.59412 4.13747 3 1.59412 -nan(ind) 1.59412 
102.966 1.5729 7.42578 -0.937808 0.442022 0.0961 0.6472 3.55 0.823083 -0.775971 3 0.823083 -nan(ind) 0.823083 
102.966 1.5729 7.42578 -0.937808 0.440183 0.0625 0.4998 3.54 0.826067 -0.825908 3 0.826067 0.826067 0.826067 
102.966 1.5729 7.42578 -0.937808 0.447487 0.5329 0.4008 3.81 0.554423 1.0951 3 0.554423 -nan(ind) 0.554423 
102.966 1.5729 7.42578 -0.937808 0.436311 0.0081 0.5058 3.09 1.17449 0.281667 3 1.17449 nan 1.17449 
102.966 1.5729 7.42578 -0.937808 0.448948 0.1681 0.747 2.97 1.18161 -0.107112 3 1.18161 -nan(ind) 1.18161 
102.966 1.5729 7.42578 -0.937808 0.446321 0.6889 0.325 2.96 0.844719 5.17553 3 0.844719 0.844719 0.844719 
102.966 1.5729 7.42578 -0.937808 0.435413 0.0064 0.758 3.26 1.0541 -0.670289 3 1.0541 1.0541 1.0541 
102.966 1.5729 7.42578 -0.937808 0.496581 0.1369 0.9099 2.42 1.57417 0.782566 3 1.57417 nan 1.57417 
102.966 1.5729 7.42578 -0.937808 0.446256 0.0784 0.633 3.29 0.999746 -0.542235 3 0.999746 -nan(ind) 0.999746 
102.966 1.5729 7.42578 -0.937808 0.435355 0.0676 0.44 4.44 0.209906 -1.19703 3 0.209906 0.209906 0.209906 
102.966 1.5729 7.42578 -0.937808 0.436004 0.0625 0.5571 4.09 0.455323 -1.02313 3 0.455323 -nan(ind) 0.455323 
102.966 1.5729 7.42578 -0.937808 0.541981 1.3456 1.0709 4.44 0.694173 6.22509 3 0.694173 nan 0.694173 
102.966 1.5729 7.42578 -0.937808 0.450056 0.09 0.734 3.15 1.09797 -0.533549 3 1.09797 -nan(ind) 1.09797 
102.966 1.5729 7.42578 -0.937808 0.439866 0.0441 0.6242 3.32 0.99254 -0.576679 3 0.99254 nan 0.99254 
102.966 1.5729 7.42578 -0.937808 0.455298 0.1936 0.675 2.6 1.37944 1.00273 3 1.37944 -nan(ind) 1.37944 
102.966 1.5729 7.42578 -0.937808 0.444961 0.0361 0.58 2.75 1.39503 0.896887 3 1.39503 1.39503 1.39503 
102.966 1.5729 7.42578 -0.937808 0.462387 0.1225 0.954 2.19 1.73073 1.63666 3 1.73073 nan 1.73073 
102.966 1.5729 7.42578 -0.937808 0.435433 0.3136 -0.0504 2.29 1.26007 96.341 3 1.26007 1.26007 1.26007 
102.966 1.5729 7.42578 -0.937808 0.46771 0.16 0.7919 2.51 1.48 0.858722 3 1.48 nan 1.48 
102.966 1.5729 7.42578 -0.937808 0.440811 0.1156 0.4049 3.44 0.860113 -0.406145 3 0.860113 -nan(ind) 0.860113 
102.966 1.5729 7.42578 -0.937808 0.435407 0.0144 0.5258 3.69 0.737186 -1.00768 3 0.737186 -nan(ind) 0.737186 
102.966 1.5729 7.42578 -0.937808 0.439106 0.0841 0.3319 3.37 0.915558 0.144165 3 0.915558 0.915558 0.915558 
102.966 1.5729 7.42578 -0.937808 0.443896 0.5625 0.1131 3.72 0.473257 7.71002 3 0.473257 0.473257 0.473257 
102.966 1.5729 7.42578 -0.937808 0.436037 0.2704 0.161 3.86 0.502289 0.469752 3 0.502289 0.502289 0.502289 
102.966 1.5729 7.42578 -0.937808 0.449732 0.0256 1.1699 2.97 1.26626 -4.52748 3 1.26626 -nan(ind) 1.26626 
102.966 1.5729 7.42578 -0.937808 0.436475 0.0576 0.3111 3.86 0.595982 -2.05071 3 0.595982 -nan(ind) 0.595982 
102.966 1.5729 7.42578 -0.937808 0.436329 0.04 0.1451 3.89 0.573088 -2.79233 3 0.573088 0.573088 0.573088 
102.966 1.5729 7.42578 -0.937808 0.434366 0.0169 0.015 3.95 0.539208 -1.90514 3 0.539208 0.539208 0.539208 
102.966 1.5729 7.42578 -0.937808 0.435028 0.16 0.1228 5.74 -0.0814323 -5.46764 1 -0.0814323 
102.966 1.5729 7.42578 -0.937808 0.443375 0.1296 0.7639 3.28 1.00399 -0.646691 3 1.00399 nan 1.00399 
102.966 1.5729 7.42578 -0.937808 0.478515 0.1089 1.182 3.02 1.22702 -3.16086 3 1.22702 nan 1.22702 
102.966 1.5729 7.42578 -0.937808 0.43728 0.0324 0.6352 3.35 0.976784 -0.617617 3 0.976784 0.976784 0.976784 
102.966 1.5729 7.42578 -0.937808 0.484462 0.8281 0.9191 4.92 0.356332 4.29551 3 0.356332 -0.0745017 0.356332 
102.966 1.5729 7.42578 -0.937808 0.441154 0.1444 0.4331 3.53 0.794638 -0.575065 3 0.794638 nan 0.794638 
102.966 1.5729 7.42578 -0.937808 0.436953 0.0144 0.4624 3.37 0.966786 -0.40145 3 0.966786 nan 0.966786 
102.966 1.5729 7.42578 -0.937808 0.44313 0.0576 0.728 2.55 1.52182 0.776682 3 1.52182 nan 1.52182 
102.966 1.5729 7.42578 -0.937808 0.439911 0.09 0.5869 3.29 0.990033 -0.455637 3 0.990033 0.990033 0.990033 
102.966 1.5729 7.42578 -0.937808 0.445952 0.09 0.4958 4.33 0.293372 -1.00836 3 0.293372 -nan(ind) 0.293372 
102.966 1.5729 7.42578 -0.937808 0.455211 0.0841 0.9879 2.98 1.23709 -1.46204 3 1.23709 nan 1.23709 
102.966 1.5729 7.42578 -0.937808 0.443017 0.2116 0.3799 3.15 0.982268 1.22409 3 0.982268 -nan(ind) 0.982268 
102.966 1.5729 7.42578 -0.937808 0.459327 0.0841 1.0711 2.95 1.2648 -2.1966 3 1.2648 nan 1.2648 
102.966 1.5729 7.42578 -0.937808 0.445973 0.1444 0.7149 3.21 1.03699 -0.443984 3 1.03699 1.03699 1.03699 
102.966 1.5729 7.42578 -0.937808 0.441693 0.0625 0.873 3.13 1.13209 -1.02426 3 1.13209 nan 1.13209 
102.966 1.5729 7.42578 -0.937808 0.467346 0.1521 0.9631 3.73 0.749095 -1.04983 3 0.749095 0.749095 0.749095 
102.966 1.5729 7.42578 -0.937808 0.445398 0.1156 0.668 2.99 1.18264 -0.0628928 3 1.18264 1.18264 1.18264 
102.966 1.5729 7.42578 -0.937808 0.440715 0.0676 0.46 3.68 0.726298 -1.0584 3 0.726298 0.726298 0.726298 
102.966 1.5729 7.42578 -0.937808 0.442005 0.1225 0.466 3.03 1.12663 0.660402 3 1.12663 nan 1.12663 
102.966 1.5729 7.42578 -0.937808 0.44374 0.0576 0.5455 3.49 0.865341 -0.757366 3 0.865341 nan 0.865341 
102.966 1.5729 7.42578 -0.937808 0.444512 0.2025 0.656 3.54 0.812601 -0.481252 3 0.812601 0.812601 0.812601 
102.966 1.5729 7.42578 -0.937808 0.44313 0.1089 0.4099 4.17 0.391241 -1.45859 3 0.391241 nan 0.391241 
102.966 1.5729 7.42578 -0.937808 0.438504 0.0225 0.4356 3.28 1.02547 -0.0481879 3 1.02547 nan 1.02547 
102.966 1.5729 7.42578 -0.937808 0.441987 0.0676 0.3721 3.18 1.05861 0.758123 3 1.05861 -nan(ind) 1.05861 
102.966 1.5729 7.42578 -0.937808 0.453155 0.0361 0.8248 3.33 0.997669 -1.04055 3 0.997669 0.997669 0.997669 
102.966 1.5729 7.42578 -0.937808 0.451075 0.1024 1.0151 3.36 0.986559 -2.01406 3 0.986559 nan 0.986559 
102.966 1.5729 7.42578 -0.937808 0.440811 0.0484 0.4052 3.87 0.597516 -1.48065 3 0.597516 -nan(ind) 0.597516 
102.966 1.5729 7.42578 -0.937808 0.43641 0.0225 0.7209 3.33 0.997408 -0.680517 3 0.997408 -nan(ind) 0.997408 
102.966 1.5729 7.42578 -0.937808 0.441337 0.0676 0.136 3.23 1.00666 7.20923 3 1.00666 1.00666 1.00666 
102.966 1.5729 7.42578 -0.937808 0.439189 0.0324 0.925 3.07 1.1855 -1.32341 3 1.1855 nan 1.1855 
102.966 1.5729 7.42578 -0.937808 0.446942 0.5776 0.3151 2.7 0.994597 6.55173 3 0.994597 nan 0.994597 
102.966 1.5729 7.42578 -0.937808 0.439529 0.0529 0.197 3.45 0.873226 1.44651 3 0.873226 0.873226 0.873226 
102.966 1.5729 7.42578 -0.937808 0.471426 0.09 0.7469 2.72 1.38687 0.310398 3 1.38687 -nan(ind) 1.38687 
102.966 1.5729 7.42578 -0.937808 0.441421 0.09 0.6899 3.29 1.00036 -0.591548 3 1.00036 nan 1.00036 
102.966 1.5729 7.42578 -0.937808 0.452854 0.1681 0.6009 3.37 0.913308 -0.414974 3 0.913308 -nan(ind) 0.913308 
102.966 1.5729 7.42578 -0.937808 0.443663 0.1156 0.703 3.54 0.832799 -0.767594 3 0.832799 nan 0.832799 
102.966 1.5729 7.42578 -0.937808 0.442558 0.1024 0.809 3.24 1.04208 -0.797406 3 1.04208 nan 1.04208 
102.966 1.5729 7.42578 -0.937808 0.444192 0.0841 0.742 2.62 1.45349 0.528082 3 1.45349 nan 1.45349 
102.966 1.5729 7.42578 -0.937808 0.440077 0.1764 0.2229 2.96 1.08955 7.02108 3 1.08955 1.08955 1.08955 
102.966 1.5729 7.42578 -0.937808 0.448803 0.3844 0.32 3.03 0.939541 3.61497 3 0.939541 nan 0.939541 
102.966 1.5729 7.42578 -0.937808 0.438376 0.1296 0.28 4.21 0.34852 -2.55253 3 0.34852 0.34852 0.34852 
102.966 1.5729 7.42578 -0.937808 0.43438 0.0121 -0.0201 5.03 -0.0776149 -9.79012 1 -0.0776149 
102.966 1.5729 7.42578 -0.937808 0.442005 0.2601 0.3981 3.52 0.753194 0.125286 3 0.753194 nan 0.753194 
102.966 1.5729 7.42578 -0.937808 0.436587 0.0841 0.4511 4.57 0.128721 -0.908726 3 0.128721 0.128721 0.128721 
102.966 1.5729 7.42578 -0.937808 0.439231 0.1369 0.4581 3.61 0.750574 -0.763131 3 0.750574 nan 0.750574 
102.966 1.5729 7.42578 -0.937808 0.44619 0.0049 0.5901 3.23 1.07558 -0.34307 3 1.07558 nan 1.07558 
102.966 1.5729 7.42578 -0.937808 0.439386 0.0961 0.2771 3.26 0.974349 1.65265 3 0.974349 nan 0.974349 
102.966 1.5729 7.42578 -0.937808 0.455269 0.2401 0.771 3.38 0.924748 -0.393241 3 0.924748 nan 0.924748 
102.966 1.5729 7.42578 -0.937808 0.443779 0.0441 0.826 2.86 1.32332 -0.327146 3 1.32332 nan 1.32332 
102.966 1.5729 7.42578 -0.937808 0.437087 0.0196 0.6109 3.39 0.952807 -0.643483 3 0.952807 nan 0.952807 
102.966 1.5729 7.42578 -0.937808 0.436429 0.01 0.4479 3.44 0.91857 -0.547094 3 0.91857 -nan(ind) 0.91857 
102.966 1.5729 7.42578 -0.937808 0.43625 0.0196 0.5041 3.53 0.849977 -0.81308 3 0.849977 nan 0.849977 
102.966 1.5729 7.42578 -0.937808 0.438543 0.0144 0.5705 3.47 0.8966 -0.725362 3 0.8966 -nan(ind) 0.8966 
102.966 1.5729 7.42578 -0.937808 0.435598 0.0081 0.57 2.92 1.29861 0.478829 3 1.29861 1.29861 1.29861 
102.966 1.5729 7.42578 -0.937808 0.436742 0.0225 0.455 3.53 0.847458 -0.79687 3 0.847458 nan 0.847458 
102.966 1.5729 7.42578 -0.937808 0.442323 0.1444 0.491 3.52 0.809676 -0.595913 3 0.809676 nan 0.809676 
102.966 1.5729 7.42578 -0.937808 0.43886 0.1681 0.3789 3.35 0.885873 0.22079 3 0.885873 -nan(ind) 0.885873 
102.966 1.5729 7.42578 -0.937808 0.435447 0.0081 0.7441 3.37 0.973438 -0.738718 3 0.973438 nan 0.973438 
102.966 1.5729 7.42578 -0.937808 0.438163 0.0121 0.906 2.99 1.24944 -1.00926 3 1.24944 nan 1.24944 
102.966 1.5729 7.42578 -0.937808 0.452854 0.2401 0.7621 3.01 1.13378 0.0240204 3 1.13378 nan 1.13378 
102.966 1.5729 7.42578 -0.937808 0.441796 0.0025 0.494 2.65 1.50093 2.19572 3 1.50093 nan 1.50093 
102.966 1.5729 7.42578 -0.937808 0.437523 0.0064 0.9091 2.77 1.412 -0.457306 3 1.412 -nan(ind) 1.412 
102.966 1.5729 7.42578 -0.937808 0.460059 0.1369 1.1242 3.32 1.02785 -2.62284 3 1.02785 -nan(ind) 1.02785 
102.966 1.5729 7.42578 -0.937808 0.447213 0.09 0.808 3.18 1.08512 -0.768505 3 1.08512 -nan(ind) 1.08512 
102.966 1.5729 7.42578 -0.937808 0.470812 0.2025 0.851 2.83 1.274 -0.00946657 3 1.274 nan 1.274 
102.966 1.5729 7.42578 -0.937808 0.44683 0.0729 0.6681 2.98 1.21394 -0.0887902 3 1.21394 nan 1.21394 
102.966 1.5729 7.42578 -0.937808 0.439852 0.0625 0.448 2.73 1.37444 2.15758 3 1.37444 nan 1.37444 
102.966 1.5729 7.42578 -0.937808 0.465342 0.1089 0.9889 2.68 1.42682 -0.571578 3 1.42682 nan 1.42682 
102.966 1.5729 7.42578 -0.937808 0.466984 0.4356 0.6239 3.31 0.887428 0.571864 3 0.887428 -nan(ind) 0.887428 
102.966 1.5729 7.42578 -0.937808 0.439573 0.1521 0.3709 2.93 1.1529 2.28806 3 1.1529 nan 1.1529 
102.966 1.5729 7.42578 -0.937808 0.436493 0.04 0.254 2.54 1.52215 12.9316 3 1.52215 nan 1.52215 
102.966 1.5729 7.42578 -0.937808 0.436112 0.0169 0.38 2.74 1.41635 3.68516 3 1.41635 1.41635 1.41635 
102.966 1.5729 7.42578 -0.937808 0.445823 0.1681 0.4352 3.71 0.677163 -0.7829 3 0.677163 -nan(ind) 0.677163 
102.966 1.5729 7.42578 -0.937808 0.456861 0.25 0.875 3.16 1.07183 -0.369208 3 1.07183 nan 1.07183 
102.966 1.5729 7.42578 -0.937808 0.443624 0.1225 0.7161 4.21 0.405583 -0.524594 3 0.405583 0.405583 0.405583 
102.966 1.5729 7.42578 -0.937808 0.437367 0.0289 0.633 3.42 0.928537 -0.696131 3 0.928537 -nan(ind) 0.928537 
102.966 1.5729 7.42578 -0.937808 0.455211 0.0784 0.9779 3.08 1.17064 -1.56028 3 1.17064 1.17064 1.17064 
102.966 1.5729 7.42578 -0.937808 0.440876 0.0441 0.8482 3.29 1.02492 -1.08125 3 1.02492 -nan(ind) 1.02492 
102.966 1.5729 7.42578 -0.937808 0.453486 0.0625 1.1021 2.79 1.38062 -2.42316 3 1.38062 1.38062 1.38062 
102.966 1.5729 7.42578 -0.937808 0.436078 0.0121 0.7311 3.32 1.00828 -0.678245 3 1.00828 nan 1.00828 
102.966 1.5729 7.42578 -0.937808 0.447282 0.0576 1.0889 2.61 1.50453 -1.58958 3 1.50453 1.50453 1.50453 
102.966 1.5729 7.42578 -0.937808 0.438325 0.0121 0.936 2.57 1.55352 0.0942245 3 1.55352 1.55352 1.55352 
102.966 1.5729 7.42578 -0.937808 0.438275 0.0256 0.595 3.14 1.12773 -0.205757 3 1.12773 nan 1.12773 
102.966 1.5729 7.42578 -0.937808 0.436578 0.0121 0.7491 3.08 1.18205 -0.427649 3 1.18205 nan 1.18205 
102.966 1.5729 7.42578 -0.937808 0.438874 0.0289 0.6551 2.75 1.40408 0.513636 3 1.40408 1.40408 1.40408 
102.966 1.5729 7.42578 -0.937808 0.444451 0.0676 0.822 2.78 1.36422 -0.130668 3 1.36422 1.36422 1.36422 
102.966 1.5729 7.42578 -0.937808 0.436029 0.01 0.6729 2.71 1.45038 0.574556 3 1.45038 nan 1.45038 
102.966 1.5729 7.42578 -0.937808 0.470317 0.25 0.963 2.84 1.27525 -0.139727 3 1.27525 -nan(ind) 1.27525 
102.966 1.5729 7.42578 -0.937808 0.446674 0.4356 0.4261 4.21 0.382378 0.404514 3 0.382378 0.382378 0.382378 
102.966 1.5729 7.42578 -0.937808 0.436902 0.0225 0.6 2.77 1.39395 0.732233 3 1.39395 -nan(ind) 1.39395 
102.966 1.5729 7.42578 -0.937808 0.439259 0.0361 0.6721 2.6 1.50389 0.850409 3 1.50389 nan 1.50389 
102.966 1.5729 7.42578 -0.937808 0.471503 0.0784 1.0139 2.14 1.80718 1.74735 3 1.80718 nan 1.80718 
102.966 1.5729 7.42578 -0.937808 0.52699 0.4356 1.2561 2.68 1.41243 1.24258 3 1.41243 nan 1.41243 
102.966 1.5729 7.42578 -0.937808 0.436664 0.0144 0.7951 2.98 1.25374 -0.413055 3 1.25374 nan 1.25374 
102.966 1.5729 7.42578 -0.937808 0.447373 0.1296 0.7619 2.62 1.42293 0.518416 3 1.42293 nan 1.42293 
102.966 1.5729 7.42578 -0.937808 0.477056 0.4761 0.8851 3.17 1.03952 0.665287 3 1.03952 -nan(ind) 1.03952 
102.966 1.5729 7.42578 -0.937808 0.460867 0.1296 0.7591 3.04 1.15754 -0.369929 3 1.15754 nan 1.15754 
102.966 1.5729 7.42578 -0.937808 0.447464 0.0576 0.8981 3.37 0.970703 -1.36579 3 0.970703 nan 0.970703 
102.966 1.5729 7.42578 -0.937808 0.437871 0.0196 0.605 3.13 1.13896 -0.201196 3 1.13896 nan 1.13896 
102.966 1.5729 7.42578 -0.937808 0.437236 0.0081 0.975 2.58 1.54963 -0.183535 3 1.54963 nan 1.54963 
102.966 1.5729 7.42578 -0.937808 0.437151 0.0361 0.5321 3.09 1.15355 0.0998829 3 1.15355 -nan(ind) 1.15355 
102.966 1.5729 7.42578 -0.937808 0.437967 0.0361 0.4631 2.9 1.28414 1.22618 3 1.28414 nan 1.28414 
102.966 1.5729 7.42578 -0.937808 0.442234 0.1764 0.5918 3.38 0.901827 -0.374795 3 0.901827 -nan(ind) 0.901827 
102.966 1.5729 7.42578 -0.937808 0.439386 0.0256 0.7721 2.82 1.36081 -0.0321963 3 1.36081 nan 1.36081 
102.966 1.5729 7.42578 -0.937808 0.438212 0.0676 0.6798 4.42 0.241726 -0.36844 3 0.241726 -0.81493 0.241726 
102.966 1.5729 7.42578 -0.937808 0.453736 0.1225 0.954 2.77 1.35734 -0.608798 3 1.35734 -0.810631 1.35734 
102.966 1.5729 7.42578 -0.937808 0.438556 0.0441 0.4691 3.37 0.949718 -0.456145 3 0.949718 nan 0.949718 
102.966 1.5729 7.42578 -0.937808 0.445909 0.1156 0.6611 2.78 1.31707 0.416478 3 1.31707 1.31707 1.31707 
102.966 1.5729 7.42578 -0.937808 0.449732 0.1444 0.727 2.82 1.28314 0.175512 3 1.28314 1.28314 1.28314 
102.966 1.5729 7.42578 -0.937808 0.551911 0.0841 1.733 2.42 1.67732 -15.2752 3 1.67732 nan 1.67732 
102.966 1.5729 7.42578 -0.937808 0.451808 0.1024 0.9261 3.39 0.957259 -1.39902 3 0.957259 nan 0.957259 
102.966 1.5729 7.42578 -0.937808 0.459485 0.0676 0.9161 2.02 1.88917 2.613 3 1.88917 nan 1.88917 
102.966 1.5729 7.42578 -0.937808 0.443242 0.04 1.0039 3.37 0.977039 -2.26578 3 0.977039 -nan(ind) 0.977039 
102.966 1.5729 7.42578 -0.937808 0.435775 0.0144 0.5291 3.14 1.13373 0.0125144 3 1.13373 -nan(ind) 1.13373 
102.966 1.5729 7.42578 -0.937808 0.435767 0.0121 0.5448 3.01 1.22963 0.323655 3 1.22963 nan 1.22963 
102.966 1.5729 7.42578 -0.937808 0.435979 0.0121 0.613 3.03 1.21618 0.00514786 3 1.21618 nan 1.21618 
102.966 1.5729 7.42578 -0.937808 0.435598 0.0081 0.5401 2.8 1.38548 1.07215 3 1.38548 -nan(ind) 1.38548 
102.966 1.5729 7.42578 -0.937808 0.437859 0.0225 0.7251 2.79 1.38308 0.179751 3 1.38308 nan 1.38308 
102.966 1.5729 7.42578 -0.937808 0.437025 0.0196 0.577 2.95 1.26723 0.327852 3 1.26723 nan 1.26723 
102.966 1.5729 7.42578 -0.937808 0.452341 0.2025 0.66 3.1 1.07405 -0.0234766 3 1.07405 -nan(ind) 1.07405 
102.966 1.5729 7.42578 -0.937808 0.450869 0.3969 0.4351 2.87 1.05081 2.3905 3 1.05081 1.05081 1.05081 
102.966 1.5729 7.42578 -0.937808 0.44692 0.2401 0.5821 2.71 1.26305 1.19249 3 1.26305 nan 1.26305 
102.966 1.5729 7.42578 -0.937808 0.473298 0.1936 0.924 2.69 1.37528 0.0526999 3 1.37528 -0.806872 1.37528 
102.966 1.5729 7.42578 -0.937808 0.442961 0.09 0.864 3.15 1.11022 -0.953995 3 1.11022 nan 1.11022 
102.966 1.5729 7.42578 -0.937808 0.4387 0.04 0.607 3.29 1.01443 -0.510853 3 1.01443 -nan(ind) 1.01443 
102.966 1.5729 7.42578 -0.937808 0.444271 0.1764 0.666 3.03 1.12672 0.00414049 3 1.12672 1.12672 1.12672 
102.966 1.5729 7.42578 -0.937808 0.443242 0.2601 0.528 3.42 0.840373 -0.0325756 3 0.840373 -nan(ind) 0.840373 
102.966 1.5729 7.42578 -0.937808 0.477015 0.0676 1.1201 2.78 1.38817 -2.10978 3 1.38817 1.38817 1.38817 
102.966 1.5729 7.42578 -0.937808 0.439778 0.0361 0.6811 3.1 1.15298 -0.333097 3 1.15298 nan 1.15298 
102.966 1.5729 7.42578 -0.937808 0.435563 0.01 0.6401 2.85 1.3485 0.345126 3 1.3485 nan 1.3485 
102.966 1.5729 7.42578 -0.937808 0.435971 0.0049 0.82 3.07 1.19358 -0.650439 3 1.19358 nan 1.19358 
102.966 1.5729 7.42578 -0.937808 0.435634 0.0064 0.7981 2.78 1.40383 0.0126898 3 1.40383 -nan(ind) 1.40383 
102.966 1.5729 7.42578 -0.937808 0.436285 0.01 0.743 2.89 1.32078 -0.0680122 3 1.32078 nan 1.32078 
102.966 1.5729 7.42578 -0.937808 0.434986 0.0064 0.8381 2.88 1.33134 -0.373104 3 1.33134 -nan(ind) 1.33134 
102.966 1.5729 7.42578 -0.937808 0.47611 0.1681 1.1541 3.05 1.20151 -2.32015 3 1.20151 nan 1.20151 
102.966 1.5729 7.42578 -0.937808 0.438212 0.0121 0.584 3.16 1.12182 -0.199438 3 1.12182 -nan(ind) 1.12182 
102.966 1.5729 7.42578 -0.937808 0.444431 0.0324 0.7811 3.17 1.10958 -0.702288 3 1.10958 1.10958 1.10958 
102.966 1.5729 7.42578 -0.937808 0.446278 0.0676 0.715 3.07 1.15959 -0.377667 3 1.15959 -nan(ind) 1.15959 
102.966 1.5729 7.42578 -0.937808 0.450485 0.1521 0.4479 2.61 1.3664 2.69407 3 1.3664 -nan(ind) 1.3664 
102.966 1.5729 7.42578 -0.937808 0.442234 0.0196 1.0099 2.86 1.342 -1.63433 3 1.342 nan 1.342 
102.966 1.5729 7.42578 -0.937808 0.437151 0.0225 0.6611 2.92 1.28852 0.0832787 3 1.28852 -nan(ind) 1.28852 
102.966 1.5729 7.42578 -0.937808 0.440431 0.0225 0.632 2.76 1.40211 0.606483 3 1.40211 1.40211 1.40211 
102.966 1.5729 7.42578 -0.937808 0.440478 0.0441 0.7315 2.79 1.36703 0.138606 3 1.36703 1.36703 1.36703 
102.966 1.5729 7.42578 -0.937808 0.440199 0.0361 0.625 2.37 1.66359 1.92444 3 1.66359 -nan(ind) 1.66359 
102.966 1.5729 7.42578 -0.937808 0.440446 0.0529 0.4599 3.02 1.18561 0.716102 3 1.18561 nan 1.18561 
102.966 1.5729 7.42578 -0.937808 0.437151 0.0289 0.6541 3.18 1.09929 -0.398743 3 1.09929 nan 1.09929 
102.966 1.5729 7.42578 -0.937808 0.437967 0.0144 0.906 2.86 1.3422 -0.711826 3 1.3422 nan 1.3422 
102.966 1.5729 7.42578 -0.937808 0.438351 0.04 0.6861 3.14 1.12302 -0.404831 3 1.12302 -nan(ind) 1.12302 
102.966 1.5729 7.42578 -0.937808 0.436559 0.0196 0.697 3.19 1.09811 -0.475774 3 1.09811 nan 1.09811 
102.966 1.5729 7.42578 -0.937808 0.439386 0.1024 0.6919 2.9 1.2505 0.0295335 3 1.2505 nan 1.2505 
102.966 1.5729 7.42578 -0.937808 0.458823 0.0484 0.8859 2.36 1.67213 1.04022 3 1.67213 nan 1.67213 
102.966 1.5729 7.42578 -0.937808 0.438687 0.0576 0.573 2.66 1.43569 1.19726 3 1.43569 -nan(ind) 1.43569 
102.966 1.5729 7.42578 -0.937808 0.439147 0.0484 0.5809 2.94 1.25144 0.29384 3 1.25144 1.25144 1.25144 
102.966 1.5729 7.42578 -0.937808 0.439529 0.0196 0.7641 2.93 1.28603 -0.229555 3 1.28603 1.28603 1.28603 
102.966 1.5729 7.42578 -0.937808 0.437695 0.0196 0.6431 3.24 1.06104 -0.466737 3 1.06104 -nan(ind) 1.06104 
102.966 1.5729 7.42578 -0.937808 0.439645 0.0361 0.5929 3.24 1.05087 -0.405005 3 1.05087 -nan(ind) 1.05087 
102.966 1.5729 7.42578 -0.937808 0.43729 0.0196 0.7141 3.24 1.0627 -0.576384 3 1.0627 -nan(ind) 1.0627 
102.966 1.5729 7.42578 -0.937808 0.437345 0.0144 0.61 2.97 1.25773 0.153044 3 1.25773 nan 1.25773 
102.966 1.5729 7.42578 -0.937808 0.437014 0.0169 0.372 3.55 0.834049 -0.791211 3 0.834049 -nan(ind) 0.834049 
102.966 1.5729 7.42578 -0.937808 0.43548 0.0121 0.413 2.85 1.34334 2.20995 3 1.34334 nan 1.34334 
102.966 1.5729 7.42578 -0.937808 0.439401 0.1225 0.2321 2.78 1.25509 9.13136 3 1.25509 -nan(ind) 1.25509 
102.966 1.5729 7.42578 -0.937808 0.436635 0.0196 0.746 3.18 1.10643 -0.568733 3 1.10643 1.10643 1.10643 
102.966 1.5729 7.42578 -0.937808 0.434607 0.0676 -0.0552 5.02 -0.0775089 -14.7938 1 -0.0775089 
102.966 1.5729 7.42578 -0.937808 0.441071 0.0441 0.7931 3.02 1.21009 -0.510578 3 1.21009 nan 1.21009 
102.966 1.5729 7.42578 -0.937808 0.437356 0.49 0.216 3.79 0.497689 3.28746 3 0.497689 0.497689 0.497689 
102.966 1.5729 7.42578 -0.937808 0.4382 0.16 0.3762 4.12 0.417366 -1.40594 3 0.417366 nan 0.417366 
102.966 1.5729 7.42578 -0.937808 0.446853 0.3969 0.4708 3.94 0.529471 0.187721 3 0.529471 -nan(ind) 0.529471 
102.966 1.5729 7.42578 -0.937808 0.475906 0.2116 0.9006 4.12 0.51722 -0.108342 3 0.51722 0.51722 0.51722 
102.966 1.5729 7.42578 -0.937808 0.473575 0.8836 0.47 2.41 1.07372 4.46183 3 1.07372 nan 1.07372 
102.966 1.5729 7.42578 -0.937808 0.438126 0.04 0.4812 3.26 1.02949 -0.191682 3 1.02949 nan 1.02949 
102.966 1.5729 7.42578 -0.937808 0.449757 0.6241 0.4271 3.61 0.64035 1.53187 3 0.64035 nan 0.64035 
102.966 1.5729 7.42578 -0.937808 0.44122 0.0625 0.5861 3.18 1.07765 -0.283368 3 1.07765 nan 1.07765 
102.966 1.5729 7.42578 -0.937808 0.439443 0.0441 0.6581 3.19 1.08475 -0.434334 3 1.08475 nan 1.08475 
102.966 1.5729 7.42578 -0.937808 0.439881 0.0625 0.46 3.04 -0.807689 -0.271283 3 1.16401 -0.807689 1.16401 
102.966 1.5729 7.42578 -0.937808 0.436392 0.0361 0.4869 3.22 1.06026 -0.0946293 3 1.06026 1.06026 1.06026 
102.966 1.5729 7.42578 -0.937808 0.437389 0.0441 0.5511 3.35 0.967792 -0.546687 3 0.967792 nan 0.967792 
102.966 1.5729 7.42578 -0.937808 0.444981 0.2809 0.3731 2.68 1.20074 4.05717 3 1.20074 nan 1.20074 
102.966 1.5729 7.42578 -0.937808 0.43874 0.0625 0.712 3.19 1.07961 -0.524542 3 1.07961 nan 1.07961 
102.966 1.5729 7.42578 -0.937808 0.435201 0.0036 0.264 3.01 1.23554 5.57503 3 1.23554 1.23554 1.23554 
102.966 1.5729 7.42578 -0.937808 0.435883 0.0025 0.81 3.01 1.23854 -0.502186 3 1.23854 -nan(ind) 1.23854 
102.966 1.5729 7.42578 -0.937808 0.454184 0.5476 0.411 2.58 1.10495 4.29653 3 1.10495 1.10495 1.10495 
102.966 1.5729 7.42578 -0.937808 0.439515 0.09 0.783 3.81 0.665822 -0.884876 3 0.665822 nan 0.665822 
102.966 1.5729 7.42578 -0.937808 0.436654 0.0289 0.4441 2.68 1.44628 2.60959 3 1.44628 nan 1.44628 
102.966 1.5729 7.42578 -0.937808 0.442539 0.0441 0.6151 3.03 1.19413 -0.0415563 3 1.19413 -0.815955 1.19413 
102.966 1.5729 7.42578 -0.937808 0.440525 0.1024 0.473 3.04 1.13502 0.549842 3 1.13502 nan 1.13502 
102.966 1.5729 7.42578 -0.937808 0.441354 0.1089 0.553 2.92 1.21762 0.485596 3 1.21762 nan 1.21762 
102.966 1.5729 7.42578 -0.937808 0.436606 0.0064 0.7531 2.91 1.30885 -0.130579 3 1.30885 -nan(ind) 1.30885 
102.966 1.5729 7.42578 -0.937808 0.45958 0.1089 0.9129 3.16 1.10527 -1.13556 3 1.10527 -nan(ind) 1.10527 
102.966 1.5729 7.42578 -0.937808 0.440811 0.0576 0.736 3.05 1.17933 -0.387546 3 1.17933 -nan(ind) 1.17933 
102.966 1.5729 7.42578 -0.937808 0.44204 0.0256 0.9089 2.62 1.50735 -0.000452509 3 1.50735 -0.814491 1.50735 
102.966 1.5729 7.42578 -0.937808 0.440635 0.0441 0.7091 2.56 1.52602 0.813663 3 1.52602 1.52602 1.52602 
102.966 1.5729 7.42578 -0.937808 0.444552 0.0961 0.5799 2.8 1.30909 0.691158 3 1.30909 1.30909 1.30909 
102.966 1.5729 7.42578 -0.937808 0.437035 0.0256 0.6739 2.97 1.25102 -0.0630847 3 1.25102 -nan(ind) 1.25102 
102.966 1.5729 7.42578 -0.937808 0.440667 0.1024 0.8531 3.25 1.04035 -0.978536 3 1.04035 nan 1.04035 
102.966 1.5729 7.42578 -0.937808 0.44171 0.0625 0.789 2.61 1.48066 0.410593 3 1.48066 -nan(ind) 1.48066 
102.966 1.5729 7.42578 -0.937808 0.438389 0.0225 0.836 2.77 1.40036 -0.130051 3 1.40036 nan 1.40036 
102.966 1.5729 7.42578 -0.937808 0.445064 0.04 0.922 3.03 1.2112 -1.18098 3 1.2112 -nan(ind) 1.2112 
102.966 1.5729 7.42578 -0.937808 0.437919 0.0289 0.737 2.8 1.37141 0.111933 3 1.37141 1.37141 1.37141 
102.966 1.5729 7.42578 -0.937808 0.453819 0.0625 0.843 2.89 1.29444 -0.463654 3 1.29444 -nan(ind) 1.29444 
102.966 1.5729 7.42578 -0.937808 0.439926 0.0361 0.7959 3.04 1.20001 -0.547927 3 1.20001 nan 1.20001 
102.966 1.5729 7.42578 -0.937808 0.439344 0.0289 0.8 2.82 1.35946 -0.127504 3 1.35946 nan 1.35946 
102.966 1.5729 7.42578 -0.937808 0.4383 0.0361 0.7581 3 1.22644 -0.353794 3 1.22644 1.22644 1.22644 
102.966 1.5729 7.42578 -0.937808 0.43641 0.0324 0.654 4.07 0.469516 -0.804893 3 0.469516 0.469516 0.469516 
102.966 1.5729 7.42578 -0.937808 0.436356 0.0144 0.6399 3.19 1.09963 -0.374168 3 1.09963 -nan(ind) 1.09963 
102.966 1.5729 7.42578 -0.937808 0.437836 0.0196 0.8 3.02 1.22235 -0.510869 3 1.22235 nan 1.22235 
102.966 1.5729 7.42578 -0.937808 0.435996 0.0169 0.6889 3.02 1.22142 -0.183338 3 1.22142 -nan(ind) 1.22142 
102.966 1.5729 7.42578 -0.937808 0.437108 0.0169 0.7641 2.88 1.3236 -0.122324 3 1.3236 1.3236 1.3236 
102.966 1.5729 7.42578 -0.937808 0.435487 0.0225 0.4221 3.09 1.16063 0.794785 3 1.16063 nan 1.16063 
102.966 1.5729 7.42578 -0.937808 0.436922 0.0121 0.7211 2.78 1.39852 0.232088 3 1.39852 nan 1.39852 
102.966 1.5729 7.42578 -0.937808 0.436189 0.0144 0.4439 2.93 1.28364 1.36172 3 1.28364 nan 1.28364 
102.966 1.5729 7.42578 -0.937808 0.435606 0.0081 0.71 3.05 1.20556 -0.270398 3 1.20556 -0.808563 1.20556 
102.966 1.5729 7.42578 -0.937808 0.441624 0.0841 0.77 3.5 0.870092 -0.897071 3 0.870092 nan 0.870092 
102.966 1.5729 7.42578 -0.937808 0.439078 0.0784 0.693 3.85 0.629647 -0.8435 3 0.629647 nan 0.629647 
102.966 1.5729 7.42578 -0.937808 0.45261 0.1296 0.7771 3.44 0.904706 -0.829399 3 0.904706 nan 0.904706 
102.966 1.5729 7.42578 -0.937808 0.440827 0.0576 0.7191 3.15 1.10968 -0.497972 3 1.10968 -nan(ind) 1.10968 
102.966 1.5729 7.42578 -0.937808 0.440715 0.0484 0.702 3.06 1.17521 -0.320268 3 1.17521 nan 1.17521 
102.966 1.5729 7.42578 -0.937808 0.436037 0.0196 0.3909 2.97 1.24846 1.84166 3 1.24846 -nan(ind) 1.24846 
102.966 1.5729 7.42578 -0.937808 0.437367 0.0225 0.6619 3.01 1.22429 -0.107043 3 1.22429 1.22429 1.22429 
102.966 1.5729 7.42578 -0.937808 0.452314 0.1521 0.7864 3.09 1.12066 -0.44396 3 1.12066 -nan(ind) 1.12066 
102.966 1.5729 7.42578 -0.937808 0.437907 0.2304 0.1779 3.69 0.616675 0.89704 3 0.616675 -nan(ind) 0.616675 
102.966 1.5729 7.42578 -0.937808 0.436521 0.0196 0.491 3.04 1.2007 0.499208 3 1.2007 nan 1.2007 
102.966 1.5729 7.42578 -0.937808 0.444735 0.2304 0.5591 3.12 1.02831 0.287485 3 1.02831 -nan(ind) 1.02831 
102.966 1.5729 7.42578 -0.937808 0.435298 0.0225 0.555 3.75 0.693085 -1.01856 3 0.693085 -nan(ind) 0.693085 
102.966 1.5729 7.42578 -0.937808 0.438113 0.0196 0.7699 2.81 1.3721 0.00602673 3 1.3721 -0.81344 1.3721 
102.966 1.5729 7.42578 -0.937808 0.439415 0.0529 0.7199 2.85 1.31847 0.033144 3 1.31847 nan 1.31847 
102.966 1.5729 7.42578 -0.937808 0.440683 0.1225 0.4739 3.51 0.821066 -0.644523 3 0.821066 0.821066 0.821066 
102.966 1.5729 7.42578 -0.937808 0.436811 0.0441 0.5521 2.68 1.43406 1.31494 3 1.43406 nan 1.43406 
102.966 1.5729 7.42578 -0.937808 0.439986 0.0441 0.9199 2.44 1.62029 0.631864 3 1.62029 nan 1.62029 
102.966 1.5729 7.42578 -0.937808 0.436771 0.0121 0.7881 2.87 1.33444 -0.169168 3 1.33444 nan 1.33444 
102.966 1.5729 7.42578 -0.937808 0.437087 0.01 0.849 2.69 1.46704 0.0658285 3 1.46704 nan 1.46704 
102.966 1.5729 7.42578 -0.937808 0.440092 0.2809 0.189 3.23 0.850994 6.00053 3 0.850994 -nan(ind) 0.850994 
102.966 1.5729 7.42578 -0.937808 0.443663 0.1089 0.6119 3.01 1.16658 0.0402078 3 1.16658 nan 1.16658 
102.966 1.5729 7.42578 -0.937808 0.440699 0.1849 0.3651 3.31 0.89914 0.559873 3 0.89914 0.89914 0.89914 
102.966 1.5729 7.42578 -0.937808 0.439866 0.3364 0.3149 3.74 0.590714 0.515357 3 0.590714 nan 0.590714 
102.966 1.5729 7.42578 -0.937808 0.437943 0.0025 0.35 3.85 0.622719 -1.68072 3 0.622719 nan 0.622719 
102.966 1.5729 7.42578 -0.937808 0.435104 0.1024 0.1149 5.06 -0.0779055 -5.92935 1 -0.0779055 
102.966 1.5729 7.42578 -0.937808 0.475947 0.1444 2.267 3.3 1.20117 211.01 3 1.20117 nan 1.20117 
102.966 1.5729 7.42578 -0.937808 0.442795 0.0289 2.382 2.65 1.5338 73.4132 3 1.5338 -0.8172 1.5338 
102.966 1.5729 7.42578 -0.937808 0.483615 0.09 2.264 2.4 1.73993 -8.54973 3 1.73993 nan 1.73993 
102.966 1.5729 7.42578 -0.937808 0.510507 0.1156 2.328 3.14 1.27308 201.277 3 1.27308 -nan(ind) 1.27308 
102.966 1.5729 7.42578 -0.937808 0.439807 0.0289 1.038 2.05 1.91326 3.21882 3 1.91326 -nan(ind) 1.91326 
102.966 1.5729 7.42578 -0.937808 0.47314 0.0576 1.247 3.27 1.06128 -4.40811 3 1.06128 -0.816601 1.06128 
102.966 1.5729 7.42578 -0.937808 0.487231 0.0529 1.58 2.83 1.38342 -16.914 3 1.38342 -nan(ind) 1.38342 
102.966 1.5729 7.42578 -0.937808 0.509956 0.1089 1.373 3.35 1.02986 -3.14009 3 1.02986 1.02986 1.02986 
102.966 1.5729 7.42578 -0.937808 0.476356 0.0361 1.101 0.64 2.90514 21.2899 3 2.90514 nan 2.90514 
102.966 1.5729 7.42578 -0.937808 0.4905 0.0361 1.509 1.68 2.18876 4.49524 3 2.18876 -nan(ind) 2.18876 
102.966 1.5729 7.42578 -0.937808 0.513292 0.0484 1.821 2.34 1.73577 -33.4739 3 1.73577 -nan(ind) 1.73577 
102.966 1.5729 7.42578 -0.937808 0.472747 0.0676 1.35 3.33 1.02974 -5.50862 3 1.02974 nan 1.02974 
102.966 1.5729 7.42578 -0.937808 0.454495 0.0729 0.809 3.12 1.13133 -0.735857 3 1.13133 1.13133 1.13133 
102.966 1.5729 7.42578 -0.937808 0.471195 0.0729 1.153 3.41 0.962271 -2.87137 3 0.962271 -nan(ind) 0.962271 
102.966 1.5729 7.42578 -0.937808 0.447787 0.0441 0.902 3.44 0.923249 -1.41557 3 0.923249 -nan(ind) 0.923249 
102.966 1.5729 7.42578 -0.937808 0.447556 0.0361 1.051 3.67 0.767916 -2.08602 3 0.767916 nan 0.767916 
102.966 1.5729 7.42578 -0.937808 0.55474 0.1225 1.781 3.62 0.897352 31.1971 3 0.897352 nan 0.897352 
102.966 1.5729 7.42578 -0.937808 0.43714 0.0169 0.696 3.35 0.984406 -0.664785 3 0.984406 0.984406 0.984406 
102.966 1.5729 7.42578 -0.937808 0.451231 0.0576 1.082 3.43 0.941376 -2.78418 3 0.941376 -nan(ind) 0.941376 
102.966 1.5729 7.42578 -0.937808 0.49338 0.09 1.388 3.36 1.01928 -3.96124 3 1.01928 nan 1.01928 
102.966 1.5729 7.42578 -0.937808 0.444735 0.0256 0.992 3.15 1.13279 -1.9906 3 1.13279 nan 1.13279 
102.966 1.5729 7.42578 -0.937808 0.455067 0.0441 1.217 3.68 0.771526 -2.34388 3 0.771526 -nan(ind) 0.771526 
102.966 1.5729 7.42578 -0.937808 0.4419 0.0144 1.182 3.32 1.01534 -5.04486 3 1.01534 nan 1.01534 
102.966 1.5729 7.42578 -0.937808 0.524331 0.1296 1.594 3.96 0.666289 23.9761 3 0.666289 -nan(ind) 0.666289 
